       0.10000D+01       0.83883D-05      -0.24534D+00       0.25372D+00       0.18709D-01
       0.20000D+01       0.24088D-04      -0.63244D+00       0.36913D+00       0.17479D-01
       0.30000D+01       0.18962D-04      -0.56313D+00       0.42442D+00       0.14996D-01
       0.40000D+01       0.68554D-04      -0.15242D+00       0.42290D+00       0.15385D-01
       0.50000D+01       0.52208D-04      -0.17249D-01       0.39017D+00       0.14991D-01
       0.60000D+01       0.49091D-04      -0.34763D+00       0.37813D+00       0.14204D-01
       0.70000D+01       0.48944D-04      -0.67016D+00       0.39505D+00       0.12926D-01
       0.80000D+01       0.48863D-04      -0.47306D+00       0.41084D+00       0.20949D-01
       0.90000D+01       0.71446D-04      -0.77135D-01       0.40710D+00       0.20242D-01
       0.10000D+02       0.64689D-04      -0.60944D-01       0.39074D+00       0.20304D-01
       0.11000D+02       0.66682D-04      -0.44675D+00       0.38824D+00       0.20026D-01
       0.12000D+02       0.60171D-04      -0.67408D+00       0.39924D+00       0.18136D-01
       0.13000D+02       0.59775D-04      -0.37480D+00       0.40689D+00       0.18568D-01
       0.14000D+02       0.61213D-04      -0.26689D-01       0.40172D+00       0.18025D-01
       0.15000D+02       0.56984D-04      -0.12999D+00       0.39157D+00       0.18163D-01
       0.16000D+02       0.60023D-04      -0.54049D+00       0.39257D+00       0.17509D-01
       0.17000D+02       0.55777D-04      -0.64635D+00       0.40092D+00       0.17000D-01
       0.18000D+02       0.74833D-04      -0.27273D+00       0.40460D+00       0.17922D-01
       0.19000D+02       0.72010D-04      -0.13846D-02       0.39877D+00       0.17920D-01
       0.20000D+02       0.68219D-04      -0.21877D+00       0.39248D+00       0.17665D-01
       0.21000D+02       0.72116D-04      -0.61618D+00       0.39517D+00       0.17614D-01
       0.22000D+02       0.68171D-04      -0.58420D+00       0.40162D+00       0.17062D-01
       0.23000D+02       0.73586D-04      -0.17605D+00       0.40283D+00       0.16869D-01
       0.24000D+02       0.69861D-04      -0.95773D-02       0.39698D+00       0.16687D-01
       0.25000D+02       0.68627D-04      -0.32003D+00       0.39348D+00       0.16798D-01
       0.26000D+02       0.69376D-04      -0.66372D+00       0.39700D+00       0.16425D-01
       0.27000D+02       0.69196D-04      -0.49887D+00       0.40183D+00       0.17681D-01
       0.28000D+02       0.78545D-04      -0.95241D-01       0.40133D+00       0.17367D-01
       0.29000D+02       0.75322D-04      -0.46686D-01       0.39594D+00       0.17373D-01
       0.30000D+02       0.75630D-04      -0.42023D+00       0.39448D+00       0.17130D-01
       0.31000D+02       0.72906D-04      -0.67578D+00       0.39830D+00       0.16890D-01
       0.32000D+02       0.70753D-04      -0.40162D+00       0.40170D+00       0.17232D-01
       0.33000D+02       0.70188D-04      -0.37838D-01       0.39998D+00       0.17294D-01
       0.34000D+02       0.67782D-04      -0.10897D+00       0.39546D+00       0.17473D-01
       0.35000D+02       0.70436D-04      -0.51641D+00       0.39547D+00       0.17364D-01
       0.36000D+02       0.68287D-04      -0.65757D+00       0.39924D+00       0.17206D-01
       0.37000D+02       0.75641D-04      -0.30056D+00       0.40135D+00       0.17500D-01
       0.38000D+02       0.74929D-04      -0.53960D-02       0.39877D+00       0.17422D-01
       0.39000D+02       0.72906D-04      -0.19324D+00       0.39536D+00       0.17566D-01
       0.40000D+02       0.76204D-04      -0.59796D+00       0.39642D+00       0.17861D-01
       0.41000D+02       0.74362D-04      -0.60363D+00       0.39987D+00       0.17761D-01
       0.42000D+02       0.75038D-04      -0.20081D+00       0.40083D+00       0.17744D-01
       0.43000D+02       0.73059D-04      -0.39299D-02       0.39777D+00       0.17559D-01
       0.44000D+02       0.72051D-04      -0.29216D+00       0.39553D+00       0.17762D-01
       0.45000D+02       0.72993D-04      -0.65449D+00       0.39730D+00       0.17666D-01
       0.46000D+02       0.72628D-04      -0.52380D+00       0.40022D+00       0.17956D-01
       0.47000D+02       0.78510D-04      -0.11514D+00       0.40020D+00       0.17865D-01
       0.48000D+02       0.76634D-04      -0.34297D-01       0.39703D+00       0.17858D-01
       0.49000D+02       0.76153D-04      -0.39357D+00       0.39588D+00       0.17829D-01
       0.50000D+02       0.74677D-04      -0.67549D+00       0.39808D+00       0.17622D-01
       0.51000D+02       0.73208D-04      -0.42823D+00       0.40035D+00       0.17861D-01
       0.52000D+02       0.74357D-04      -0.50779D-01       0.39950D+00       0.18007D-01
       0.53000D+02       0.72961D-04      -0.89592D-01       0.39657D+00       0.18089D-01
       0.54000D+02       0.75287D-04      -0.49117D+00       0.39634D+00       0.18122D-01
       0.55000D+02       0.73610D-04      -0.66594D+00       0.39871D+00       0.17774D-01
       0.56000D+02       0.76656D-04      -0.32838D+00       0.40028D+00       0.17915D-01
       0.57000D+02       0.76561D-04      -0.11690D-01       0.39877D+00       0.17870D-01
       0.58000D+02       0.75017D-04      -0.16882D+00       0.39636D+00       0.18002D-01
       0.59000D+02       0.76137D-04      -0.57802D+00       0.39687D+00       0.18085D-01
       0.60000D+02       0.74569D-04      -0.62130D+00       0.39921D+00       0.17856D-01
       0.61000D+02       0.77422D-04      -0.22667D+00       0.40006D+00       0.17926D-01
       0.62000D+02       0.76233D-04      -0.67940D-03       0.39808D+00       0.17837D-01
       0.63000D+02       0.75231D-04      -0.26442D+00       0.39635D+00       0.17896D-01
       0.64000D+02       0.77109D-04      -0.64243D+00       0.39743D+00       0.17823D-01
       0.65000D+02       0.76489D-04      -0.54747D+00       0.39954D+00       0.18024D-01
       0.66000D+02       0.81781D-04      -0.13661D+00       0.39971D+00       0.18071D-01
       0.67000D+02       0.80334D-04      -0.23667D-01       0.39750D+00       0.18140D-01
       0.68000D+02       0.79932D-04      -0.36666D+00       0.39650D+00       0.18061D-01
       0.69000D+02       0.78971D-04      -0.67314D+00       0.39798D+00       0.17841D-01
       0.70000D+02       0.78322D-04      -0.45471D+00       0.39972D+00       0.19018D-01
       0.71000D+02       0.79443D-04      -0.65616D-01       0.39927D+00       0.19406D-01
       0.72000D+02       0.78099D-04      -0.72055D-01       0.39710D+00       0.19443D-01
       0.73000D+02       0.77788D-04      -0.46517D+00       0.39676D+00       0.19309D-01
       0.74000D+02       0.76450D-04      -0.67159D+00       0.39846D+00       0.19022D-01
       0.75000D+02       0.77068D-04      -0.35586D+00       0.39974D+00       0.19089D-01
       0.76000D+02       0.77369D-04      -0.19912D-01       0.39876D+00       0.18959D-01
       0.77000D+02       0.76174D-04      -0.14553D+00       0.39687D+00       0.19145D-01
       0.78000D+02       0.77094D-04      -0.55648D+00       0.39711D+00       0.19019D-01
       0.79000D+02       0.75806D-04      -0.63689D+00       0.39886D+00       0.18811D-01
       0.80000D+02       0.78531D-04      -0.25352D+00       0.39964D+00       0.18882D-01
       0.81000D+02       0.77716D-04      -0.12666D-03       0.39824D+00       0.18874D-01
       0.82000D+02       0.76783D-04      -0.23724D+00       0.39680D+00       0.18851D-01
       0.83000D+02       0.76621D-04      -0.62777D+00       0.39750D+00       0.18714D-01
       0.84000D+02       0.75917D-04      -0.56965D+00       0.39916D+00       0.18565D-01
       0.85000D+02       0.78682D-04      -0.15942D+00       0.39943D+00       0.18577D-01
       0.86000D+02       0.77571D-04      -0.14744D-01       0.39777D+00       0.18604D-01
       0.87000D+02       0.77262D-04      -0.33936D+00       0.39686D+00       0.18556D-01
       0.88000D+02       0.76997D-04      -0.66850D+00       0.39792D+00       0.18439D-01
       0.89000D+02       0.76618D-04      -0.48090D+00       0.39934D+00       0.19275D-01
       0.90000D+02       0.78167D-04      -0.82390D-01       0.39912D+00       0.19334D-01
       0.91000D+02       0.77129D-04      -0.56448D-01       0.39742D+00       0.19289D-01
       0.92000D+02       0.77196D-04      -0.43878D+00       0.39702D+00       0.19192D-01
       0.93000D+02       0.76195D-04      -0.67481D+00       0.39830D+00       0.18956D-01
       0.94000D+02       0.75773D-04      -0.38291D+00       0.39941D+00       0.19016D-01
       0.95000D+02       0.75940D-04      -0.29864D-01       0.39875D+00       0.18905D-01
       0.96000D+02       0.75002D-04      -0.12350D+00       0.39719D+00       0.18917D-01
       0.97000D+02       0.76278D-04      -0.53338D+00       0.39726D+00       0.18909D-01
       0.98000D+02       0.75231D-04      -0.65002D+00       0.39865D+00       0.18878D-01
       0.99000D+02       0.78277D-04      -0.28109D+00       0.39938D+00       0.18917D-01
       0.10000D+03       0.77829D-04      -0.23296D-02       0.39834D+00       0.18893D-01
       0.10100D+03       0.77043D-04      -0.21097D+00       0.39708D+00       0.18862D-01
       0.10200D+03       0.78234D-04      -0.61088D+00       0.39756D+00       0.18955D-01
       0.10300D+03       0.77251D-04      -0.59023D+00       0.39891D+00       0.18749D-01
       0.10400D+03       0.78489D-04      -0.18339D+00       0.39924D+00       0.18791D-01
       0.10500D+03       0.77614D-04      -0.76473D-02       0.39795D+00       0.18783D-01
       0.10600D+03       0.77239D-04      -0.31165D+00       0.39709D+00       0.18797D-01
       0.10700D+03       0.77076D-04      -0.66124D+00       0.39788D+00       0.18727D-01
       0.10800D+03       0.76921D-04      -0.50649D+00       0.39910D+00       0.19030D-01
       0.10900D+03       0.79232D-04      -0.10105D+00       0.39903D+00       0.18966D-01
       0.11000D+03       0.78385D-04      -0.42763D-01       0.39763D+00       0.18973D-01
       0.11100D+03       0.78622D-04      -0.41222D+00       0.39719D+00       0.18954D-01
       0.11200D+03       0.77865D-04      -0.67590D+00       0.39820D+00       0.18866D-01
       0.11300D+03       0.77134D-04      -0.40965D+00       0.39919D+00       0.18952D-01
       0.11400D+03       0.77133D-04      -0.41542D-01       0.39874D+00       0.18953D-01
       0.11500D+03       0.76450D-04      -0.10295D+00       0.39741D+00       0.19062D-01
       0.11600D+03       0.76611D-04      -0.50891D+00       0.39736D+00       0.18957D-01
       0.11700D+03       0.75783D-04      -0.66039D+00       0.39850D+00       0.18845D-01
       0.11800D+03       0.77827D-04      -0.30896D+00       0.39919D+00       0.18947D-01
       0.11900D+03       0.77674D-04      -0.70692D-02       0.39841D+00       0.18959D-01
       0.12000D+03       0.76928D-04      -0.18577D+00       0.39729D+00       0.18978D-01
       0.12100D+03       0.77981D-04      -0.59213D+00       0.39760D+00       0.19040D-01
       0.12200D+03       0.77143D-04      -0.60915D+00       0.39874D+00       0.18911D-01
       0.12300D+03       0.78525D-04      -0.20849D+00       0.39911D+00       0.18997D-01
       0.12400D+03       0.77861D-04      -0.26817D-02       0.39808D+00       0.18958D-01
       0.12500D+03       0.77409D-04      -0.28377D+00       0.39726D+00       0.19003D-01
       0.12600D+03       0.77830D-04      -0.65115D+00       0.39786D+00       0.18962D-01
       0.12700D+03       0.77548D-04      -0.53108D+00       0.39892D+00       0.19024D-01
       0.12800D+03       0.79971D-04      -0.12145D+00       0.39895D+00       0.19040D-01
       0.12900D+03       0.79228D-04      -0.30915D-01       0.39779D+00       0.19022D-01
       0.13000D+03       0.79045D-04      -0.38550D+00       0.39732D+00       0.18977D-01
       0.13100D+03       0.78531D-04      -0.67500D+00       0.39813D+00       0.18867D-01
       0.13200D+03       0.78002D-04      -0.43622D+00       0.39902D+00       0.18859D-01
       0.13300D+03       0.77998D-04      -0.55045D-01       0.39873D+00       0.18747D-01
       0.13400D+03       0.77295D-04      -0.84111D-01       0.39757D+00       0.18740D-01
       0.13500D+03       0.77661D-04      -0.48340D+00       0.39744D+00       0.18683D-01
       0.13600D+03       0.76923D-04      -0.66792D+00       0.39839D+00       0.18578D-01
       0.13700D+03       0.78111D-04      -0.33670D+00       0.39905D+00       0.18652D-01
       0.13800D+03       0.78217D-04      -0.13976D-01       0.39846D+00       0.18584D-01
       0.13900D+03       0.77533D-04      -0.16168D+00       0.39744D+00       0.18645D-01
       0.14000D+03       0.78684D-04      -0.57170D+00       0.39763D+00       0.18659D-01
       0.14100D+03       0.78013D-04      -0.62623D+00       0.39861D+00       0.18587D-01
       0.14200D+03       0.79950D-04      -0.23466D+00       0.39901D+00       0.18674D-01
       0.14300D+03       0.79404D-04      -0.22067D-03       0.39817D+00       0.18614D-01
       0.14400D+03       0.78910D-04      -0.25615D+00       0.39739D+00       0.18663D-01
       0.14500D+03       0.79122D-04      -0.63827D+00       0.39784D+00       0.18663D-01
       0.14600D+03       0.78725D-04      -0.55431D+00       0.39878D+00       0.18709D-01
       0.14700D+03       0.80112D-04      -0.14335D+00       0.39889D+00       0.18664D-01
       0.14800D+03       0.79533D-04      -0.20799D-01       0.39790D+00       0.18670D-01
       0.14900D+03       0.79354D-04      -0.35849D+00       0.39742D+00       0.18631D-01
       0.15000D+03       0.79094D-04      -0.67200D+00       0.39808D+00       0.18556D-01
       0.15100D+03       0.78784D-04      -0.46264D+00       0.39890D+00       0.19087D-01
       0.15200D+03       0.79481D-04      -0.70464D-01       0.39871D+00       0.19317D-01
       0.15300D+03       0.78842D-04      -0.67150D-01       0.39770D+00       0.19344D-01
       0.15400D+03       0.79337D-04      -0.45725D+00       0.39751D+00       0.19305D-01
       0.15500D+03       0.78693D-04      -0.67280D+00       0.39830D+00       0.19165D-01
       0.15600D+03       0.78794D-04      -0.36405D+00       0.39894D+00       0.19205D-01
       0.15700D+03       0.78907D-04      -0.22731D-01       0.39849D+00       0.19159D-01
       0.15800D+03       0.78325D-04      -0.13875D+00       0.39756D+00       0.19242D-01
       0.15900D+03       0.79677D-04      -0.54968D+00       0.39765D+00       0.19257D-01
       0.16000D+03       0.79002D-04      -0.64112D+00       0.39851D+00       0.19248D-01
       0.16100D+03       0.80968D-04      -0.26176D+00       0.39892D+00       0.19275D-01
       0.16200D+03       0.80544D-04      -0.50533D-03       0.39824D+00       0.19265D-01
       0.16300D+03       0.80078D-04      -0.22922D+00       0.39750D+00       0.19267D-01
       0.16400D+03       0.80806D-04      -0.62290D+00       0.39783D+00       0.19322D-01
       0.16500D+03       0.80346D-04      -0.57601D+00       0.39867D+00       0.19297D-01
       0.16600D+03       0.81956D-04      -0.16652D+00       0.39884D+00       0.19345D-01
       0.16700D+03       0.81373D-04      -0.12404D-01       0.39800D+00       0.19328D-01
       0.16800D+03       0.81128D-04      -0.33105D+00       0.39750D+00       0.19323D-01
       0.16900D+03       0.80990D-04      -0.66660D+00       0.39804D+00       0.19274D-01
       0.17000D+03       0.80774D-04      -0.48869D+00       0.39879D+00       0.19682D-01
       0.17100D+03       0.82218D-04      -0.87818D-01       0.39870D+00       0.19865D-01
       0.17200D+03       0.81716D-04      -0.52127D-01       0.39780D+00       0.19885D-01
       0.17300D+03       0.81612D-04      -0.43079D+00       0.39756D+00       0.19866D-01
       0.17400D+03       0.81064D-04      -0.67535D+00       0.39824D+00       0.19803D-01
       0.17500D+03       0.80703D-04      -0.39099D+00       0.39885D+00       0.19837D-01
       0.17600D+03       0.80705D-04      -0.33196D-01       0.39851D+00       0.19818D-01
       0.17700D+03       0.80187D-04      -0.11714D+00       0.39766D+00       0.19842D-01
       0.17800D+03       0.80755D-04      -0.52615D+00       0.39768D+00       0.19802D-01
       0.17900D+03       0.80151D-04      -0.65344D+00       0.39843D+00       0.19755D-01
       0.18000D+03       0.82075D-04      -0.28947D+00       0.39885D+00       0.19806D-01
       0.18100D+03       0.81860D-04      -0.35058D-02       0.39830D+00       0.19813D-01
       0.18200D+03       0.81356D-04      -0.20326D+00       0.39759D+00       0.19786D-01
       0.18300D+03       0.81633D-04      -0.60542D+00       0.39783D+00       0.19741D-01
       0.18400D+03       0.81182D-04      -0.59611D+00       0.39859D+00       0.19755D-01
       0.18500D+03       0.81778D-04      -0.19083D+00       0.39879D+00       0.19747D-01
       0.18600D+03       0.81293D-04      -0.59101D-02       0.39808D+00       0.19720D-01
       0.18700D+03       0.81020D-04      -0.30325D+00       0.39757D+00       0.19719D-01
       0.18800D+03       0.81053D-04      -0.65850D+00       0.39800D+00       0.19656D-01
       0.18900D+03       0.80979D-04      -0.51402D+00       0.39870D+00       0.19702D-01
       0.19000D+03       0.82611D-04      -0.10702D+00       0.39868D+00       0.19658D-01
       0.19100D+03       0.82085D-04      -0.39007D-01       0.39789D+00       0.19663D-01
       0.19200D+03       0.81999D-04      -0.40419D+00       0.39761D+00       0.19618D-01
       0.19300D+03       0.81581D-04      -0.67584D+00       0.39819D+00       0.19552D-01
       0.19400D+03       0.81130D-04      -0.41767D+00       0.39877D+00       0.19601D-01
       0.19500D+03       0.81000D-04      -0.45411D-01       0.39853D+00       0.19653D-01
       0.19600D+03       0.80503D-04      -0.97086D-01       0.39775D+00       0.19644D-01
       0.19700D+03       0.80955D-04      -0.50132D+00       0.39770D+00       0.19623D-01
       0.19800D+03       0.80451D-04      -0.66295D+00       0.39836D+00       0.19527D-01
       0.19900D+03       0.81551D-04      -0.31735D+00       0.39879D+00       0.19536D-01
       0.20000D+03       0.81493D-04      -0.89386D-02       0.39834D+00       0.19514D-01
       0.20100D+03       0.80999D-04      -0.17839D+00       0.39766D+00       0.19515D-01
       0.20200D+03       0.81543D-04      -0.58615D+00       0.39783D+00       0.19506D-01
       0.20300D+03       0.80997D-04      -0.61450D+00       0.39851D+00       0.19401D-01
       0.20400D+03       0.81461D-04      -0.21626D+00       0.39875D+00       0.19377D-01
       0.20500D+03       0.81030D-04      -0.16617D-02       0.39814D+00       0.19329D-01
       0.20600D+03       0.80709D-04      -0.27541D+00       0.39763D+00       0.19352D-01
       0.20700D+03       0.81099D-04      -0.64755D+00       0.39798D+00       0.19349D-01
       0.20800D+03       0.80976D-04      -0.53823D+00       0.39863D+00       0.19421D-01
       0.20900D+03       0.82244D-04      -0.12790D+00       0.39867D+00       0.19368D-01
       0.21000D+03       0.81792D-04      -0.27689D-01       0.39796D+00       0.19355D-01
       0.21100D+03       0.81666D-04      -0.37741D+00       0.39766D+00       0.19362D-01
       0.21200D+03       0.81326D-04      -0.67433D+00       0.39814D+00       0.19299D-01
       0.21300D+03       0.81026D-04      -0.44420D+00       0.39871D+00       0.19484D-01
       0.21400D+03       0.81480D-04      -0.59484D-01       0.39854D+00       0.19639D-01
       0.21500D+03       0.81099D-04      -0.78800D-01       0.39782D+00       0.19651D-01
       0.21600D+03       0.81558D-04      -0.47558D+00       0.39772D+00       0.19628D-01
       0.21700D+03       0.81136D-04      -0.66966D+00       0.39830D+00       0.19565D-01
       0.21800D+03       0.81563D-04      -0.34498D+00       0.39873D+00       0.19579D-01
       0.21900D+03       0.81612D-04      -0.16429D-01       0.39838D+00       0.19526D-01
       0.22000D+03       0.81162D-04      -0.15465D+00       0.39773D+00       0.19536D-01
       0.22100D+03       0.81604D-04      -0.56524D+00       0.39783D+00       0.19503D-01
       0.22200D+03       0.81138D-04      -0.63096D+00       0.39845D+00       0.19424D-01
       0.22300D+03       0.82001D-04      -0.24273D+00       0.39872D+00       0.19421D-01
       0.22400D+03       0.81673D-04      -0.13011D-04       0.39819D+00       0.19388D-01
       0.22500D+03       0.81372D-04      -0.24795D+00       0.39769D+00       0.19422D-01
       0.22600D+03       0.81610D-04      -0.63389D+00       0.39796D+00       0.19426D-01
       0.22700D+03       0.81317D-04      -0.56102D+00       0.39857D+00       0.19427D-01
       0.22800D+03       0.82680D-04      -0.15020D+00       0.39865D+00       0.19415D-01
       0.22900D+03       0.82233D-04      -0.18085D-01       0.39802D+00       0.19408D-01
       0.23000D+03       0.82056D-04      -0.35027D+00       0.39769D+00       0.19374D-01
       0.23100D+03       0.81938D-04      -0.67065D+00       0.39811D+00       0.19295D-01
       0.23200D+03       0.81739D-04      -0.47054D+00       0.39865D+00       0.19543D-01
       0.23300D+03       0.82427D-04      -0.75489D-01       0.39854D+00       0.19492D-01
       0.23400D+03       0.82057D-04      -0.62421D-01       0.39788D+00       0.19491D-01
       0.23500D+03       0.81924D-04      -0.44930D+00       0.39774D+00       0.19500D-01
       0.23600D+03       0.81547D-04      -0.67380D+00       0.39826D+00       0.19430D-01
       0.23700D+03       0.81460D-04      -0.37220D+00       0.39868D+00       0.19446D-01
       0.23800D+03       0.81478D-04      -0.25704D-01       0.39840D+00       0.19403D-01
       0.23900D+03       0.81041D-04      -0.13210D+00       0.39779D+00       0.19420D-01
       0.24000D+03       0.81376D-04      -0.54274D+00       0.39783D+00       0.19385D-01
       0.24100D+03       0.80965D-04      -0.64512D+00       0.39840D+00       0.19348D-01
       0.24200D+03       0.82202D-04      -0.27006D+00       0.39868D+00       0.19394D-01
       0.24300D+03       0.81942D-04      -0.11322D-02       0.39824D+00       0.19380D-01
       0.24400D+03       0.81589D-04      -0.22129D+00       0.39773D+00       0.19374D-01
       0.24500D+03       0.82023D-04      -0.61784D+00       0.39794D+00       0.19369D-01
       0.24600D+03       0.81609D-04      -0.58224D+00       0.39851D+00       0.19308D-01
       0.24700D+03       0.82248D-04      -0.17372D+00       0.39863D+00       0.19296D-01
       0.24800D+03       0.81873D-04      -0.10235D-01       0.39808D+00       0.19282D-01
       0.24900D+03       0.81675D-04      -0.32271D+00       0.39773D+00       0.19275D-01
       0.25000D+03       0.81586D-04      -0.66446D+00       0.39808D+00       0.19230D-01
       0.25100D+03       0.81486D-04      -0.49641D+00       0.39859D+00       0.19497D-01
       0.25200D+03       0.82289D-04      -0.93413D-01       0.39855D+00       0.19514D-01
       0.25300D+03       0.81894D-04      -0.47979D-01       0.39794D+00       0.19500D-01
       0.25400D+03       0.81863D-04      -0.42280D+00       0.39776D+00       0.19460D-01
       0.25500D+03       0.81500D-04      -0.67571D+00       0.39822D+00       0.19419D-01
       0.25600D+03       0.81204D-04      -0.39904D+00       0.39864D+00       0.19449D-01
       0.25700D+03       0.81100D-04      -0.36686D-01       0.39843D+00       0.19461D-01
       0.25800D+03       0.80723D-04      -0.11093D+00       0.39784D+00       0.19471D-01
       0.25900D+03       0.81233D-04      -0.51879D+00       0.39783D+00       0.19455D-01
       0.26000D+03       0.80889D-04      -0.65661D+00       0.39835D+00       0.19427D-01
       0.26100D+03       0.81849D-04      -0.29787D+00       0.39865D+00       0.19454D-01
       0.26200D+03       0.81709D-04      -0.49032D-02       0.39828D+00       0.19450D-01
       0.26300D+03       0.81387D-04      -0.19565D+00       0.39778D+00       0.19468D-01
       0.26400D+03       0.82005D-04      -0.59979D+00       0.39793D+00       0.19521D-01
       0.26500D+03       0.81683D-04      -0.60183D+00       0.39846D+00       0.19509D-01
       0.26600D+03       0.82230D-04      -0.19838D+00       0.39862D+00       0.19549D-01
       0.26700D+03       0.81872D-04      -0.43764D-02       0.39813D+00       0.19528D-01
       0.26800D+03       0.81656D-04      -0.29485D+00       0.39776D+00       0.19537D-01
       0.26900D+03       0.81576D-04      -0.65550D+00       0.39805D+00       0.19505D-01
       0.27000D+03       0.81497D-04      -0.52145D+00       0.39855D+00       0.19542D-01
       0.27100D+03       0.82625D-04      -0.11315D+00       0.39855D+00       0.19530D-01
       0.27200D+03       0.82265D-04      -0.35414D-01       0.39799D+00       0.19522D-01
       0.27300D+03       0.82205D-04      -0.39615D+00       0.39778D+00       0.19494D-01
       0.27400D+03       0.81908D-04      -0.67560D+00       0.39818D+00       0.19443D-01
       0.27500D+03       0.81633D-04      -0.42567D+00       0.39860D+00       0.19480D-01
       0.27600D+03       0.81715D-04      -0.49449D-01       0.39844D+00       0.19439D-01
       0.27700D+03       0.81414D-04      -0.91384D-01       0.39789D+00       0.19450D-01
       0.27800D+03       0.81370D-04      -0.49365D+00       0.39784D+00       0.19398D-01
       0.27900D+03       0.80992D-04      -0.66526D+00       0.39830D+00       0.19325D-01
       0.28000D+03       0.81638D-04      -0.32571D+00       0.39862D+00       0.19344D-01
       0.28100D+03       0.81599D-04      -0.10994D-01       0.39831D+00       0.19327D-01
       0.28200D+03       0.81277D-04      -0.17112D+00       0.39782D+00       0.19329D-01
       0.28300D+03       0.81649D-04      -0.58002D+00       0.39793D+00       0.19309D-01
       0.28400D+03       0.81281D-04      -0.61968D+00       0.39842D+00       0.19249D-01
       0.28500D+03       0.82021D-04      -0.22413D+00       0.39860D+00       0.19276D-01
       0.28600D+03       0.81735D-04      -0.87879D-03       0.39817D+00       0.19266D-01
       0.28700D+03       0.81516D-04      -0.26708D+00       0.39779D+00       0.19278D-01
       0.28800D+03       0.81617D-04      -0.64371D+00       0.39803D+00       0.19226D-01
       0.28900D+03       0.81522D-04      -0.54525D+00       0.39850D+00       0.19270D-01
       0.29000D+03       0.82604D-04      -0.13448D+00       0.39854D+00       0.19261D-01
       0.29100D+03       0.82246D-04      -0.24618D-01       0.39804D+00       0.19269D-01
       0.29200D+03       0.82159D-04      -0.36928D+00       0.39780D+00       0.19255D-01
       0.29300D+03       0.81984D-04      -0.67347D+00       0.39815D+00       0.19200D-01
       0.29400D+03       0.81807D-04      -0.45216D+00       0.39856D+00       0.19405D-01
       0.29500D+03       0.81926D-04      -0.64100D-01       0.39845D+00       0.19560D-01
       0.29600D+03       0.81637D-04      -0.73663D-01       0.39793D+00       0.19578D-01
       0.29700D+03       0.81679D-04      -0.46770D+00       0.39785D+00       0.19541D-01
       0.29800D+03       0.81329D-04      -0.67116D+00       0.39827D+00       0.19471D-01
       0.29900D+03       0.81605D-04      -0.35323D+00       0.39859D+00       0.19486D-01
       0.30000D+03       0.81663D-04      -0.19042D-01       0.39834D+00       0.19447D-01
       0.30100D+03       0.81324D-04      -0.14772D+00       0.39786D+00       0.19464D-01
       0.30200D+03       0.81708D-04      -0.55862D+00       0.39792D+00       0.19444D-01
       0.30300D+03       0.81348D-04      -0.63549D+00       0.39838D+00       0.19384D-01
       0.30400D+03       0.82002D-04      -0.25089D+00       0.39858D+00       0.19405D-01
       0.30500D+03       0.81808D-04      -0.58530D-04       0.39821D+00       0.19410D-01
       0.30600D+03       0.81551D-04      -0.23982D+00       0.39782D+00       0.19403D-01
       0.30700D+03       0.81528D-04      -0.62929D+00       0.39801D+00       0.19369D-01
       0.30800D+03       0.81314D-04      -0.56757D+00       0.39846D+00       0.19331D-01
       0.30900D+03       0.81966D-04      -0.15716D+00       0.39854D+00       0.19317D-01
       0.31000D+03       0.81660D-04      -0.15529D-01       0.39808D+00       0.19321D-01
       0.31100D+03       0.81577D-04      -0.34201D+00       0.39782D+00       0.19307D-01
       0.31200D+03       0.81486D-04      -0.66906D+00       0.39812D+00       0.19273D-01
       0.31300D+03       0.81353D-04      -0.47839D+00       0.39853D+00       0.19512D-01
       0.31400D+03       0.81629D-04      -0.80688D-01       0.39846D+00       0.19527D-01
       0.31500D+03       0.81315D-04      -0.57869D-01       0.39797D+00       0.19513D-01
       0.31600D+03       0.81419D-04      -0.44134D+00       0.39786D+00       0.19496D-01
       0.31700D+03       0.81107D-04      -0.67460D+00       0.39823D+00       0.19428D-01
       0.31800D+03       0.80983D-04      -0.38032D+00       0.39856D+00       0.19443D-01
       0.31900D+03       0.80970D-04      -0.28830D-01       0.39836D+00       0.19416D-01
       0.32000D+03       0.80671D-04      -0.12557D+00       0.39790D+00       0.19419D-01
       0.32100D+03       0.81218D-04      -0.53567D+00       0.39792D+00       0.19430D-01
       0.32200D+03       0.80889D-04      -0.64887D+00       0.39834D+00       0.19394D-01
       0.32300D+03       0.82040D-04      -0.27841D+00       0.39856D+00       0.19410D-01
       0.32400D+03       0.81867D-04      -0.20013D-02       0.39824D+00       0.19424D-01
       0.32500D+03       0.81620D-04      -0.21345D+00       0.39785D+00       0.19415D-01
       0.32600D+03       0.81688D-04      -0.61260D+00       0.39800D+00       0.19412D-01
       0.32700D+03       0.81359D-04      -0.58831D+00       0.39843D+00       0.19348D-01
       0.32800D+03       0.81875D-04      -0.18103D+00       0.39853D+00       0.19355D-01
       0.32900D+03       0.81578D-04      -0.82452D-02       0.39812D+00       0.19345D-01
       0.33000D+03       0.81458D-04      -0.31434D+00       0.39784D+00       0.19349D-01
       0.33100D+03       0.81392D-04      -0.66206D+00       0.39810D+00       0.19326D-01
       0.33200D+03       0.81362D-04      -0.50406D+00       0.39849D+00       0.19425D-01
       0.33300D+03       0.82253D-04      -0.99174D-01       0.39847D+00       0.19426D-01
       0.33400D+03       0.81960D-04      -0.44002D-01       0.39801D+00       0.19434D-01
       0.33500D+03       0.81862D-04      -0.41479D+00       0.39787D+00       0.19458D-01
       0.33600D+03       0.81595D-04      -0.67588D+00       0.39820D+00       0.19437D-01
       0.33700D+03       0.81343D-04      -0.40708D+00       0.39853D+00       0.19463D-01
       0.33800D+03       0.81347D-04      -0.40337D-01       0.39838D+00       0.19448D-01
       0.33900D+03       0.81057D-04      -0.10486D+00       0.39793D+00       0.19473D-01
       0.34000D+03       0.81220D-04      -0.51133D+00       0.39792D+00       0.19448D-01
       0.34100D+03       0.80921D-04      -0.65951D+00       0.39830D+00       0.19427D-01
       0.34200D+03       0.81784D-04      -0.30627D+00       0.39854D+00       0.19458D-01
       0.34300D+03       0.81710D-04      -0.65113D-02       0.39827D+00       0.19454D-01
       0.34400D+03       0.81441D-04      -0.18815D+00       0.39788D+00       0.19461D-01
       0.34500D+03       0.81731D-04      -0.59401D+00       0.39799D+00       0.19455D-01
       0.34600D+03       0.81423D-04      -0.60740D+00       0.39839D+00       0.19416D-01
       0.34700D+03       0.81804D-04      -0.20602D+00       0.39852D+00       0.19429D-01
       0.34800D+03       0.81548D-04      -0.30573D-02       0.39815D+00       0.19406D-01
       0.34900D+03       0.81382D-04      -0.28646D+00       0.39786D+00       0.19424D-01
       0.35000D+03       0.81554D-04      -0.65224D+00       0.39808D+00       0.19416D-01
       0.35100D+03       0.81433D-04      -0.52876D+00       0.39846D+00       0.19441D-01
       0.35200D+03       0.82205D-04      -0.11941D+00       0.39847D+00       0.19448D-01
       0.35300D+03       0.81924D-04      -0.31981D-01       0.39805D+00       0.19444D-01
       0.35400D+03       0.81864D-04      -0.38809D+00       0.39788D+00       0.19431D-01
       0.35500D+03       0.81713D-04      -0.67518D+00       0.39818D+00       0.19394D-01
       0.35600D+03       0.81499D-04      -0.43366D+00       0.39851D+00       0.19390D-01
       0.35700D+03       0.81580D-04      -0.53659D-01       0.39839D+00       0.19360D-01
       0.35800D+03       0.81302D-04      -0.85848D-01       0.39796D+00       0.19352D-01
       0.35900D+03       0.81560D-04      -0.48590D+00       0.39792D+00       0.19341D-01
       0.36000D+03       0.81266D-04      -0.66731D+00       0.39827D+00       0.19310D-01
       0.36100D+03       0.81675D-04      -0.33404D+00       0.39852D+00       0.19333D-01
       0.36200D+03       0.81700D-04      -0.13226D-01       0.39829D+00       0.19320D-01
       0.36300D+03       0.81427D-04      -0.16395D+00       0.39791D+00       0.19336D-01
       0.36400D+03       0.81813D-04      -0.57374D+00       0.39798D+00       0.19342D-01
       0.36500D+03       0.81545D-04      -0.62467D+00       0.39836D+00       0.19317D-01
       0.36600D+03       0.82175D-04      -0.23209D+00       0.39851D+00       0.19337D-01
       0.36700D+03       0.81980D-04      -0.34048D-03       0.39818D+00       0.19327D-01
       0.36800D+03       0.81772D-04      -0.25879D+00       0.39788D+00       0.19341D-01
       0.36900D+03       0.81908D-04      -0.63963D+00       0.39806D+00       0.19323D-01
       0.37000D+03       0.81762D-04      -0.55214D+00       0.39843D+00       0.19343D-01
       0.37100D+03       0.82228D-04      -0.14118D+00       0.39847D+00       0.19319D-01
       0.37200D+03       0.81980D-04      -0.21701D-01       0.39808D+00       0.19317D-01
       0.37300D+03       0.81917D-04      -0.36111D+00       0.39789D+00       0.19302D-01
       0.37400D+03       0.81800D-04      -0.67239D+00       0.39815D+00       0.19272D-01
       0.37500D+03       0.81658D-04      -0.46010D+00       0.39848D+00       0.19485D-01
       0.37600D+03       0.82108D-04      -0.68892D-01       0.39841D+00       0.19528D-01
       0.37700D+03       0.81838D-04      -0.68702D-01       0.39799D+00       0.19543D-01
       0.37800D+03       0.82107D-04      -0.45979D+00       0.39792D+00       0.19545D-01
       0.37900D+03       0.81833D-04      -0.67244D+00       0.39824D+00       0.19496D-01
       0.38000D+03       0.81885D-04      -0.36143D+00       0.39850D+00       0.19511D-01
       0.38100D+03       0.81953D-04      -0.21811D-01       0.39832D+00       0.19487D-01
       0.38200D+03       0.81708D-04      -0.14091D+00       0.39794D+00       0.19521D-01
       0.38300D+03       0.81822D-04      -0.55187D+00       0.39797D+00       0.19493D-01
       0.38400D+03       0.81532D-04      -0.63979D+00       0.39833D+00       0.19498D-01
       0.38500D+03       0.82274D-04      -0.25911D+00       0.39850D+00       0.19513D-01
       0.38600D+03       0.82083D-04      -0.35676D-03       0.39821D+00       0.19510D-01
       0.38700D+03       0.81891D-04      -0.23178D+00       0.39790D+00       0.19512D-01
       0.38800D+03       0.82155D-04      -0.62448D+00       0.39805D+00       0.19512D-01
       0.38900D+03       0.81962D-04      -0.57399D+00       0.39840D+00       0.19465D-01
       0.39000D+03       0.82592D-04      -0.16423D+00       0.39847D+00       0.19472D-01
       0.39100D+03       0.82338D-04      -0.13136D-01       0.39811D+00       0.19467D-01
       0.39200D+03       0.82238D-04      -0.33372D+00       0.39790D+00       0.19466D-01
       0.39300D+03       0.82201D-04      -0.66724D+00       0.39813D+00       0.19440D-01
       0.39400D+03       0.82095D-04      -0.48620D+00       0.39846D+00       0.19618D-01
       0.39500D+03       0.82698D-04      -0.86060D-01       0.39841D+00       0.19687D-01
       0.39600D+03       0.82444D-04      -0.53492D-01       0.39802D+00       0.19683D-01
       0.39700D+03       0.82463D-04      -0.43335D+00       0.39792D+00       0.19683D-01
       0.39800D+03       0.82217D-04      -0.67520D+00       0.39822D+00       0.19633D-01
       0.39900D+03       0.82071D-04      -0.38840D+00       0.39848D+00       0.19647D-01
       0.40000D+03       0.82063D-04      -0.32112D-01       0.39833D+00       0.19635D-01
       0.40100D+03       0.81816D-04      -0.11917D+00       0.39796D+00       0.19647D-01
       0.40200D+03       0.81950D-04      -0.52848D+00       0.39797D+00       0.19632D-01
       0.40300D+03       0.81677D-04      -0.65238D+00       0.39830D+00       0.19612D-01
       0.40400D+03       0.82485D-04      -0.28679D+00       0.39849D+00       0.19632D-01
       0.40500D+03       0.82379D-04      -0.31044D-02       0.39824D+00       0.19630D-01
       0.40600D+03       0.82157D-04      -0.20572D+00       0.39792D+00       0.19619D-01
       0.40700D+03       0.82373D-04      -0.60719D+00       0.39803D+00       0.19611D-01
       0.40800D+03       0.82166D-04      -0.59424D+00       0.39838D+00       0.19622D-01
       0.40900D+03       0.82459D-04      -0.18844D+00       0.39847D+00       0.19621D-01
       0.41000D+03       0.82232D-04      -0.64450D-02       0.39814D+00       0.19606D-01
       0.41100D+03       0.82111D-04      -0.30594D+00       0.39791D+00       0.19606D-01
       0.41200D+03       0.82168D-04      -0.65940D+00       0.39811D+00       0.19587D-01
       0.41300D+03       0.82118D-04      -0.51162D+00       0.39843D+00       0.19608D-01
       0.41400D+03       0.82770D-04      -0.10509D+00       0.39842D+00       0.19579D-01
       0.41500D+03       0.82528D-04      -0.40192D-01       0.39805D+00       0.19580D-01
       0.41600D+03       0.82517D-04      -0.40677D+00       0.39793D+00       0.19562D-01
       0.41700D+03       0.82355D-04      -0.67588D+00       0.39820D+00       0.19536D-01
       0.41800D+03       0.82144D-04      -0.41510D+00       0.39847D+00       0.19558D-01
       0.41900D+03       0.82069D-04      -0.44153D-01       0.39835D+00       0.19579D-01
       0.42000D+03       0.81835D-04      -0.98947D-01       0.39799D+00       0.19593D-01
       0.42100D+03       0.82094D-04      -0.50376D+00       0.39797D+00       0.19597D-01
       0.42200D+03       0.81863D-04      -0.66216D+00       0.39828D+00       0.19564D-01
       0.42300D+03       0.82389D-04      -0.31466D+00       0.39848D+00       0.19581D-01
       0.42400D+03       0.82352D-04      -0.83190D-02       0.39826D+00       0.19586D-01
       0.42500D+03       0.82120D-04      -0.18075D+00       0.39794D+00       0.19588D-01
       0.42600D+03       0.82417D-04      -0.58808D+00       0.39802D+00       0.19602D-01
       0.42700D+03       0.82155D-04      -0.61281D+00       0.39835D+00       0.19548D-01
       0.42800D+03       0.82304D-04      -0.21376D+00       0.39846D+00       0.19565D-01
       0.42900D+03       0.82118D-04      -0.19631D-02       0.39817D+00       0.19548D-01
       0.43000D+03       0.81966D-04      -0.27808D+00       0.39793D+00       0.19559D-01
       0.43100D+03       0.82197D-04      -0.64873D+00       0.39810D+00       0.19558D-01
       0.43200D+03       0.82119D-04      -0.53595D+00       0.39841D+00       0.19591D-01
       0.43300D+03       0.83010D-04      -0.12582D+00       0.39842D+00       0.19586D-01
       0.43400D+03       0.82784D-04      -0.28706D-01       0.39808D+00       0.19582D-01
       0.43500D+03       0.82702D-04      -0.38000D+00       0.39794D+00       0.19560D-01
       0.43600D+03       0.82531D-04      -0.67457D+00       0.39817D+00       0.19523D-01
       0.43700D+03       0.82374D-04      -0.44165D+00       0.39845D+00       0.19518D-01
       0.43800D+03       0.82538D-04      -0.58043D-01       0.39836D+00       0.19489D-01
       0.43900D+03       0.82308D-04      -0.80483D-01       0.39801D+00       0.19486D-01
       0.44000D+03       0.82238D-04      -0.47809D+00       0.39797D+00       0.19467D-01
       0.44100D+03       0.81997D-04      -0.66913D+00       0.39825D+00       0.19422D-01
       0.44200D+03       0.82227D-04      -0.34233D+00       0.39846D+00       0.19428D-01
       0.44300D+03       0.82247D-04      -0.15626D-01       0.39828D+00       0.19401D-01
       0.44400D+03       0.82029D-04      -0.15689D+00       0.39796D+00       0.19407D-01
       0.44500D+03       0.82179D-04      -0.56732D+00       0.39802D+00       0.19387D-01
       0.44600D+03       0.81948D-04      -0.62947D+00       0.39833D+00       0.19355D-01
       0.44700D+03       0.82300D-04      -0.24014D+00       0.39846D+00       0.19360D-01
       0.44800D+03       0.82129D-04      -0.52031D-04       0.39819D+00       0.19341D-01
       0.44900D+03       0.81989D-04      -0.25057D+00       0.39794D+00       0.19360D-01
       0.45000D+03       0.82169D-04      -0.63532D+00       0.39808D+00       0.19362D-01
       0.45100D+03       0.82022D-04      -0.55888D+00       0.39839D+00       0.19368D-01
       0.45200D+03       0.82629D-04      -0.14799D+00       0.39843D+00       0.19352D-01
       0.45300D+03       0.82403D-04      -0.18937D-01       0.39811D+00       0.19347D-01
       0.45400D+03       0.82320D-04      -0.35291D+00       0.39794D+00       0.19330D-01
       0.45500D+03       0.82296D-04      -0.67111D+00       0.39815D+00       0.19297D-01
       0.45600D+03       0.82184D-04      -0.46801D+00       0.39843D+00       0.19468D-01
       0.45700D+03       0.82421D-04      -0.73860D-01       0.39837D+00       0.19525D-01
       0.45800D+03       0.82232D-04      -0.63917D-01       0.39803D+00       0.19531D-01
       0.45900D+03       0.82194D-04      -0.45185D+00       0.39797D+00       0.19516D-01
       0.46000D+03       0.81971D-04      -0.67350D+00       0.39823D+00       0.19471D-01
       0.46100D+03       0.81994D-04      -0.36959D+00       0.39845D+00       0.19478D-01
       0.46200D+03       0.82030D-04      -0.24735D-01       0.39830D+00       0.19461D-01
       0.46300D+03       0.81805D-04      -0.13422D+00       0.39798D+00       0.19492D-01
       0.46400D+03       0.82072D-04      -0.54498D+00       0.39801D+00       0.19482D-01
       0.46500D+03       0.81864D-04      -0.64386D+00       0.39830D+00       0.19466D-01
       0.46600D+03       0.82461D-04      -0.26740D+00       0.39845D+00       0.19496D-01
       0.46700D+03       0.82340D-04      -0.90468D-03       0.39822D+00       0.19489D-01
       0.46800D+03       0.82161D-04      -0.22382D+00       0.39796D+00       0.19487D-01
       0.46900D+03       0.82433D-04      -0.61948D+00       0.39807D+00       0.19495D-01
       0.47000D+03       0.82217D-04      -0.58026D+00       0.39836D+00       0.19463D-01
       0.47100D+03       0.82482D-04      -0.17140D+00       0.39843D+00       0.19446D-01
       0.47200D+03       0.82290D-04      -0.10911D-01       0.39813D+00       0.19435D-01
       0.47300D+03       0.82189D-04      -0.32538D+00       0.39795D+00       0.19432D-01
       0.47400D+03       0.82142D-04      -0.66517D+00       0.39814D+00       0.19410D-01
       0.47500D+03       0.82078D-04      -0.49395D+00       0.39841D+00       0.19552D-01
       0.47600D+03       0.82402D-04      -0.91602D-01       0.39838D+00       0.19594D-01
       0.47700D+03       0.82227D-04      -0.49289D-01       0.39806D+00       0.19600D-01
       0.47800D+03       0.82246D-04      -0.42536D+00       0.39797D+00       0.19588D-01
       0.47900D+03       0.82064D-04      -0.67561D+00       0.39821D+00       0.19565D-01
       0.48000D+03       0.81912D-04      -0.39647D+00       0.39843D+00       0.19580D-01
       0.48100D+03       0.81905D-04      -0.35551D-01       0.39832D+00       0.19574D-01
       0.48200D+03       0.81703D-04      -0.11290D+00       0.39800D+00       0.19578D-01
       0.48300D+03       0.82066D-04      -0.52116D+00       0.39800D+00       0.19572D-01
       0.48400D+03       0.81853D-04      -0.65562D+00       0.39828D+00       0.19554D-01
       0.48500D+03       0.82367D-04      -0.29518D+00       0.39844D+00       0.19566D-01
       0.48600D+03       0.82278D-04      -0.44321D-02       0.39824D+00       0.19571D-01
       0.48700D+03       0.82081D-04      -0.19808D+00       0.39797D+00       0.19560D-01
       0.48800D+03       0.82369D-04      -0.60161D+00       0.39806D+00       0.19577D-01
       0.48900D+03       0.82193D-04      -0.60001D+00       0.39834D+00       0.19572D-01
       0.49000D+03       0.82539D-04      -0.19595D+00       0.39842D+00       0.19592D-01
       0.49100D+03       0.82365D-04      -0.48449D-02       0.39816D+00       0.19593D-01
       0.49200D+03       0.82250D-04      -0.29754D+00       0.39796D+00       0.19592D-01
       0.49300D+03       0.82207D-04      -0.65649D+00       0.39812D+00       0.19575D-01
       0.49400D+03       0.82192D-04      -0.51908D+00       0.39839D+00       0.19595D-01
       0.49500D+03       0.82890D-04      -0.11117D+00       0.39839D+00       0.19585D-01
       0.49600D+03       0.82689D-04      -0.36547D-01       0.39808D+00       0.19585D-01
       0.49700D+03       0.82619D-04      -0.39873D+00       0.39797D+00       0.19607D-01
       0.49800D+03       0.82452D-04      -0.67570D+00       0.39819D+00       0.19590D-01
       0.49900D+03       0.82278D-04      -0.42311D+00       0.39842D+00       0.19610D-01
       0.50000D+03       0.82282D-04      -0.48137D-01       0.39833D+00       0.19593D-01
       0.50100D+03       0.82081D-04      -0.93193D-01       0.39802D+00       0.19590D-01
       0.50200D+03       0.82141D-04      -0.49612D+00       0.39800D+00       0.19569D-01
       0.50300D+03       0.81929D-04      -0.66455D+00       0.39826D+00       0.19536D-01
       0.50400D+03       0.82304D-04      -0.32303D+00       0.39843D+00       0.19544D-01
       0.50500D+03       0.82276D-04      -0.10316D-01       0.39826D+00       0.19533D-01
       0.50600D+03       0.82090D-04      -0.17344D+00       0.39799D+00       0.19548D-01
       0.50700D+03       0.82267D-04      -0.58200D+00       0.39805D+00       0.19532D-01
       0.50800D+03       0.82057D-04      -0.61804D+00       0.39832D+00       0.19506D-01
       0.50900D+03       0.82382D-04      -0.22160D+00       0.39842D+00       0.19510D-01
       0.51000D+03       0.82216D-04      -0.11033D-02       0.39818D+00       0.19501D-01
       0.51100D+03       0.82078D-04      -0.26974D+00       0.39797D+00       0.19512D-01
       0.51200D+03       0.82160D-04      -0.64497D+00       0.39811D+00       0.19495D-01
       0.51300D+03       0.82099D-04      -0.54302D+00       0.39837D+00       0.19522D-01
       0.51400D+03       0.82636D-04      -0.13235D+00       0.39839D+00       0.19508D-01
       0.51500D+03       0.82434D-04      -0.25585D-01       0.39810D+00       0.19511D-01
       0.51600D+03       0.82364D-04      -0.37188D+00       0.39798D+00       0.19506D-01
       0.51700D+03       0.82228D-04      -0.67377D+00       0.39817D+00       0.19476D-01
       0.51800D+03       0.82142D-04      -0.44961D+00       0.39841D+00       0.19592D-01
       0.51900D+03       0.82170D-04      -0.62602D-01       0.39834D+00       0.19577D-01
       0.52000D+03       0.82004D-04      -0.75290D-01       0.39804D+00       0.19587D-01
       0.52100D+03       0.82115D-04      -0.47023D+00       0.39800D+00       0.19573D-01
       0.52200D+03       0.81913D-04      -0.67070D+00       0.39824D+00       0.19543D-01
       0.52300D+03       0.82071D-04      -0.35059D+00       0.39842D+00       0.19550D-01
       0.52400D+03       0.82080D-04      -0.18188D-01       0.39828D+00       0.19525D-01
       0.52500D+03       0.81884D-04      -0.14993D+00       0.39800D+00       0.19534D-01
       0.52600D+03       0.82188D-04      -0.56076D+00       0.39804D+00       0.19531D-01
       0.52700D+03       0.81981D-04      -0.63406D+00       0.39830D+00       0.19497D-01
       0.52800D+03       0.82438D-04      -0.24827D+00       0.39842D+00       0.19510D-01
       0.52900D+03       0.82315D-04      -0.16359D-04       0.39820D+00       0.19518D-01
       0.53000D+03       0.82171D-04      -0.24242D+00       0.39798D+00       0.19515D-01
       0.53100D+03       0.82205D-04      -0.63078D+00       0.39809D+00       0.19499D-01
       0.53200D+03       0.82082D-04      -0.56549D+00       0.39835D+00       0.19477D-01
       0.53300D+03       0.82401D-04      -0.15492D+00       0.39839D+00       0.19458D-01
       0.53400D+03       0.82217D-04      -0.16331D-01       0.39813D+00       0.19460D-01
       0.53500D+03       0.82151D-04      -0.34466D+00       0.39798D+00       0.19448D-01
       0.53600D+03       0.82094D-04      -0.66959D+00       0.39816D+00       0.19418D-01
       0.53700D+03       0.82043D-04      -0.47588D+00       0.39839D+00       0.19527D-01
       0.53800D+03       0.82429D-04      -0.79003D-01       0.39835D+00       0.19532D-01
       0.53900D+03       0.82244D-04      -0.59309D-01       0.39806D+00       0.19523D-01
       0.54000D+03       0.82346D-04      -0.44389D+00       0.39800D+00       0.19523D-01
       0.54100D+03       0.82160D-04      -0.67436D+00       0.39822D+00       0.19483D-01
       0.54200D+03       0.82096D-04      -0.37772D+00       0.39841D+00       0.19491D-01
       0.54300D+03       0.82107D-04      -0.27812D-01       0.39829D+00       0.19479D-01
       0.54400D+03       0.81932D-04      -0.12765D+00       0.39802D+00       0.19480D-01
       0.54500D+03       0.82026D-04      -0.53795D+00       0.39803D+00       0.19458D-01
       0.54600D+03       0.81840D-04      -0.64770D+00       0.39828D+00       0.19441D-01
       0.54700D+03       0.82491D-04      -0.27573D+00       0.39841D+00       0.19473D-01
       0.54800D+03       0.82384D-04      -0.16969D-02       0.39822D+00       0.19476D-01
       0.54900D+03       0.82244D-04      -0.21595D+00       0.39799D+00       0.19472D-01
       0.55000D+03       0.82322D-04      -0.61430D+00       0.39808D+00       0.19478D-01
       0.55100D+03       0.82125D-04      -0.58638D+00       0.39834D+00       0.19443D-01
       0.55200D+03       0.82415D-04      -0.17868D+00       0.39839D+00       0.19437D-01
       0.55300D+03       0.82235D-04      -0.88625D-02       0.39815D+00       0.19429D-01
       0.55400D+03       0.82152D-04      -0.31702D+00       0.39799D+00       0.19430D-01
       0.55500D+03       0.82127D-04      -0.66286D+00       0.39814D+00       0.19403D-01
       0.55600D+03       0.82094D-04      -0.50162D+00       0.39838D+00       0.19459D-01
       0.55700D+03       0.82584D-04      -0.97311D-01       0.39836D+00       0.19452D-01
       0.55800D+03       0.82406D-04      -0.45258D-01       0.39808D+00       0.19452D-01
       0.55900D+03       0.82351D-04      -0.41735D+00       0.39800D+00       0.19468D-01
       0.56000D+03       0.82188D-04      -0.67585D+00       0.39820D+00       0.19456D-01
       0.56100D+03       0.82052D-04      -0.40451D+00       0.39840D+00       0.19471D-01
       0.56200D+03       0.82031D-04      -0.39150D-01       0.39831D+00       0.19446D-01
       0.56300D+03       0.81854D-04      -0.10679D+00       0.39804D+00       0.19461D-01
       0.56400D+03       0.82023D-04      -0.51373D+00       0.39803D+00       0.19453D-01
       0.56500D+03       0.81848D-04      -0.65861D+00       0.39826D+00       0.19435D-01
       0.56600D+03       0.82341D-04      -0.30358D+00       0.39841D+00       0.19452D-01
       0.56700D+03       0.82289D-04      -0.59738D-02       0.39824D+00       0.19447D-01
       0.56800D+03       0.82128D-04      -0.19054D+00       0.39801D+00       0.19452D-01
       0.56900D+03       0.82301D-04      -0.59588D+00       0.39807D+00       0.19444D-01
       0.57000D+03       0.82117D-04      -0.60563D+00       0.39832D+00       0.19427D-01
       0.57100D+03       0.82266D-04      -0.20356D+00       0.39839D+00       0.19426D-01
       0.57200D+03       0.82106D-04      -0.34559D-02       0.39817D+00       0.19410D-01
       0.57300D+03       0.82009D-04      -0.28915D+00       0.39799D+00       0.19422D-01
       0.57400D+03       0.82144D-04      -0.65332D+00       0.39813D+00       0.19415D-01
       0.57500D+03       0.82065D-04      -0.52643D+00       0.39836D+00       0.19432D-01
       0.57600D+03       0.82622D-04      -0.11739D+00       0.39836D+00       0.19429D-01
       0.57700D+03       0.82435D-04      -0.33064D-01       0.39810D+00       0.19425D-01
       0.57800D+03       0.82406D-04      -0.39068D+00       0.39800D+00       0.19420D-01
       0.57900D+03       0.82270D-04      -0.67533D+00       0.39819D+00       0.19397D-01
       0.58000D+03       0.82129D-04      -0.43110D+00       0.39839D+00       0.19415D-01
       0.58100D+03       0.82130D-04      -0.52292D-01       0.39832D+00       0.19410D-01
       0.58200D+03       0.81980D-04      -0.87603D-01       0.39805D+00       0.19412D-01
       0.58300D+03       0.82147D-04      -0.48839D+00       0.39803D+00       0.19414D-01
       0.58400D+03       0.81964D-04      -0.66668D+00       0.39825D+00       0.19403D-01
       0.58500D+03       0.82228D-04      -0.33137D+00       0.39840D+00       0.19415D-01
       0.58600D+03       0.82217D-04      -0.12492D-01       0.39826D+00       0.19411D-01
       0.58700D+03       0.82049D-04      -0.16624D+00       0.39802D+00       0.19420D-01
       0.58800D+03       0.82327D-04      -0.57577D+00       0.39807D+00       0.19445D-01
       0.58900D+03       0.82161D-04      -0.62309D+00       0.39830D+00       0.19439D-01
       0.59000D+03       0.82490D-04      -0.22953D+00       0.39839D+00       0.19454D-01
       0.59100D+03       0.82361D-04      -0.48595D-03       0.39819D+00       0.19445D-01
       0.59200D+03       0.82236D-04      -0.26144D+00       0.39800D+00       0.19448D-01
       0.59300D+03       0.82363D-04      -0.64096D+00       0.39811D+00       0.19428D-01
       0.59400D+03       0.82278D-04      -0.54995D+00       0.39834D+00       0.19444D-01
       0.59500D+03       0.82947D-04      -0.13902D+00       0.39837D+00       0.19454D-01
       0.59600D+03       0.82786D-04      -0.22619D-01       0.39812D+00       0.19464D-01
       0.59700D+03       0.82730D-04      -0.36373D+00       0.39801D+00       0.19452D-01
       0.59800D+03       0.82652D-04      -0.67276D+00       0.39817D+00       0.19425D-01
       0.59900D+03       0.82557D-04      -0.45756D+00       0.39838D+00       0.19559D-01
       0.60000D+03       0.82754D-04      -0.67337D-01       0.39833D+00       0.19578D-01
       0.60100D+03       0.82583D-04      -0.70272D-01       0.39807D+00       0.19585D-01
       0.60200D+03       0.82639D-04      -0.46233D+00       0.39802D+00       0.19582D-01
       0.60300D+03       0.82465D-04      -0.67205D+00       0.39823D+00       0.19573D-01
       0.60400D+03       0.82510D-04      -0.35881D+00       0.39839D+00       0.19580D-01
       0.60500D+03       0.82546D-04      -0.20907D-01       0.39827D+00       0.19564D-01
       0.60600D+03       0.82397D-04      -0.14308D+00       0.39803D+00       0.19575D-01
       0.60700D+03       0.82441D-04      -0.55405D+00       0.39806D+00       0.19555D-01
       0.60800D+03       0.82256D-04      -0.63844D+00       0.39828D+00       0.19537D-01
       0.60900D+03       0.82666D-04      -0.25647D+00       0.39839D+00       0.19550D-01
       0.61000D+03       0.82548D-04      -0.23383D-03       0.39821D+00       0.19548D-01
       0.61100D+03       0.82409D-04      -0.23435D+00       0.39801D+00       0.19552D-01
       0.61200D+03       0.82623D-04      -0.62604D+00       0.39810D+00       0.19546D-01
       0.61300D+03       0.82501D-04      -0.57195D+00       0.39833D+00       0.19518D-01
       0.61400D+03       0.82951D-04      -0.16195D+00       0.39837D+00       0.19528D-01
       0.61500D+03       0.82787D-04      -0.13884D-01       0.39814D+00       0.19532D-01
       0.61600D+03       0.82727D-04      -0.33638D+00       0.39801D+00       0.19523D-01
       0.61700D+03       0.82731D-04      -0.66785D+00       0.39816D+00       0.19510D-01
       0.61800D+03       0.82658D-04      -0.48371D+00       0.39836D+00       0.19626D-01
       0.61900D+03       0.82963D-04      -0.84320D-01       0.39834D+00       0.19666D-01
       0.62000D+03       0.82800D-04      -0.54876D-01       0.39809D+00       0.19661D-01
       0.62100D+03       0.82756D-04      -0.43591D+00       0.39802D+00       0.19672D-01
       0.62200D+03       0.82597D-04      -0.67503D+00       0.39821D+00       0.19650D-01
       0.62300D+03       0.82526D-04      -0.38582D+00       0.39838D+00       0.19658D-01
       0.62400D+03       0.82521D-04      -0.31043D-01       0.39828D+00       0.19637D-01
       0.62500D+03       0.82362D-04      -0.12120D+00       0.39805D+00       0.19639D-01
       0.62600D+03       0.82510D-04      -0.53080D+00       0.39805D+00       0.19633D-01
       0.62700D+03       0.82332D-04      -0.65128D+00       0.39827D+00       0.19623D-01
       0.62800D+03       0.82841D-04      -0.28410D+00       0.39839D+00       0.19630D-01
       0.62900D+03       0.82768D-04      -0.27260D-02       0.39822D+00       0.19625D-01
       0.63000D+03       0.82627D-04      -0.20819D+00       0.39802D+00       0.19618D-01
       0.63100D+03       0.82807D-04      -0.60894D+00       0.39809D+00       0.19627D-01
       0.63200D+03       0.82677D-04      -0.59236D+00       0.39831D+00       0.19641D-01
       0.63300D+03       0.82918D-04      -0.18605D+00       0.39837D+00       0.19647D-01
       0.63400D+03       0.82767D-04      -0.70005D-02       0.39816D+00       0.19635D-01
       0.63500D+03       0.82691D-04      -0.30863D+00       0.39801D+00       0.19635D-01
       0.63600D+03       0.82658D-04      -0.66028D+00       0.39814D+00       0.19628D-01
       0.63700D+03       0.82621D-04      -0.50921D+00       0.39835D+00       0.19640D-01
       0.63800D+03       0.82966D-04      -0.10318D+00       0.39834D+00       0.19625D-01
       0.63900D+03       0.82830D-04      -0.41395D-01       0.39810D+00       0.19634D-01
       0.64000D+03       0.82819D-04      -0.40934D+00       0.39802D+00       0.19621D-01
       0.64100D+03       0.82682D-04      -0.67590D+00       0.39820D+00       0.19602D-01
       0.64200D+03       0.82542D-04      -0.41253D+00       0.39837D+00       0.19616D-01
       0.64300D+03       0.82552D-04      -0.42913D-01       0.39830D+00       0.19619D-01
       0.64400D+03       0.82399D-04      -0.10082D+00       0.39806D+00       0.19627D-01
       0.64500D+03       0.82612D-04      -0.50620D+00       0.39805D+00       0.19627D-01
       0.64600D+03       0.82449D-04      -0.66134D+00       0.39825D+00       0.19615D-01
       0.64700D+03       0.82790D-04      -0.31198D+00       0.39838D+00       0.19625D-01
       0.64800D+03       0.82758D-04      -0.77188D-02       0.39824D+00       0.19627D-01
       0.64900D+03       0.82607D-04      -0.18311D+00       0.39803D+00       0.19629D-01
       0.65000D+03       0.82744D-04      -0.59000D+00       0.39809D+00       0.19639D-01
       0.65100D+03       0.82574D-04      -0.61109D+00       0.39830D+00       0.19608D-01
       0.65200D+03       0.82819D-04      -0.21127D+00       0.39837D+00       0.19623D-01
       0.65300D+03       0.82690D-04      -0.22885D-02       0.39818D+00       0.19617D-01
       0.65400D+03       0.82592D-04      -0.28076D+00       0.39802D+00       0.19624D-01
       0.65500D+03       0.82645D-04      -0.64988D+00       0.39813D+00       0.19625D-01
       0.65600D+03       0.82584D-04      -0.53366D+00       0.39834D+00       0.19648D-01
       0.65700D+03       0.83082D-04      -0.12375D+00       0.39835D+00       0.19638D-01
       0.65800D+03       0.82931D-04      -0.29738D-01       0.39812D+00       0.19634D-01
       0.65900D+03       0.82891D-04      -0.38260D+00       0.39803D+00       0.19620D-01
       0.66000D+03       0.82776D-04      -0.67478D+00       0.39818D+00       0.19596D-01
       0.66100D+03       0.82667D-04      -0.43909D+00       0.39836D+00       0.19593D-01
       0.66200D+03       0.82719D-04      -0.56619D-01       0.39831D+00       0.19571D-01
       0.66300D+03       0.82566D-04      -0.82183D-01       0.39807D+00       0.19569D-01
       0.66400D+03       0.82578D-04      -0.48060D+00       0.39805D+00       0.19550D-01
       0.66500D+03       0.82417D-04      -0.66857D+00       0.39824D+00       0.19524D-01
       0.66600D+03       0.82583D-04      -0.33968D+00       0.39837D+00       0.19527D-01
       0.66700D+03       0.82608D-04      -0.14839D-01       0.39825D+00       0.19513D-01
       0.66800D+03       0.82455D-04      -0.15914D+00       0.39804D+00       0.19524D-01
       0.66900D+03       0.82616D-04      -0.56940D+00       0.39808D+00       0.19517D-01
       0.67000D+03       0.82463D-04      -0.62795D+00       0.39828D+00       0.19497D-01
       0.67100D+03       0.82663D-04      -0.23755D+00       0.39837D+00       0.19528D-01
       0.67200D+03       0.82546D-04      -0.11701D-03       0.39819D+00       0.19525D-01
