Problem type:
least_squares
nparams:
15
function_evaluation,seconds,x(0),x(1),x(2),x(3),x(4),x(5),x(6),x(7),x(8),x(9),x(10),x(11),x(12),x(13),x(14)
     0,  4.9150e+00, -1.5274800966463900e-01,  2.9840524673296709e-01, -2.8414087394077078e-02,  3.4921213918744803e-01, -3.7369702835443786e-03,  5.2730859880500844e-02, -4.8579014653194344e-03,  1.3200770014228245e-03, -3.1364457939510348e-01,  9.5155259401547054e-01,  8.4143946280997839e-01,  3.6665666848380352e-01, -4.8425222915668809e-02,  3.5406969967005993e-02,  4.0460744489455536e+00
     1,  4.9151e+00, -3.5274800966463904e-01,  2.9840524673296709e-01, -2.8414087394077078e-02,  3.4921213918744803e-01, -3.7369702835443786e-03,  5.2730859880500844e-02, -4.8579014653194344e-03,  1.3200770014228245e-03, -3.1364457939510348e-01,  9.5155259401547054e-01,  8.4143946280997839e-01,  3.6665666848380352e-01, -4.8425222915668809e-02,  3.5406969967005993e-02,  4.0460744489455536e+00
     2,  4.9152e+00, -2.5274800966463901e-01,  3.9840524673296707e-01, -2.8414087394077078e-02,  3.4921213918744803e-01, -3.7369702835443786e-03,  5.2730859880500844e-02, -4.8579014653194344e-03,  1.3200770014228245e-03, -3.1364457939510348e-01,  9.5155259401547054e-01,  8.4143946280997839e-01,  3.6665666848380352e-01, -4.8425222915668809e-02,  3.5406969967005993e-02,  4.0460744489455536e+00
     3,  4.9152e+00, -2.5274800966463901e-01,  1.9840524673296708e-01, -2.8414087394077078e-02,  3.4921213918744803e-01, -3.7369702835443786e-03,  5.2730859880500844e-02, -4.8579014653194344e-03,  1.3200770014228245e-03, -3.1364457939510348e-01,  9.5155259401547054e-01,  8.4143946280997839e-01,  3.6665666848380352e-01, -4.8425222915668809e-02,  3.5406969967005993e-02,  4.0460744489455536e+00
     4,  4.9152e+00, -2.5274800966463901e-01,  2.9840524673296709e-01,  7.1585912605922924e-02,  3.4921213918744803e-01, -3.7369702835443786e-03,  5.2730859880500844e-02, -4.8579014653194344e-03,  1.3200770014228245e-03, -3.1364457939510348e-01,  9.5155259401547054e-01,  8.4143946280997839e-01,  3.6665666848380352e-01, -4.8425222915668809e-02,  3.5406969967005993e-02,  4.0460744489455536e+00
     5,  4.9152e+00, -2.5274800966463901e-01,  2.9840524673296709e-01, -1.2841408739407709e-01,  3.4921213918744803e-01, -3.7369702835443786e-03,  5.2730859880500844e-02, -4.8579014653194344e-03,  1.3200770014228245e-03, -3.1364457939510348e-01,  9.5155259401547054e-01,  8.4143946280997839e-01,  3.6665666848380352e-01, -4.8425222915668809e-02,  3.5406969967005993e-02,  4.0460744489455536e+00
     6,  4.9153e+00, -2.5274800966463901e-01,  2.9840524673296709e-01, -2.8414087394077078e-02,  4.4921213918744807e-01, -3.7369702835443786e-03,  5.2730859880500844e-02, -4.8579014653194344e-03,  1.3200770014228245e-03, -3.1364457939510348e-01,  9.5155259401547054e-01,  8.4143946280997839e-01,  3.6665666848380352e-01, -4.8425222915668809e-02,  3.5406969967005993e-02,  4.0460744489455536e+00
     7,  4.9153e+00, -2.5274800966463901e-01,  2.9840524673296709e-01, -2.8414087394077078e-02,  2.4921213918744803e-01, -3.7369702835443786e-03,  5.2730859880500844e-02, -4.8579014653194344e-03,  1.3200770014228245e-03, -3.1364457939510348e-01,  9.5155259401547054e-01,  8.4143946280997839e-01,  3.6665666848380352e-01, -4.8425222915668809e-02,  3.5406969967005993e-02,  4.0460744489455536e+00
     8,  4.9153e+00, -2.5274800966463901e-01,  2.9840524673296709e-01, -2.8414087394077078e-02,  3.4921213918744803e-01,  9.6263029716455631e-02,  5.2730859880500844e-02, -4.8579014653194344e-03,  1.3200770014228245e-03, -3.1364457939510348e-01,  9.5155259401547054e-01,  8.4143946280997839e-01,  3.6665666848380352e-01, -4.8425222915668809e-02,  3.5406969967005993e-02,  4.0460744489455536e+00
     9,  4.9153e+00, -2.5274800966463901e-01,  2.9840524673296709e-01, -2.8414087394077078e-02,  3.4921213918744803e-01, -1.0373697028354438e-01,  5.2730859880500844e-02, -4.8579014653194344e-03,  1.3200770014228245e-03, -3.1364457939510348e-01,  9.5155259401547054e-01,  8.4143946280997839e-01,  3.6665666848380352e-01, -4.8425222915668809e-02,  3.5406969967005993e-02,  4.0460744489455536e+00
    10,  4.9154e+00, -2.5274800966463901e-01,  2.9840524673296709e-01, -2.8414087394077078e-02,  3.4921213918744803e-01, -3.7369702835443786e-03,  1.5273085988050084e-01, -4.8579014653194344e-03,  1.3200770014228245e-03, -3.1364457939510348e-01,  9.5155259401547054e-01,  8.4143946280997839e-01,  3.6665666848380352e-01, -4.8425222915668809e-02,  3.5406969967005993e-02,  4.0460744489455536e+00
    11,  4.9154e+00, -2.5274800966463901e-01,  2.9840524673296709e-01, -2.8414087394077078e-02,  3.4921213918744803e-01, -3.7369702835443786e-03, -4.7269140119499162e-02, -4.8579014653194344e-03,  1.3200770014228245e-03, -3.1364457939510348e-01,  9.5155259401547054e-01,  8.4143946280997839e-01,  3.6665666848380352e-01, -4.8425222915668809e-02,  3.5406969967005993e-02,  4.0460744489455536e+00
    12,  4.9154e+00, -2.5274800966463901e-01,  2.9840524673296709e-01, -2.8414087394077078e-02,  3.4921213918744803e-01, -3.7369702835443786e-03,  5.2730859880500844e-02,  9.5142098534680572e-02,  1.3200770014228245e-03, -3.1364457939510348e-01,  9.5155259401547054e-01,  8.4143946280997839e-01,  3.6665666848380352e-01, -4.8425222915668809e-02,  3.5406969967005993e-02,  4.0460744489455536e+00
    13,  4.9155e+00, -2.5274800966463901e-01,  2.9840524673296709e-01, -2.8414087394077078e-02,  3.4921213918744803e-01, -3.7369702835443786e-03,  5.2730859880500844e-02, -1.0485790146531944e-01,  1.3200770014228245e-03, -3.1364457939510348e-01,  9.5155259401547054e-01,  8.4143946280997839e-01,  3.6665666848380352e-01, -4.8425222915668809e-02,  3.5406969967005993e-02,  4.0460744489455536e+00
    14,  4.9155e+00, -2.5274800966463901e-01,  2.9840524673296709e-01, -2.8414087394077078e-02,  3.4921213918744803e-01, -3.7369702835443786e-03,  5.2730859880500844e-02, -4.8579014653194344e-03,  1.0132007700142283e-01, -3.1364457939510348e-01,  9.5155259401547054e-01,  8.4143946280997839e-01,  3.6665666848380352e-01, -4.8425222915668809e-02,  3.5406969967005993e-02,  4.0460744489455536e+00
    15,  4.9155e+00, -2.5274800966463901e-01,  2.9840524673296709e-01, -2.8414087394077078e-02,  3.4921213918744803e-01, -3.7369702835443786e-03,  5.2730859880500844e-02, -4.8579014653194344e-03, -9.8679922998577183e-02, -3.1364457939510348e-01,  9.5155259401547054e-01,  8.4143946280997839e-01,  3.6665666848380352e-01, -4.8425222915668809e-02,  3.5406969967005993e-02,  4.0460744489455536e+00
    16,  4.9155e+00, -2.5274800966463901e-01,  2.9840524673296709e-01, -2.8414087394077078e-02,  3.4921213918744803e-01, -3.7369702835443786e-03,  5.2730859880500844e-02, -4.8579014653194344e-03,  1.3200770014228245e-03, -2.1364457939510348e-01,  9.5155259401547054e-01,  8.4143946280997839e-01,  3.6665666848380352e-01, -4.8425222915668809e-02,  3.5406969967005993e-02,  4.0460744489455536e+00
    17,  4.9156e+00, -2.5274800966463901e-01,  2.9840524673296709e-01, -2.8414087394077078e-02,  3.4921213918744803e-01, -3.7369702835443786e-03,  5.2730859880500844e-02, -4.8579014653194344e-03,  1.3200770014228245e-03, -4.1364457939510346e-01,  9.5155259401547054e-01,  8.4143946280997839e-01,  3.6665666848380352e-01, -4.8425222915668809e-02,  3.5406969967005993e-02,  4.0460744489455536e+00
    18,  4.9156e+00, -2.5274800966463901e-01,  2.9840524673296709e-01, -2.8414087394077078e-02,  3.4921213918744803e-01, -3.7369702835443786e-03,  5.2730859880500844e-02, -4.8579014653194344e-03,  1.3200770014228245e-03, -3.1364457939510348e-01,  1.0515525940154706e+00,  8.4143946280997839e-01,  3.6665666848380352e-01, -4.8425222915668809e-02,  3.5406969967005993e-02,  4.0460744489455536e+00
    19,  4.9156e+00, -2.5274800966463901e-01,  2.9840524673296709e-01, -2.8414087394077078e-02,  3.4921213918744803e-01, -3.7369702835443786e-03,  5.2730859880500844e-02, -4.8579014653194344e-03,  1.3200770014228245e-03, -3.1364457939510348e-01,  8.5155259401547057e-01,  8.4143946280997839e-01,  3.6665666848380352e-01, -4.8425222915668809e-02,  3.5406969967005993e-02,  4.0460744489455536e+00
    20,  4.9156e+00, -2.5274800966463901e-01,  2.9840524673296709e-01, -2.8414087394077078e-02,  3.4921213918744803e-01, -3.7369702835443786e-03,  5.2730859880500844e-02, -4.8579014653194344e-03,  1.3200770014228245e-03, -3.1364457939510348e-01,  9.5155259401547054e-01,  9.4143946280997837e-01,  3.6665666848380352e-01, -4.8425222915668809e-02,  3.5406969967005993e-02,  4.0460744489455536e+00
    21,  4.9157e+00, -2.5274800966463901e-01,  2.9840524673296709e-01, -2.8414087394077078e-02,  3.4921213918744803e-01, -3.7369702835443786e-03,  5.2730859880500844e-02, -4.8579014653194344e-03,  1.3200770014228245e-03, -3.1364457939510348e-01,  9.5155259401547054e-01,  7.4143946280997841e-01,  3.6665666848380352e-01, -4.8425222915668809e-02,  3.5406969967005993e-02,  4.0460744489455536e+00
    22,  4.9157e+00, -2.5274800966463901e-01,  2.9840524673296709e-01, -2.8414087394077078e-02,  3.4921213918744803e-01, -3.7369702835443786e-03,  5.2730859880500844e-02, -4.8579014653194344e-03,  1.3200770014228245e-03, -3.1364457939510348e-01,  9.5155259401547054e-01,  8.4143946280997839e-01,  4.6665666848380349e-01, -4.8425222915668809e-02,  3.5406969967005993e-02,  4.0460744489455536e+00
    23,  4.9157e+00, -2.5274800966463901e-01,  2.9840524673296709e-01, -2.8414087394077078e-02,  3.4921213918744803e-01, -3.7369702835443786e-03,  5.2730859880500844e-02, -4.8579014653194344e-03,  1.3200770014228245e-03, -3.1364457939510348e-01,  9.5155259401547054e-01,  8.4143946280997839e-01,  2.6665666848380354e-01, -4.8425222915668809e-02,  3.5406969967005993e-02,  4.0460744489455536e+00
    24,  4.9157e+00, -2.5274800966463901e-01,  2.9840524673296709e-01, -2.8414087394077078e-02,  3.4921213918744803e-01, -3.7369702835443786e-03,  5.2730859880500844e-02, -4.8579014653194344e-03,  1.3200770014228245e-03, -3.1364457939510348e-01,  9.5155259401547054e-01,  8.4143946280997839e-01,  3.6665666848380352e-01,  5.1574777084331197e-02,  3.5406969967005993e-02,  4.0460744489455536e+00
    25,  4.9158e+00, -2.5274800966463901e-01,  2.9840524673296709e-01, -2.8414087394077078e-02,  3.4921213918744803e-01, -3.7369702835443786e-03,  5.2730859880500844e-02, -4.8579014653194344e-03,  1.3200770014228245e-03, -3.1364457939510348e-01,  9.5155259401547054e-01,  8.4143946280997839e-01,  3.6665666848380352e-01, -1.4842522291566881e-01,  3.5406969967005993e-02,  4.0460744489455536e+00
    26,  4.9158e+00, -2.5274800966463901e-01,  2.9840524673296709e-01, -2.8414087394077078e-02,  3.4921213918744803e-01, -3.7369702835443786e-03,  5.2730859880500844e-02, -4.8579014653194344e-03,  1.3200770014228245e-03, -3.1364457939510348e-01,  9.5155259401547054e-01,  8.4143946280997839e-01,  3.6665666848380352e-01, -4.8425222915668809e-02,  1.3540696996700599e-01,  4.0460744489455536e+00
    27,  4.9158e+00, -2.5274800966463901e-01,  2.9840524673296709e-01, -2.8414087394077078e-02,  3.4921213918744803e-01, -3.7369702835443786e-03,  5.2730859880500844e-02, -4.8579014653194344e-03,  1.3200770014228245e-03, -3.1364457939510348e-01,  9.5155259401547054e-01,  8.4143946280997839e-01,  3.6665666848380352e-01, -4.8425222915668809e-02, -6.4593030032994020e-02,  4.0460744489455536e+00
    28,  4.9158e+00, -2.5274800966463901e-01,  2.9840524673296709e-01, -2.8414087394077078e-02,  3.4921213918744803e-01, -3.7369702835443786e-03,  5.2730859880500844e-02, -4.8579014653194344e-03,  1.3200770014228245e-03, -3.1364457939510348e-01,  9.5155259401547054e-01,  8.4143946280997839e-01,  3.6665666848380352e-01, -4.8425222915668809e-02,  3.5406969967005993e-02,  4.1460744489455532e+00
    29,  4.9159e+00, -2.5274800966463901e-01,  2.9840524673296709e-01, -2.8414087394077078e-02,  3.4921213918744803e-01, -3.7369702835443786e-03,  5.2730859880500844e-02, -4.8579014653194344e-03,  1.3200770014228245e-03, -3.1364457939510348e-01,  9.5155259401547054e-01,  8.4143946280997839e-01,  3.6665666848380352e-01, -4.8425222915668809e-02,  3.5406969967005993e-02,  3.9460744489455535e+00
