Problem type:
least_squares
nparams:
15
function_evaluation,seconds,x(0),x(1),x(2),x(3),x(4),x(5),x(6),x(7),x(8),x(9),x(10),x(11),x(12),x(13),x(14)
     0,  5.3371e+00, -2.4798701334441223e-01,  3.0078081080451452e-01, -2.9006965914685181e-02,  3.6483894175545722e-01, -8.7967299921021657e-03,  3.9195043883427427e-02, -1.0180890054832772e-02,  2.2769270193573318e-02, -6.2888088559567723e-01,  7.8056923843281434e-01,  1.0180485566521615e+00,  5.1691090448575694e-01, -4.1694544119134168e-02,  4.1799309651433435e-02,  3.8553534359389423e+00
     1,  5.3372e+00, -2.5299685199783467e-01,  3.0078081080451452e-01, -2.9006965914685181e-02,  3.6483894175545722e-01, -8.7967299921021657e-03,  3.9195043883427427e-02, -1.0180890054832772e-02,  2.2769270193573318e-02, -6.2888088559567723e-01,  7.8056923843281434e-01,  1.0180485566521615e+00,  5.1691090448575694e-01, -4.1694544119134168e-02,  4.1799309651433435e-02,  3.8553534359389423e+00
     2,  5.3372e+00, -2.5049193267112346e-01,  3.0378861891255965e-01, -2.9006965914685181e-02,  3.6483894175545722e-01, -8.7967299921021657e-03,  3.9195043883427427e-02, -1.0180890054832772e-02,  2.2769270193573318e-02, -6.2888088559567723e-01,  7.8056923843281434e-01,  1.0180485566521615e+00,  5.1691090448575694e-01, -4.1694544119134168e-02,  4.1799309651433435e-02,  3.8553534359389423e+00
     3,  5.3372e+00, -2.5049193267112346e-01,  2.9777300269646939e-01, -2.9006965914685181e-02,  3.6483894175545722e-01, -8.7967299921021657e-03,  3.9195043883427427e-02, -1.0180890054832772e-02,  2.2769270193573318e-02, -6.2888088559567723e-01,  7.8056923843281434e-01,  1.0180485566521615e+00,  5.1691090448575694e-01, -4.1694544119134168e-02,  4.1799309651433435e-02,  3.8553534359389423e+00
     4,  5.3373e+00, -2.5049193267112346e-01,  3.0078081080451452e-01, -2.8716896255538329e-02,  3.6483894175545722e-01, -8.7967299921021657e-03,  3.9195043883427427e-02, -1.0180890054832772e-02,  2.2769270193573318e-02, -6.2888088559567723e-01,  7.8056923843281434e-01,  1.0180485566521615e+00,  5.1691090448575694e-01, -4.1694544119134168e-02,  4.1799309651433435e-02,  3.8553534359389423e+00
     5,  5.3373e+00, -2.5049193267112346e-01,  3.0078081080451452e-01, -2.9297035573832033e-02,  3.6483894175545722e-01, -8.7967299921021657e-03,  3.9195043883427427e-02, -1.0180890054832772e-02,  2.2769270193573318e-02, -6.2888088559567723e-01,  7.8056923843281434e-01,  1.0180485566521615e+00,  5.1691090448575694e-01, -4.1694544119134168e-02,  4.1799309651433435e-02,  3.8553534359389423e+00
     6,  5.3373e+00, -2.5049193267112346e-01,  3.0078081080451452e-01, -2.9006965914685181e-02,  3.6848733117301180e-01, -8.7967299921021657e-03,  3.9195043883427427e-02, -1.0180890054832772e-02,  2.2769270193573318e-02, -6.2888088559567723e-01,  7.8056923843281434e-01,  1.0180485566521615e+00,  5.1691090448575694e-01, -4.1694544119134168e-02,  4.1799309651433435e-02,  3.8553534359389423e+00
     7,  5.3373e+00, -2.5049193267112346e-01,  3.0078081080451452e-01, -2.9006965914685181e-02,  3.6119055233790265e-01, -8.7967299921021657e-03,  3.9195043883427427e-02, -1.0180890054832772e-02,  2.2769270193573318e-02, -6.2888088559567723e-01,  7.8056923843281434e-01,  1.0180485566521615e+00,  5.1691090448575694e-01, -4.1694544119134168e-02,  4.1799309651433435e-02,  3.8553534359389423e+00
     8,  5.3374e+00, -2.5049193267112346e-01,  3.0078081080451452e-01, -2.9006965914685181e-02,  3.6483894175545722e-01, -8.6967299921021663e-03,  3.9195043883427427e-02, -1.0180890054832772e-02,  2.2769270193573318e-02, -6.2888088559567723e-01,  7.8056923843281434e-01,  1.0180485566521615e+00,  5.1691090448575694e-01, -4.1694544119134168e-02,  4.1799309651433435e-02,  3.8553534359389423e+00
     9,  5.3374e+00, -2.5049193267112346e-01,  3.0078081080451452e-01, -2.9006965914685181e-02,  3.6483894175545722e-01, -8.8967299921021651e-03,  3.9195043883427427e-02, -1.0180890054832772e-02,  2.2769270193573318e-02, -6.2888088559567723e-01,  7.8056923843281434e-01,  1.0180485566521615e+00,  5.1691090448575694e-01, -4.1694544119134168e-02,  4.1799309651433435e-02,  3.8553534359389423e+00
    10,  5.3374e+00, -2.5049193267112346e-01,  3.0078081080451452e-01, -2.9006965914685181e-02,  3.6483894175545722e-01, -8.7967299921021657e-03,  3.9586994322261704e-02, -1.0180890054832772e-02,  2.2769270193573318e-02, -6.2888088559567723e-01,  7.8056923843281434e-01,  1.0180485566521615e+00,  5.1691090448575694e-01, -4.1694544119134168e-02,  4.1799309651433435e-02,  3.8553534359389423e+00
    11,  5.3374e+00, -2.5049193267112346e-01,  3.0078081080451452e-01, -2.9006965914685181e-02,  3.6483894175545722e-01, -8.7967299921021657e-03,  3.8803093444593151e-02, -1.0180890054832772e-02,  2.2769270193573318e-02, -6.2888088559567723e-01,  7.8056923843281434e-01,  1.0180485566521615e+00,  5.1691090448575694e-01, -4.1694544119134168e-02,  4.1799309651433435e-02,  3.8553534359389423e+00
    12,  5.3375e+00, -2.5049193267112346e-01,  3.0078081080451452e-01, -2.9006965914685181e-02,  3.6483894175545722e-01, -8.7967299921021657e-03,  3.9195043883427427e-02, -1.0079081154284445e-02,  2.2769270193573318e-02, -6.2888088559567723e-01,  7.8056923843281434e-01,  1.0180485566521615e+00,  5.1691090448575694e-01, -4.1694544119134168e-02,  4.1799309651433435e-02,  3.8553534359389423e+00
    13,  5.3375e+00, -2.5049193267112346e-01,  3.0078081080451452e-01, -2.9006965914685181e-02,  3.6483894175545722e-01, -8.7967299921021657e-03,  3.9195043883427427e-02, -1.0282698955381099e-02,  2.2769270193573318e-02, -6.2888088559567723e-01,  7.8056923843281434e-01,  1.0180485566521615e+00,  5.1691090448575694e-01, -4.1694544119134168e-02,  4.1799309651433435e-02,  3.8553534359389423e+00
    14,  5.3375e+00, -2.5049193267112346e-01,  3.0078081080451452e-01, -2.9006965914685181e-02,  3.6483894175545722e-01, -8.7967299921021657e-03,  3.9195043883427427e-02, -1.0180890054832772e-02,  2.2996962895509052e-02, -6.2888088559567723e-01,  7.8056923843281434e-01,  1.0180485566521615e+00,  5.1691090448575694e-01, -4.1694544119134168e-02,  4.1799309651433435e-02,  3.8553534359389423e+00
    15,  5.3375e+00, -2.5049193267112346e-01,  3.0078081080451452e-01, -2.9006965914685181e-02,  3.6483894175545722e-01, -8.7967299921021657e-03,  3.9195043883427427e-02, -1.0180890054832772e-02,  2.2541577491637585e-02, -6.2888088559567723e-01,  7.8056923843281434e-01,  1.0180485566521615e+00,  5.1691090448575694e-01, -4.1694544119134168e-02,  4.1799309651433435e-02,  3.8553534359389423e+00
    16,  5.3376e+00, -2.5049193267112346e-01,  3.0078081080451452e-01, -2.9006965914685181e-02,  3.6483894175545722e-01, -8.7967299921021657e-03,  3.9195043883427427e-02, -1.0180890054832772e-02,  2.2769270193573318e-02, -6.2259207673972050e-01,  7.8056923843281434e-01,  1.0180485566521615e+00,  5.1691090448575694e-01, -4.1694544119134168e-02,  4.1799309651433435e-02,  3.8553534359389423e+00
    17,  5.3376e+00, -2.5049193267112346e-01,  3.0078081080451452e-01, -2.9006965914685181e-02,  3.6483894175545722e-01, -8.7967299921021657e-03,  3.9195043883427427e-02, -1.0180890054832772e-02,  2.2769270193573318e-02, -6.3516969445163396e-01,  7.8056923843281434e-01,  1.0180485566521615e+00,  5.1691090448575694e-01, -4.1694544119134168e-02,  4.1799309651433435e-02,  3.8553534359389423e+00
    18,  5.3376e+00, -2.5049193267112346e-01,  3.0078081080451452e-01, -2.9006965914685181e-02,  3.6483894175545722e-01, -8.7967299921021657e-03,  3.9195043883427427e-02, -1.0180890054832772e-02,  2.2769270193573318e-02, -6.2888088559567723e-01,  7.8837493081714249e-01,  1.0180485566521615e+00,  5.1691090448575694e-01, -4.1694544119134168e-02,  4.1799309651433435e-02,  3.8553534359389423e+00
    19,  5.3376e+00, -2.5049193267112346e-01,  3.0078081080451452e-01, -2.9006965914685181e-02,  3.6483894175545722e-01, -8.7967299921021657e-03,  3.9195043883427427e-02, -1.0180890054832772e-02,  2.2769270193573318e-02, -6.2888088559567723e-01,  7.7276354604848618e-01,  1.0180485566521615e+00,  5.1691090448575694e-01, -4.1694544119134168e-02,  4.1799309651433435e-02,  3.8553534359389423e+00
    20,  5.3377e+00, -2.5049193267112346e-01,  3.0078081080451452e-01, -2.9006965914685181e-02,  3.6483894175545722e-01, -8.7967299921021657e-03,  3.9195043883427427e-02, -1.0180890054832772e-02,  2.2769270193573318e-02, -6.2888088559567723e-01,  7.8056923843281434e-01,  1.0282290422186831e+00,  5.1691090448575694e-01, -4.1694544119134168e-02,  4.1799309651433435e-02,  3.8553534359389423e+00
    21,  5.3377e+00, -2.5049193267112346e-01,  3.0078081080451452e-01, -2.9006965914685181e-02,  3.6483894175545722e-01, -8.7967299921021657e-03,  3.9195043883427427e-02, -1.0180890054832772e-02,  2.2769270193573318e-02, -6.2888088559567723e-01,  7.8056923843281434e-01,  1.0078680710856400e+00,  5.1691090448575694e-01, -4.1694544119134168e-02,  4.1799309651433435e-02,  3.8553534359389423e+00
    22,  5.3377e+00, -2.5049193267112346e-01,  3.0078081080451452e-01, -2.9006965914685181e-02,  3.6483894175545722e-01, -8.7967299921021657e-03,  3.9195043883427427e-02, -1.0180890054832772e-02,  2.2769270193573318e-02, -6.2888088559567723e-01,  7.8056923843281434e-01,  1.0180485566521615e+00,  5.2208001353061451e-01, -4.1694544119134168e-02,  4.1799309651433435e-02,  3.8553534359389423e+00
    23,  5.3377e+00, -2.5049193267112346e-01,  3.0078081080451452e-01, -2.9006965914685181e-02,  3.6483894175545722e-01, -8.7967299921021657e-03,  3.9195043883427427e-02, -1.0180890054832772e-02,  2.2769270193573318e-02, -6.2888088559567723e-01,  7.8056923843281434e-01,  1.0180485566521615e+00,  5.1174179544089937e-01, -4.1694544119134168e-02,  4.1799309651433435e-02,  3.8553534359389423e+00
    24,  5.3378e+00, -2.5049193267112346e-01,  3.0078081080451452e-01, -2.9006965914685181e-02,  3.6483894175545722e-01, -8.7967299921021657e-03,  3.9195043883427427e-02, -1.0180890054832772e-02,  2.2769270193573318e-02, -6.2888088559567723e-01,  7.8056923843281434e-01,  1.0180485566521615e+00,  5.1691090448575694e-01, -4.1277598677942826e-02,  4.1799309651433435e-02,  3.8553534359389423e+00
    25,  5.3378e+00, -2.5049193267112346e-01,  3.0078081080451452e-01, -2.9006965914685181e-02,  3.6483894175545722e-01, -8.7967299921021657e-03,  3.9195043883427427e-02, -1.0180890054832772e-02,  2.2769270193573318e-02, -6.2888088559567723e-01,  7.8056923843281434e-01,  1.0180485566521615e+00,  5.1691090448575694e-01, -4.2111489560325510e-02,  4.1799309651433435e-02,  3.8553534359389423e+00
    26,  5.3378e+00, -2.5049193267112346e-01,  3.0078081080451452e-01, -2.9006965914685181e-02,  3.6483894175545722e-01, -8.7967299921021657e-03,  3.9195043883427427e-02, -1.0180890054832772e-02,  2.2769270193573318e-02, -6.2888088559567723e-01,  7.8056923843281434e-01,  1.0180485566521615e+00,  5.1691090448575694e-01, -4.1694544119134168e-02,  4.2217302747947771e-02,  3.8553534359389423e+00
    27,  5.3378e+00, -2.5049193267112346e-01,  3.0078081080451452e-01, -2.9006965914685181e-02,  3.6483894175545722e-01, -8.7967299921021657e-03,  3.9195043883427427e-02, -1.0180890054832772e-02,  2.2769270193573318e-02, -6.2888088559567723e-01,  7.8056923843281434e-01,  1.0180485566521615e+00,  5.1691090448575694e-01, -4.1694544119134168e-02,  4.1381316554919098e-02,  3.8553534359389423e+00
    28,  5.3379e+00, -2.5049193267112346e-01,  3.0078081080451452e-01, -2.9006965914685181e-02,  3.6483894175545722e-01, -8.7967299921021657e-03,  3.9195043883427427e-02, -1.0180890054832772e-02,  2.2769270193573318e-02, -6.2888088559567723e-01,  7.8056923843281434e-01,  1.0180485566521615e+00,  5.1691090448575694e-01, -4.1694544119134168e-02,  4.1799309651433435e-02,  3.8939069702983318e+00
    29,  5.3379e+00, -2.5049193267112346e-01,  3.0078081080451452e-01, -2.9006965914685181e-02,  3.6483894175545722e-01, -8.7967299921021657e-03,  3.9195043883427427e-02, -1.0180890054832772e-02,  2.2769270193573318e-02, -6.2888088559567723e-01,  7.8056923843281434e-01,  1.0180485566521615e+00,  5.1691090448575694e-01, -4.1694544119134168e-02,  4.1799309651433435e-02,  3.8167999015795528e+00
    30,  1.0458e+01, -2.4670066699431081e-01,  3.0455116141313449e-01, -2.8845031986914935e-02,  3.6003037832686285e-01, -8.4330215556936705e-03,  3.1375989302709795e-02, -1.3465609179273506e-02,  7.7464610676291762e-02, -7.4000281842342119e-01,  7.4301492489621912e-01,  1.1191213405913270e+00,  5.3215810812542297e-01, -3.8482360266225590e-02,  4.2708352581874859e-02,  3.9614026938768507e+00
    31,  1.0458e+01, -2.5168451885278176e-01,  3.0455116141313449e-01, -2.8845031986914935e-02,  3.6003037832686285e-01, -8.4330215556936705e-03,  3.1375989302709795e-02, -1.3465609179273506e-02,  7.7464610676291762e-02, -7.4000281842342119e-01,  7.4301492489621912e-01,  1.1191213405913270e+00,  5.3215810812542297e-01, -3.8482360266225590e-02,  4.2708352581874859e-02,  3.9614026938768507e+00
    32,  1.0458e+01, -2.4919259292354629e-01,  3.0759667302726584e-01, -2.8845031986914935e-02,  3.6003037832686285e-01, -8.4330215556936705e-03,  3.1375989302709795e-02, -1.3465609179273506e-02,  7.7464610676291762e-02, -7.4000281842342119e-01,  7.4301492489621912e-01,  1.1191213405913270e+00,  5.3215810812542297e-01, -3.8482360266225590e-02,  4.2708352581874859e-02,  3.9614026938768507e+00
    33,  1.0458e+01, -2.4919259292354629e-01,  3.0150564979900313e-01, -2.8845031986914935e-02,  3.6003037832686285e-01, -8.4330215556936705e-03,  3.1375989302709795e-02, -1.3465609179273506e-02,  7.7464610676291762e-02, -7.4000281842342119e-01,  7.4301492489621912e-01,  1.1191213405913270e+00,  5.3215810812542297e-01, -3.8482360266225590e-02,  4.2708352581874859e-02,  3.9614026938768507e+00
    34,  1.0458e+01, -2.4919259292354629e-01,  3.0455116141313449e-01, -2.8556581667045788e-02,  3.6003037832686285e-01, -8.4330215556936705e-03,  3.1375989302709795e-02, -1.3465609179273506e-02,  7.7464610676291762e-02, -7.4000281842342119e-01,  7.4301492489621912e-01,  1.1191213405913270e+00,  5.3215810812542297e-01, -3.8482360266225590e-02,  4.2708352581874859e-02,  3.9614026938768507e+00
    35,  1.0458e+01, -2.4919259292354629e-01,  3.0455116141313449e-01, -2.9133482306784083e-02,  3.6003037832686285e-01, -8.4330215556936705e-03,  3.1375989302709795e-02, -1.3465609179273506e-02,  7.7464610676291762e-02, -7.4000281842342119e-01,  7.4301492489621912e-01,  1.1191213405913270e+00,  5.3215810812542297e-01, -3.8482360266225590e-02,  4.2708352581874859e-02,  3.9614026938768507e+00
    36,  1.0458e+01, -2.4919259292354629e-01,  3.0455116141313449e-01, -2.8845031986914935e-02,  3.6363068211013150e-01, -8.4330215556936705e-03,  3.1375989302709795e-02, -1.3465609179273506e-02,  7.7464610676291762e-02, -7.4000281842342119e-01,  7.4301492489621912e-01,  1.1191213405913270e+00,  5.3215810812542297e-01, -3.8482360266225590e-02,  4.2708352581874859e-02,  3.9614026938768507e+00
    37,  1.0458e+01, -2.4919259292354629e-01,  3.0455116141313449e-01, -2.8845031986914935e-02,  3.5643007454359421e-01, -8.4330215556936705e-03,  3.1375989302709795e-02, -1.3465609179273506e-02,  7.7464610676291762e-02, -7.4000281842342119e-01,  7.4301492489621912e-01,  1.1191213405913270e+00,  5.3215810812542297e-01, -3.8482360266225590e-02,  4.2708352581874859e-02,  3.9614026938768507e+00
    38,  1.0458e+01, -2.4919259292354629e-01,  3.0455116141313449e-01, -2.8845031986914935e-02,  3.6003037832686285e-01, -8.3330215556936711e-03,  3.1375989302709795e-02, -1.3465609179273506e-02,  7.7464610676291762e-02, -7.4000281842342119e-01,  7.4301492489621912e-01,  1.1191213405913270e+00,  5.3215810812542297e-01, -3.8482360266225590e-02,  4.2708352581874859e-02,  3.9614026938768507e+00
    39,  1.0458e+01, -2.4919259292354629e-01,  3.0455116141313449e-01, -2.8845031986914935e-02,  3.6003037832686285e-01, -8.5330215556936699e-03,  3.1375989302709795e-02, -1.3465609179273506e-02,  7.7464610676291762e-02, -7.4000281842342119e-01,  7.4301492489621912e-01,  1.1191213405913270e+00,  5.3215810812542297e-01, -3.8482360266225590e-02,  4.2708352581874859e-02,  3.9614026938768507e+00
    40,  1.0458e+01, -2.4919259292354629e-01,  3.0455116141313449e-01, -2.8845031986914935e-02,  3.6003037832686285e-01, -8.4330215556936705e-03,  3.1689749195736895e-02, -1.3465609179273506e-02,  7.7464610676291762e-02, -7.4000281842342119e-01,  7.4301492489621912e-01,  1.1191213405913270e+00,  5.3215810812542297e-01, -3.8482360266225590e-02,  4.2708352581874859e-02,  3.9614026938768507e+00
    41,  1.0458e+01, -2.4919259292354629e-01,  3.0455116141313449e-01, -2.8845031986914935e-02,  3.6003037832686285e-01, -8.4330215556936705e-03,  3.1062229409682698e-02, -1.3465609179273506e-02,  7.7464610676291762e-02, -7.4000281842342119e-01,  7.4301492489621912e-01,  1.1191213405913270e+00,  5.3215810812542297e-01, -3.8482360266225590e-02,  4.2708352581874859e-02,  3.9614026938768507e+00
    42,  1.0458e+01, -2.4919259292354629e-01,  3.0455116141313449e-01, -2.8845031986914935e-02,  3.6003037832686285e-01, -8.4330215556936705e-03,  3.1375989302709795e-02, -1.3330953087480770e-02,  7.7464610676291762e-02, -7.4000281842342119e-01,  7.4301492489621912e-01,  1.1191213405913270e+00,  5.3215810812542297e-01, -3.8482360266225590e-02,  4.2708352581874859e-02,  3.9614026938768507e+00
    43,  1.0458e+01, -2.4919259292354629e-01,  3.0455116141313449e-01, -2.8845031986914935e-02,  3.6003037832686285e-01, -8.4330215556936705e-03,  3.1375989302709795e-02, -1.3600265271066241e-02,  7.7464610676291762e-02, -7.4000281842342119e-01,  7.4301492489621912e-01,  1.1191213405913270e+00,  5.3215810812542297e-01, -3.8482360266225590e-02,  4.2708352581874859e-02,  3.9614026938768507e+00
    44,  1.0458e+01, -2.4919259292354629e-01,  3.0455116141313449e-01, -2.8845031986914935e-02,  3.6003037832686285e-01, -8.4330215556936705e-03,  3.1375989302709795e-02, -1.3465609179273506e-02,  7.8239256783054684e-02, -7.4000281842342119e-01,  7.4301492489621912e-01,  1.1191213405913270e+00,  5.3215810812542297e-01, -3.8482360266225590e-02,  4.2708352581874859e-02,  3.9614026938768507e+00
    45,  1.0458e+01, -2.4919259292354629e-01,  3.0455116141313449e-01, -2.8845031986914935e-02,  3.6003037832686285e-01, -8.4330215556936705e-03,  3.1375989302709795e-02, -1.3465609179273506e-02,  7.6689964569528840e-02, -7.4000281842342119e-01,  7.4301492489621912e-01,  1.1191213405913270e+00,  5.3215810812542297e-01, -3.8482360266225590e-02,  4.2708352581874859e-02,  3.9614026938768507e+00
    46,  1.0458e+01, -2.4919259292354629e-01,  3.0455116141313449e-01, -2.8845031986914935e-02,  3.6003037832686285e-01, -8.4330215556936705e-03,  3.1375989302709795e-02, -1.3465609179273506e-02,  7.7464610676291762e-02, -7.3260279023918695e-01,  7.4301492489621912e-01,  1.1191213405913270e+00,  5.3215810812542297e-01, -3.8482360266225590e-02,  4.2708352581874859e-02,  3.9614026938768507e+00
    47,  1.0458e+01, -2.4919259292354629e-01,  3.0455116141313449e-01, -2.8845031986914935e-02,  3.6003037832686285e-01, -8.4330215556936705e-03,  3.1375989302709795e-02, -1.3465609179273506e-02,  7.7464610676291762e-02, -7.4740284660765544e-01,  7.4301492489621912e-01,  1.1191213405913270e+00,  5.3215810812542297e-01, -3.8482360266225590e-02,  4.2708352581874859e-02,  3.9614026938768507e+00
    48,  1.0458e+01, -2.4919259292354629e-01,  3.0455116141313449e-01, -2.8845031986914935e-02,  3.6003037832686285e-01, -8.4330215556936705e-03,  3.1375989302709795e-02, -1.3465609179273506e-02,  7.7464610676291762e-02, -7.4000281842342119e-01,  7.5044507414518136e-01,  1.1191213405913270e+00,  5.3215810812542297e-01, -3.8482360266225590e-02,  4.2708352581874859e-02,  3.9614026938768507e+00
    49,  1.0458e+01, -2.4919259292354629e-01,  3.0455116141313449e-01, -2.8845031986914935e-02,  3.6003037832686285e-01, -8.4330215556936705e-03,  3.1375989302709795e-02, -1.3465609179273506e-02,  7.7464610676291762e-02, -7.4000281842342119e-01,  7.3558477564725688e-01,  1.1191213405913270e+00,  5.3215810812542297e-01, -3.8482360266225590e-02,  4.2708352581874859e-02,  3.9614026938768507e+00
    50,  1.0458e+01, -2.4919259292354629e-01,  3.0455116141313449e-01, -2.8845031986914935e-02,  3.6003037832686285e-01, -8.4330215556936705e-03,  3.1375989302709795e-02, -1.3465609179273506e-02,  7.7464610676291762e-02, -7.4000281842342119e-01,  7.4301492489621912e-01,  1.1303125539972403e+00,  5.3215810812542297e-01, -3.8482360266225590e-02,  4.2708352581874859e-02,  3.9614026938768507e+00
    51,  1.0458e+01, -2.4919259292354629e-01,  3.0455116141313449e-01, -2.8845031986914935e-02,  3.6003037832686285e-01, -8.4330215556936705e-03,  3.1375989302709795e-02, -1.3465609179273506e-02,  7.7464610676291762e-02, -7.4000281842342119e-01,  7.4301492489621912e-01,  1.1079301271854136e+00,  5.3215810812542297e-01, -3.8482360266225590e-02,  4.2708352581874859e-02,  3.9614026938768507e+00
    52,  1.0458e+01, -2.4919259292354629e-01,  3.0455116141313449e-01, -2.8845031986914935e-02,  3.6003037832686285e-01, -8.4330215556936705e-03,  3.1375989302709795e-02, -1.3465609179273506e-02,  7.7464610676291762e-02, -7.4000281842342119e-01,  7.4301492489621912e-01,  1.1191213405913270e+00,  5.3747968920667721e-01, -3.8482360266225590e-02,  4.2708352581874859e-02,  3.9614026938768507e+00
    53,  1.0458e+01, -2.4919259292354629e-01,  3.0455116141313449e-01, -2.8845031986914935e-02,  3.6003037832686285e-01, -8.4330215556936705e-03,  3.1375989302709795e-02, -1.3465609179273506e-02,  7.7464610676291762e-02, -7.4000281842342119e-01,  7.4301492489621912e-01,  1.1191213405913270e+00,  5.2683652704416872e-01, -3.8482360266225590e-02,  4.2708352581874859e-02,  3.9614026938768507e+00
    54,  1.0458e+01, -2.4919259292354629e-01,  3.0455116141313449e-01, -2.8845031986914935e-02,  3.6003037832686285e-01, -8.4330215556936705e-03,  3.1375989302709795e-02, -1.3465609179273506e-02,  7.7464610676291762e-02, -7.4000281842342119e-01,  7.4301492489621912e-01,  1.1191213405913270e+00,  5.3215810812542297e-01, -3.8097536663563338e-02,  4.2708352581874859e-02,  3.9614026938768507e+00
    55,  1.0459e+01, -2.4919259292354629e-01,  3.0455116141313449e-01, -2.8845031986914935e-02,  3.6003037832686285e-01, -8.4330215556936705e-03,  3.1375989302709795e-02, -1.3465609179273506e-02,  7.7464610676291762e-02, -7.4000281842342119e-01,  7.4301492489621912e-01,  1.1191213405913270e+00,  5.3215810812542297e-01, -3.8867183868887843e-02,  4.2708352581874859e-02,  3.9614026938768507e+00
    56,  1.0459e+01, -2.4919259292354629e-01,  3.0455116141313449e-01, -2.8845031986914935e-02,  3.6003037832686285e-01, -8.4330215556936705e-03,  3.1375989302709795e-02, -1.3465609179273506e-02,  7.7464610676291762e-02, -7.4000281842342119e-01,  7.4301492489621912e-01,  1.1191213405913270e+00,  5.3215810812542297e-01, -3.8482360266225590e-02,  4.3135436107693610e-02,  3.9614026938768507e+00
    57,  1.0459e+01, -2.4919259292354629e-01,  3.0455116141313449e-01, -2.8845031986914935e-02,  3.6003037832686285e-01, -8.4330215556936705e-03,  3.1375989302709795e-02, -1.3465609179273506e-02,  7.7464610676291762e-02, -7.4000281842342119e-01,  7.4301492489621912e-01,  1.1191213405913270e+00,  5.3215810812542297e-01, -3.8482360266225590e-02,  4.2281269056056107e-02,  3.9614026938768507e+00
    58,  1.0459e+01, -2.4919259292354629e-01,  3.0455116141313449e-01, -2.8845031986914935e-02,  3.6003037832686285e-01, -8.4330215556936705e-03,  3.1375989302709795e-02, -1.3465609179273506e-02,  7.7464610676291762e-02, -7.4000281842342119e-01,  7.4301492489621912e-01,  1.1191213405913270e+00,  5.3215810812542297e-01, -3.8482360266225590e-02,  4.2708352581874859e-02,  4.0010167208156195e+00
    59,  1.0459e+01, -2.4919259292354629e-01,  3.0455116141313449e-01, -2.8845031986914935e-02,  3.6003037832686285e-01, -8.4330215556936705e-03,  3.1375989302709795e-02, -1.3465609179273506e-02,  7.7464610676291762e-02, -7.4000281842342119e-01,  7.4301492489621912e-01,  1.1191213405913270e+00,  5.3215810812542297e-01, -3.8482360266225590e-02,  4.2708352581874859e-02,  3.9217886669380824e+00
    60,  1.5945e+01, -2.4708918384697837e-01,  3.0178719149169841e-01, -2.9008660121676751e-02,  3.5877561113630696e-01, -8.4326611108160292e-03,  3.1373072101692934e-02, -1.3466933172291426e-02,  7.7466970608999430e-02, -7.4003216979309627e-01,  7.4297218808925936e-01,  1.1191869664799929e+00,  5.3214999563789367e-01, -3.8481095148959525e-02,  4.2707968307603122e-02,  3.9612847598352863e+00
    61,  1.5946e+01, -2.5208088453075572e-01,  3.0178719149169841e-01, -2.9008660121676751e-02,  3.5877561113630696e-01, -8.4326611108160292e-03,  3.1373072101692934e-02, -1.3466933172291426e-02,  7.7466970608999430e-02, -7.4003216979309627e-01,  7.4297218808925936e-01,  1.1191869664799929e+00,  5.3214999563789367e-01, -3.8481095148959525e-02,  4.2707968307603122e-02,  3.9612847598352863e+00
    62,  1.5946e+01, -2.4958503418886704e-01,  3.0480506340661540e-01, -2.9008660121676751e-02,  3.5877561113630696e-01, -8.4326611108160292e-03,  3.1373072101692934e-02, -1.3466933172291426e-02,  7.7466970608999430e-02, -7.4003216979309627e-01,  7.4297218808925936e-01,  1.1191869664799929e+00,  5.3214999563789367e-01, -3.8481095148959525e-02,  4.2707968307603122e-02,  3.9612847598352863e+00
    63,  1.5946e+01, -2.4958503418886704e-01,  2.9876931957678143e-01, -2.9008660121676751e-02,  3.5877561113630696e-01, -8.4326611108160292e-03,  3.1373072101692934e-02, -1.3466933172291426e-02,  7.7466970608999430e-02, -7.4003216979309627e-01,  7.4297218808925936e-01,  1.1191869664799929e+00,  5.3214999563789367e-01, -3.8481095148959525e-02,  4.2707968307603122e-02,  3.9612847598352863e+00
    64,  1.5946e+01, -2.4958503418886704e-01,  3.0178719149169841e-01, -2.8718573520459985e-02,  3.5877561113630696e-01, -8.4326611108160292e-03,  3.1373072101692934e-02, -1.3466933172291426e-02,  7.7466970608999430e-02, -7.4003216979309627e-01,  7.4297218808925936e-01,  1.1191869664799929e+00,  5.3214999563789367e-01, -3.8481095148959525e-02,  4.2707968307603122e-02,  3.9612847598352863e+00
    65,  1.5946e+01, -2.4958503418886704e-01,  3.0178719149169841e-01, -2.9298746722893516e-02,  3.5877561113630696e-01, -8.4326611108160292e-03,  3.1373072101692934e-02, -1.3466933172291426e-02,  7.7466970608999430e-02, -7.4003216979309627e-01,  7.4297218808925936e-01,  1.1191869664799929e+00,  5.3214999563789367e-01, -3.8481095148959525e-02,  4.2707968307603122e-02,  3.9612847598352863e+00
    66,  1.5946e+01, -2.4958503418886704e-01,  3.0178719149169841e-01, -2.9008660121676751e-02,  3.6236336724767004e-01, -8.4326611108160292e-03,  3.1373072101692934e-02, -1.3466933172291426e-02,  7.7466970608999430e-02, -7.4003216979309627e-01,  7.4297218808925936e-01,  1.1191869664799929e+00,  5.3214999563789367e-01, -3.8481095148959525e-02,  4.2707968307603122e-02,  3.9612847598352863e+00
    67,  1.5946e+01, -2.4958503418886704e-01,  3.0178719149169841e-01, -2.9008660121676751e-02,  3.5518785502494388e-01, -8.4326611108160292e-03,  3.1373072101692934e-02, -1.3466933172291426e-02,  7.7466970608999430e-02, -7.4003216979309627e-01,  7.4297218808925936e-01,  1.1191869664799929e+00,  5.3214999563789367e-01, -3.8481095148959525e-02,  4.2707968307603122e-02,  3.9612847598352863e+00
    68,  1.5946e+01, -2.4958503418886704e-01,  3.0178719149169841e-01, -2.9008660121676751e-02,  3.5877561113630696e-01, -8.3326611108160299e-03,  3.1373072101692934e-02, -1.3466933172291426e-02,  7.7466970608999430e-02, -7.4003216979309627e-01,  7.4297218808925936e-01,  1.1191869664799929e+00,  5.3214999563789367e-01, -3.8481095148959525e-02,  4.2707968307603122e-02,  3.9612847598352863e+00
    69,  1.5946e+01, -2.4958503418886704e-01,  3.0178719149169841e-01, -2.9008660121676751e-02,  3.5877561113630696e-01, -8.5326611108160286e-03,  3.1373072101692934e-02, -1.3466933172291426e-02,  7.7466970608999430e-02, -7.4003216979309627e-01,  7.4297218808925936e-01,  1.1191869664799929e+00,  5.3214999563789367e-01, -3.8481095148959525e-02,  4.2707968307603122e-02,  3.9612847598352863e+00
    70,  1.5946e+01, -2.4958503418886704e-01,  3.0178719149169841e-01, -2.9008660121676751e-02,  3.5877561113630696e-01, -8.4326611108160292e-03,  3.1686802822709866e-02, -1.3466933172291426e-02,  7.7466970608999430e-02, -7.4003216979309627e-01,  7.4297218808925936e-01,  1.1191869664799929e+00,  5.3214999563789367e-01, -3.8481095148959525e-02,  4.2707968307603122e-02,  3.9612847598352863e+00
    71,  1.5946e+01, -2.4958503418886704e-01,  3.0178719149169841e-01, -2.9008660121676751e-02,  3.5877561113630696e-01, -8.4326611108160292e-03,  3.1059341380676005e-02, -1.3466933172291426e-02,  7.7466970608999430e-02, -7.4003216979309627e-01,  7.4297218808925936e-01,  1.1191869664799929e+00,  5.3214999563789367e-01, -3.8481095148959525e-02,  4.2707968307603122e-02,  3.9612847598352863e+00
    72,  1.5946e+01, -2.4958503418886704e-01,  3.0178719149169841e-01, -2.9008660121676751e-02,  3.5877561113630696e-01, -8.4326611108160292e-03,  3.1373072101692934e-02, -1.3332263840568513e-02,  7.7466970608999430e-02, -7.4003216979309627e-01,  7.4297218808925936e-01,  1.1191869664799929e+00,  5.3214999563789367e-01, -3.8481095148959525e-02,  4.2707968307603122e-02,  3.9612847598352863e+00
    73,  1.5946e+01, -2.4958503418886704e-01,  3.0178719149169841e-01, -2.9008660121676751e-02,  3.5877561113630696e-01, -8.4326611108160292e-03,  3.1373072101692934e-02, -1.3601602504014340e-02,  7.7466970608999430e-02, -7.4003216979309627e-01,  7.4297218808925936e-01,  1.1191869664799929e+00,  5.3214999563789367e-01, -3.8481095148959525e-02,  4.2707968307603122e-02,  3.9612847598352863e+00
    74,  1.5946e+01, -2.4958503418886704e-01,  3.0178719149169841e-01, -2.9008660121676751e-02,  3.5877561113630696e-01, -8.4326611108160292e-03,  3.1373072101692934e-02, -1.3466933172291426e-02,  7.8241640315089428e-02, -7.4003216979309627e-01,  7.4297218808925936e-01,  1.1191869664799929e+00,  5.3214999563789367e-01, -3.8481095148959525e-02,  4.2707968307603122e-02,  3.9612847598352863e+00
    75,  1.5946e+01, -2.4958503418886704e-01,  3.0178719149169841e-01, -2.9008660121676751e-02,  3.5877561113630696e-01, -8.4326611108160292e-03,  3.1373072101692934e-02, -1.3466933172291426e-02,  7.6692300902909433e-02, -7.4003216979309627e-01,  7.4297218808925936e-01,  1.1191869664799929e+00,  5.3214999563789367e-01, -3.8481095148959525e-02,  4.2707968307603122e-02,  3.9612847598352863e+00
    76,  1.5946e+01, -2.4958503418886704e-01,  3.0178719149169841e-01, -2.9008660121676751e-02,  3.5877561113630696e-01, -8.4326611108160292e-03,  3.1373072101692934e-02, -1.3466933172291426e-02,  7.7466970608999430e-02, -7.3263184809516535e-01,  7.4297218808925936e-01,  1.1191869664799929e+00,  5.3214999563789367e-01, -3.8481095148959525e-02,  4.2707968307603122e-02,  3.9612847598352863e+00
    77,  1.5946e+01, -2.4958503418886704e-01,  3.0178719149169841e-01, -2.9008660121676751e-02,  3.5877561113630696e-01, -8.4326611108160292e-03,  3.1373072101692934e-02, -1.3466933172291426e-02,  7.7466970608999430e-02, -7.4743249149102720e-01,  7.4297218808925936e-01,  1.1191869664799929e+00,  5.3214999563789367e-01, -3.8481095148959525e-02,  4.2707968307603122e-02,  3.9612847598352863e+00
    78,  1.5946e+01, -2.4958503418886704e-01,  3.0178719149169841e-01, -2.9008660121676751e-02,  3.5877561113630696e-01, -8.4326611108160292e-03,  3.1373072101692934e-02, -1.3466933172291426e-02,  7.7466970608999430e-02, -7.4003216979309627e-01,  7.5040190997015199e-01,  1.1191869664799929e+00,  5.3214999563789367e-01, -3.8481095148959525e-02,  4.2707968307603122e-02,  3.9612847598352863e+00
    79,  1.5946e+01, -2.4958503418886704e-01,  3.0178719149169841e-01, -2.9008660121676751e-02,  3.5877561113630696e-01, -8.4326611108160292e-03,  3.1373072101692934e-02, -1.3466933172291426e-02,  7.7466970608999430e-02, -7.4003216979309627e-01,  7.3554246620836672e-01,  1.1191869664799929e+00,  5.3214999563789367e-01, -3.8481095148959525e-02,  4.2707968307603122e-02,  3.9612847598352863e+00
    80,  1.5946e+01, -2.4958503418886704e-01,  3.0178719149169841e-01, -2.9008660121676751e-02,  3.5877561113630696e-01, -8.4326611108160292e-03,  3.1373072101692934e-02, -1.3466933172291426e-02,  7.7466970608999430e-02, -7.4003216979309627e-01,  7.4297218808925936e-01,  1.1303788361447928e+00,  5.3214999563789367e-01, -3.8481095148959525e-02,  4.2707968307603122e-02,  3.9612847598352863e+00
    81,  1.5946e+01, -2.4958503418886704e-01,  3.0178719149169841e-01, -2.9008660121676751e-02,  3.5877561113630696e-01, -8.4326611108160292e-03,  3.1373072101692934e-02, -1.3466933172291426e-02,  7.7466970608999430e-02, -7.4003216979309627e-01,  7.4297218808925936e-01,  1.1079950968151930e+00,  5.3214999563789367e-01, -3.8481095148959525e-02,  4.2707968307603122e-02,  3.9612847598352863e+00
    82,  1.5946e+01, -2.4958503418886704e-01,  3.0178719149169841e-01, -2.9008660121676751e-02,  3.5877561113630696e-01, -8.4326611108160292e-03,  3.1373072101692934e-02, -1.3466933172291426e-02,  7.7466970608999430e-02, -7.4003216979309627e-01,  7.4297218808925936e-01,  1.1191869664799929e+00,  5.3747149559427265e-01, -3.8481095148959525e-02,  4.2707968307603122e-02,  3.9612847598352863e+00
    83,  1.5946e+01, -2.4958503418886704e-01,  3.0178719149169841e-01, -2.9008660121676751e-02,  3.5877561113630696e-01, -8.4326611108160292e-03,  3.1373072101692934e-02, -1.3466933172291426e-02,  7.7466970608999430e-02, -7.4003216979309627e-01,  7.4297218808925936e-01,  1.1191869664799929e+00,  5.2682849568151469e-01, -3.8481095148959525e-02,  4.2707968307603122e-02,  3.9612847598352863e+00
    84,  1.5946e+01, -2.4958503418886704e-01,  3.0178719149169841e-01, -2.9008660121676751e-02,  3.5877561113630696e-01, -8.4326611108160292e-03,  3.1373072101692934e-02, -1.3466933172291426e-02,  7.7466970608999430e-02, -7.4003216979309627e-01,  7.4297218808925936e-01,  1.1191869664799929e+00,  5.3214999563789367e-01, -3.8096284197469930e-02,  4.2707968307603122e-02,  3.9612847598352863e+00
    85,  1.5946e+01, -2.4958503418886704e-01,  3.0178719149169841e-01, -2.9008660121676751e-02,  3.5877561113630696e-01, -8.4326611108160292e-03,  3.1373072101692934e-02, -1.3466933172291426e-02,  7.7466970608999430e-02, -7.4003216979309627e-01,  7.4297218808925936e-01,  1.1191869664799929e+00,  5.3214999563789367e-01, -3.8865906100449120e-02,  4.2707968307603122e-02,  3.9612847598352863e+00
    86,  1.5946e+01, -2.4958503418886704e-01,  3.0178719149169841e-01, -2.9008660121676751e-02,  3.5877561113630696e-01, -8.4326611108160292e-03,  3.1373072101692934e-02, -1.3466933172291426e-02,  7.7466970608999430e-02, -7.4003216979309627e-01,  7.4297218808925936e-01,  1.1191869664799929e+00,  5.3214999563789367e-01, -3.8481095148959525e-02,  4.3135047990679153e-02,  3.9612847598352863e+00
    87,  1.5946e+01, -2.4958503418886704e-01,  3.0178719149169841e-01, -2.9008660121676751e-02,  3.5877561113630696e-01, -8.4326611108160292e-03,  3.1373072101692934e-02, -1.3466933172291426e-02,  7.7466970608999430e-02, -7.4003216979309627e-01,  7.4297218808925936e-01,  1.1191869664799929e+00,  5.3214999563789367e-01, -3.8481095148959525e-02,  4.2280888624527092e-02,  3.9612847598352863e+00
    88,  1.5946e+01, -2.4958503418886704e-01,  3.0178719149169841e-01, -2.9008660121676751e-02,  3.5877561113630696e-01, -8.4326611108160292e-03,  3.1373072101692934e-02, -1.3466933172291426e-02,  7.7466970608999430e-02, -7.4003216979309627e-01,  7.4297218808925936e-01,  1.1191869664799929e+00,  5.3214999563789367e-01, -3.8481095148959525e-02,  4.2707968307603122e-02,  4.0008976074336395e+00
    89,  1.5946e+01, -2.4958503418886704e-01,  3.0178719149169841e-01, -2.9008660121676751e-02,  3.5877561113630696e-01, -8.4326611108160292e-03,  3.1373072101692934e-02, -1.3466933172291426e-02,  7.7466970608999430e-02, -7.4003216979309627e-01,  7.4297218808925936e-01,  1.1191869664799929e+00,  5.3214999563789367e-01, -3.8481095148959525e-02,  4.2707968307603122e-02,  3.9216719122369335e+00
    90,  2.1365e+01, -2.4714520778936191e-01,  3.0184967906353893e-01, -2.8845976814568412e-02,  3.5871977626261203e-01, -8.4326125900896359e-03,  3.1372784204018581e-02, -1.3466981892585715e-02,  7.7467920521485933e-02, -7.4003554450210152e-01,  7.4296929649737864e-01,  1.1191914013028443e+00,  5.3215074386463945e-01, -3.8481000612340756e-02,  4.2707966104569346e-02,  3.9612777766240748e+00
    91,  2.1365e+01, -2.5213804026995507e-01,  3.0184967906353893e-01, -2.8845976814568412e-02,  3.5871977626261203e-01, -8.4326125900896359e-03,  3.1372784204018581e-02, -1.3466981892585715e-02,  7.7467920521485933e-02, -7.4003554450210152e-01,  7.4296929649737864e-01,  1.1191914013028443e+00,  5.3215074386463945e-01, -3.8481000612340756e-02,  4.2707966104569346e-02,  3.9612777766240748e+00
    92,  2.1365e+01, -2.4964162402965850e-01,  3.0486817585417431e-01, -2.8845976814568412e-02,  3.5871977626261203e-01, -8.4326125900896359e-03,  3.1372784204018581e-02, -1.3466981892585715e-02,  7.7467920521485933e-02, -7.4003554450210152e-01,  7.4296929649737864e-01,  1.1191914013028443e+00,  5.3215074386463945e-01, -3.8481000612340756e-02,  4.2707966104569346e-02,  3.9612777766240748e+00
    93,  2.1366e+01, -2.4964162402965850e-01,  2.9883118227290356e-01, -2.8845976814568412e-02,  3.5871977626261203e-01, -8.4326125900896359e-03,  3.1372784204018581e-02, -1.3466981892585715e-02,  7.7467920521485933e-02, -7.4003554450210152e-01,  7.4296929649737864e-01,  1.1191914013028443e+00,  5.3215074386463945e-01, -3.8481000612340756e-02,  4.2707966104569346e-02,  3.9612777766240748e+00
    94,  2.1366e+01, -2.4964162402965850e-01,  3.0184967906353893e-01, -2.8557517046422728e-02,  3.5871977626261203e-01, -8.4326125900896359e-03,  3.1372784204018581e-02, -1.3466981892585715e-02,  7.7467920521485933e-02, -7.4003554450210152e-01,  7.4296929649737864e-01,  1.1191914013028443e+00,  5.3215074386463945e-01, -3.8481000612340756e-02,  4.2707966104569346e-02,  3.9612777766240748e+00
    95,  2.1366e+01, -2.4964162402965850e-01,  3.0184967906353893e-01, -2.9134436582714095e-02,  3.5871977626261203e-01, -8.4326125900896359e-03,  3.1372784204018581e-02, -1.3466981892585715e-02,  7.7467920521485933e-02, -7.4003554450210152e-01,  7.4296929649737864e-01,  1.1191914013028443e+00,  5.3215074386463945e-01, -3.8481000612340756e-02,  4.2707966104569346e-02,  3.9612777766240748e+00
    96,  2.1366e+01, -2.4964162402965850e-01,  3.0184967906353893e-01, -2.8845976814568412e-02,  3.6230697402523815e-01, -8.4326125900896359e-03,  3.1372784204018581e-02, -1.3466981892585715e-02,  7.7467920521485933e-02, -7.4003554450210152e-01,  7.4296929649737864e-01,  1.1191914013028443e+00,  5.3215074386463945e-01, -3.8481000612340756e-02,  4.2707966104569346e-02,  3.9612777766240748e+00
    97,  2.1366e+01, -2.4964162402965850e-01,  3.0184967906353893e-01, -2.8845976814568412e-02,  3.5513257849998592e-01, -8.4326125900896359e-03,  3.1372784204018581e-02, -1.3466981892585715e-02,  7.7467920521485933e-02, -7.4003554450210152e-01,  7.4296929649737864e-01,  1.1191914013028443e+00,  5.3215074386463945e-01, -3.8481000612340756e-02,  4.2707966104569346e-02,  3.9612777766240748e+00
    98,  2.1366e+01, -2.4964162402965850e-01,  3.0184967906353893e-01, -2.8845976814568412e-02,  3.5871977626261203e-01, -8.3326125900896365e-03,  3.1372784204018581e-02, -1.3466981892585715e-02,  7.7467920521485933e-02, -7.4003554450210152e-01,  7.4296929649737864e-01,  1.1191914013028443e+00,  5.3215074386463945e-01, -3.8481000612340756e-02,  4.2707966104569346e-02,  3.9612777766240748e+00
    99,  2.1366e+01, -2.4964162402965850e-01,  3.0184967906353893e-01, -2.8845976814568412e-02,  3.5871977626261203e-01, -8.5326125900896353e-03,  3.1372784204018581e-02, -1.3466981892585715e-02,  7.7467920521485933e-02, -7.4003554450210152e-01,  7.4296929649737864e-01,  1.1191914013028443e+00,  5.3215074386463945e-01, -3.8481000612340756e-02,  4.2707966104569346e-02,  3.9612777766240748e+00
   100,  2.1366e+01, -2.4964162402965850e-01,  3.0184967906353893e-01, -2.8845976814568412e-02,  3.5871977626261203e-01, -8.4326125900896359e-03,  3.1686512046058768e-02, -1.3466981892585715e-02,  7.7467920521485933e-02, -7.4003554450210152e-01,  7.4296929649737864e-01,  1.1191914013028443e+00,  5.3215074386463945e-01, -3.8481000612340756e-02,  4.2707966104569346e-02,  3.9612777766240748e+00
   101,  2.1366e+01, -2.4964162402965850e-01,  3.0184967906353893e-01, -2.8845976814568412e-02,  3.5871977626261203e-01, -8.4326125900896359e-03,  3.1059056361978393e-02, -1.3466981892585715e-02,  7.7467920521485933e-02, -7.4003554450210152e-01,  7.4296929649737864e-01,  1.1191914013028443e+00,  5.3215074386463945e-01, -3.8481000612340756e-02,  4.2707966104569346e-02,  3.9612777766240748e+00
   102,  2.1366e+01, -2.4964162402965850e-01,  3.0184967906353893e-01, -2.8845976814568412e-02,  3.5871977626261203e-01, -8.4326125900896359e-03,  3.1372784204018581e-02, -1.3332312073659858e-02,  7.7467920521485933e-02, -7.4003554450210152e-01,  7.4296929649737864e-01,  1.1191914013028443e+00,  5.3215074386463945e-01, -3.8481000612340756e-02,  4.2707966104569346e-02,  3.9612777766240748e+00
   103,  2.1366e+01, -2.4964162402965850e-01,  3.0184967906353893e-01, -2.8845976814568412e-02,  3.5871977626261203e-01, -8.4326125900896359e-03,  3.1372784204018581e-02, -1.3601651711511571e-02,  7.7467920521485933e-02, -7.4003554450210152e-01,  7.4296929649737864e-01,  1.1191914013028443e+00,  5.3215074386463945e-01, -3.8481000612340756e-02,  4.2707966104569346e-02,  3.9612777766240748e+00
   104,  2.1366e+01, -2.4964162402965850e-01,  3.0184967906353893e-01, -2.8845976814568412e-02,  3.5871977626261203e-01, -8.4326125900896359e-03,  3.1372784204018581e-02, -1.3466981892585715e-02,  7.8242599726700793e-02, -7.4003554450210152e-01,  7.4296929649737864e-01,  1.1191914013028443e+00,  5.3215074386463945e-01, -3.8481000612340756e-02,  4.2707966104569346e-02,  3.9612777766240748e+00
   105,  2.1366e+01, -2.4964162402965850e-01,  3.0184967906353893e-01, -2.8845976814568412e-02,  3.5871977626261203e-01, -8.4326125900896359e-03,  3.1372784204018581e-02, -1.3466981892585715e-02,  7.6693241316271074e-02, -7.4003554450210152e-01,  7.4296929649737864e-01,  1.1191914013028443e+00,  5.3215074386463945e-01, -3.8481000612340756e-02,  4.2707966104569346e-02,  3.9612777766240748e+00
   106,  2.1366e+01, -2.4964162402965850e-01,  3.0184967906353893e-01, -2.8845976814568412e-02,  3.5871977626261203e-01, -8.4326125900896359e-03,  3.1372784204018581e-02, -1.3466981892585715e-02,  7.7467920521485933e-02, -7.3263518905708047e-01,  7.4296929649737864e-01,  1.1191914013028443e+00,  5.3215074386463945e-01, -3.8481000612340756e-02,  4.2707966104569346e-02,  3.9612777766240748e+00
   107,  2.1366e+01, -2.4964162402965850e-01,  3.0184967906353893e-01, -2.8845976814568412e-02,  3.5871977626261203e-01, -8.4326125900896359e-03,  3.1372784204018581e-02, -1.3466981892585715e-02,  7.7467920521485933e-02, -7.4743589994712256e-01,  7.4296929649737864e-01,  1.1191914013028443e+00,  5.3215074386463945e-01, -3.8481000612340756e-02,  4.2707966104569346e-02,  3.9612777766240748e+00
   108,  2.1366e+01, -2.4964162402965850e-01,  3.0184967906353893e-01, -2.8845976814568412e-02,  3.5871977626261203e-01, -8.4326125900896359e-03,  3.1372784204018581e-02, -1.3466981892585715e-02,  7.7467920521485933e-02, -7.4003554450210152e-01,  7.5039898946235239e-01,  1.1191914013028443e+00,  5.3215074386463945e-01, -3.8481000612340756e-02,  4.2707966104569346e-02,  3.9612777766240748e+00
   109,  2.1366e+01, -2.4964162402965850e-01,  3.0184967906353893e-01, -2.8845976814568412e-02,  3.5871977626261203e-01, -8.4326125900896359e-03,  3.1372784204018581e-02, -1.3466981892585715e-02,  7.7467920521485933e-02, -7.4003554450210152e-01,  7.3553960353240488e-01,  1.1191914013028443e+00,  5.3215074386463945e-01, -3.8481000612340756e-02,  4.2707966104569346e-02,  3.9612777766240748e+00
   110,  2.1366e+01, -2.4964162402965850e-01,  3.0184967906353893e-01, -2.8845976814568412e-02,  3.5871977626261203e-01, -8.4326125900896359e-03,  3.1372784204018581e-02, -1.3466981892585715e-02,  7.7467920521485933e-02, -7.4003554450210152e-01,  7.4296929649737864e-01,  1.1303833153158729e+00,  5.3215074386463945e-01, -3.8481000612340756e-02,  4.2707966104569346e-02,  3.9612777766240748e+00
   111,  2.1366e+01, -2.4964162402965850e-01,  3.0184967906353893e-01, -2.8845976814568412e-02,  3.5871977626261203e-01, -8.4326125900896359e-03,  3.1372784204018581e-02, -1.3466981892585715e-02,  7.7467920521485933e-02, -7.4003554450210152e-01,  7.4296929649737864e-01,  1.1079994872898158e+00,  5.3215074386463945e-01, -3.8481000612340756e-02,  4.2707966104569346e-02,  3.9612777766240748e+00
   112,  2.1366e+01, -2.4964162402965850e-01,  3.0184967906353893e-01, -2.8845976814568412e-02,  3.5871977626261203e-01, -8.4326125900896359e-03,  3.1372784204018581e-02, -1.3466981892585715e-02,  7.7467920521485933e-02, -7.4003554450210152e-01,  7.4296929649737864e-01,  1.1191914013028443e+00,  5.3747225130328580e-01, -3.8481000612340756e-02,  4.2707966104569346e-02,  3.9612777766240748e+00
   113,  2.1366e+01, -2.4964162402965850e-01,  3.0184967906353893e-01, -2.8845976814568412e-02,  3.5871977626261203e-01, -8.4326125900896359e-03,  3.1372784204018581e-02, -1.3466981892585715e-02,  7.7467920521485933e-02, -7.4003554450210152e-01,  7.4296929649737864e-01,  1.1191914013028443e+00,  5.2682923642599311e-01, -3.8481000612340756e-02,  4.2707966104569346e-02,  3.9612777766240748e+00
   114,  2.1366e+01, -2.4964162402965850e-01,  3.0184967906353893e-01, -2.8845976814568412e-02,  3.5871977626261203e-01, -8.4326125900896359e-03,  3.1372784204018581e-02, -1.3466981892585715e-02,  7.7467920521485933e-02, -7.4003554450210152e-01,  7.4296929649737864e-01,  1.1191914013028443e+00,  5.3215074386463945e-01, -3.8096190606217349e-02,  4.2707966104569346e-02,  3.9612777766240748e+00
   115,  2.1366e+01, -2.4964162402965850e-01,  3.0184967906353893e-01, -2.8845976814568412e-02,  3.5871977626261203e-01, -8.4326125900896359e-03,  3.1372784204018581e-02, -1.3466981892585715e-02,  7.7467920521485933e-02, -7.4003554450210152e-01,  7.4296929649737864e-01,  1.1191914013028443e+00,  5.3215074386463945e-01, -3.8865810618464162e-02,  4.2707966104569346e-02,  3.9612777766240748e+00
   116,  2.1366e+01, -2.4964162402965850e-01,  3.0184967906353893e-01, -2.8845976814568412e-02,  3.5871977626261203e-01, -8.4326125900896359e-03,  3.1372784204018581e-02, -1.3466981892585715e-02,  7.7467920521485933e-02, -7.4003554450210152e-01,  7.4296929649737864e-01,  1.1191914013028443e+00,  5.3215074386463945e-01, -3.8481000612340756e-02,  4.3135045765615040e-02,  3.9612777766240748e+00
   117,  2.1366e+01, -2.4964162402965850e-01,  3.0184967906353893e-01, -2.8845976814568412e-02,  3.5871977626261203e-01, -8.4326125900896359e-03,  3.1372784204018581e-02, -1.3466981892585715e-02,  7.7467920521485933e-02, -7.4003554450210152e-01,  7.4296929649737864e-01,  1.1191914013028443e+00,  5.3215074386463945e-01, -3.8481000612340756e-02,  4.2280886443523652e-02,  3.9612777766240748e+00
   118,  2.1366e+01, -2.4964162402965850e-01,  3.0184967906353893e-01, -2.8845976814568412e-02,  3.5871977626261203e-01, -8.4326125900896359e-03,  3.1372784204018581e-02, -1.3466981892585715e-02,  7.7467920521485933e-02, -7.4003554450210152e-01,  7.4296929649737864e-01,  1.1191914013028443e+00,  5.3215074386463945e-01, -3.8481000612340756e-02,  4.2707966104569346e-02,  4.0008905543903159e+00
   119,  2.1366e+01, -2.4964162402965850e-01,  3.0184967906353893e-01, -2.8845976814568412e-02,  3.5871977626261203e-01, -8.4326125900896359e-03,  3.1372784204018581e-02, -1.3466981892585715e-02,  7.7467920521485933e-02, -7.4003554450210152e-01,  7.4296929649737864e-01,  1.1191914013028443e+00,  5.3215074386463945e-01, -3.8481000612340756e-02,  4.2707966104569346e-02,  3.9216649988578340e+00
