Problem type:
least_squares
nparams:
15
function_evaluation,seconds,x(0),x(1),x(2),x(3),x(4),x(5),x(6),x(7),x(8),x(9),x(10),x(11),x(12),x(13),x(14)
     0,  5.0271e+00, -2.5022052956799262e-01,  2.9840524673296709e-01, -2.8414087394077078e-02,  3.4921213918744803e-01, -3.7369702835443786e-03,  5.2730859880500844e-02, -4.8579014653194344e-03,  1.3200770014228245e-03, -3.1364457939510348e-01,  9.5155259401547054e-01,  8.4143946280997839e-01,  3.6665666848380352e-01, -4.8425222915668809e-02,  3.5406969967005993e-02,  4.0460744489455536e+00
     1,  5.0272e+00, -2.5527548976128539e-01,  2.9840524673296709e-01, -2.8414087394077078e-02,  3.4921213918744803e-01, -3.7369702835443786e-03,  5.2730859880500844e-02, -4.8579014653194344e-03,  1.3200770014228245e-03, -3.1364457939510348e-01,  9.5155259401547054e-01,  8.4143946280997839e-01,  3.6665666848380352e-01, -4.8425222915668809e-02,  3.5406969967005993e-02,  4.0460744489455536e+00
     2,  5.0272e+00, -2.5274800966463901e-01,  3.0138929920029678e-01, -2.8414087394077078e-02,  3.4921213918744803e-01, -3.7369702835443786e-03,  5.2730859880500844e-02, -4.8579014653194344e-03,  1.3200770014228245e-03, -3.1364457939510348e-01,  9.5155259401547054e-01,  8.4143946280997839e-01,  3.6665666848380352e-01, -4.8425222915668809e-02,  3.5406969967005993e-02,  4.0460744489455536e+00
     3,  5.0273e+00, -2.5274800966463901e-01,  2.9542119426563740e-01, -2.8414087394077078e-02,  3.4921213918744803e-01, -3.7369702835443786e-03,  5.2730859880500844e-02, -4.8579014653194344e-03,  1.3200770014228245e-03, -3.1364457939510348e-01,  9.5155259401547054e-01,  8.4143946280997839e-01,  3.6665666848380352e-01, -4.8425222915668809e-02,  3.5406969967005993e-02,  4.0460744489455536e+00
     4,  5.0273e+00, -2.5274800966463901e-01,  2.9840524673296709e-01, -2.7414087394077077e-02,  3.4921213918744803e-01, -3.7369702835443786e-03,  5.2730859880500844e-02, -4.8579014653194344e-03,  1.3200770014228245e-03, -3.1364457939510348e-01,  9.5155259401547054e-01,  8.4143946280997839e-01,  3.6665666848380352e-01, -4.8425222915668809e-02,  3.5406969967005993e-02,  4.0460744489455536e+00
     5,  5.0273e+00, -2.5274800966463901e-01,  2.9840524673296709e-01, -2.9414087394077078e-02,  3.4921213918744803e-01, -3.7369702835443786e-03,  5.2730859880500844e-02, -4.8579014653194344e-03,  1.3200770014228245e-03, -3.1364457939510348e-01,  9.5155259401547054e-01,  8.4143946280997839e-01,  3.6665666848380352e-01, -4.8425222915668809e-02,  3.5406969967005993e-02,  4.0460744489455536e+00
     6,  5.0273e+00, -2.5274800966463901e-01,  2.9840524673296709e-01, -2.8414087394077078e-02,  3.5270426057932253e-01, -3.7369702835443786e-03,  5.2730859880500844e-02, -4.8579014653194344e-03,  1.3200770014228245e-03, -3.1364457939510348e-01,  9.5155259401547054e-01,  8.4143946280997839e-01,  3.6665666848380352e-01, -4.8425222915668809e-02,  3.5406969967005993e-02,  4.0460744489455536e+00
     7,  5.0274e+00, -2.5274800966463901e-01,  2.9840524673296709e-01, -2.8414087394077078e-02,  3.4572001779557354e-01, -3.7369702835443786e-03,  5.2730859880500844e-02, -4.8579014653194344e-03,  1.3200770014228245e-03, -3.1364457939510348e-01,  9.5155259401547054e-01,  8.4143946280997839e-01,  3.6665666848380352e-01, -4.8425222915668809e-02,  3.5406969967005993e-02,  4.0460744489455536e+00
     8,  5.0274e+00, -2.5274800966463901e-01,  2.9840524673296709e-01, -2.8414087394077078e-02,  3.4921213918744803e-01, -2.7369702835443785e-03,  5.2730859880500844e-02, -4.8579014653194344e-03,  1.3200770014228245e-03, -3.1364457939510348e-01,  9.5155259401547054e-01,  8.4143946280997839e-01,  3.6665666848380352e-01, -4.8425222915668809e-02,  3.5406969967005993e-02,  4.0460744489455536e+00
     9,  5.0274e+00, -2.5274800966463901e-01,  2.9840524673296709e-01, -2.8414087394077078e-02,  3.4921213918744803e-01, -4.7369702835443790e-03,  5.2730859880500844e-02, -4.8579014653194344e-03,  1.3200770014228245e-03, -3.1364457939510348e-01,  9.5155259401547054e-01,  8.4143946280997839e-01,  3.6665666848380352e-01, -4.8425222915668809e-02,  3.5406969967005993e-02,  4.0460744489455536e+00
    10,  5.0275e+00, -2.5274800966463901e-01,  2.9840524673296709e-01, -2.8414087394077078e-02,  3.4921213918744803e-01, -3.7369702835443786e-03,  5.3730859880500845e-02, -4.8579014653194344e-03,  1.3200770014228245e-03, -3.1364457939510348e-01,  9.5155259401547054e-01,  8.4143946280997839e-01,  3.6665666848380352e-01, -4.8425222915668809e-02,  3.5406969967005993e-02,  4.0460744489455536e+00
    11,  5.0275e+00, -2.5274800966463901e-01,  2.9840524673296709e-01, -2.8414087394077078e-02,  3.4921213918744803e-01, -3.7369702835443786e-03,  5.1730859880500843e-02, -4.8579014653194344e-03,  1.3200770014228245e-03, -3.1364457939510348e-01,  9.5155259401547054e-01,  8.4143946280997839e-01,  3.6665666848380352e-01, -4.8425222915668809e-02,  3.5406969967005993e-02,  4.0460744489455536e+00
    12,  5.0275e+00, -2.5274800966463901e-01,  2.9840524673296709e-01, -2.8414087394077078e-02,  3.4921213918744803e-01, -3.7369702835443786e-03,  5.2730859880500844e-02, -3.8579014653194344e-03,  1.3200770014228245e-03, -3.1364457939510348e-01,  9.5155259401547054e-01,  8.4143946280997839e-01,  3.6665666848380352e-01, -4.8425222915668809e-02,  3.5406969967005993e-02,  4.0460744489455536e+00
    13,  5.0275e+00, -2.5274800966463901e-01,  2.9840524673296709e-01, -2.8414087394077078e-02,  3.4921213918744803e-01, -3.7369702835443786e-03,  5.2730859880500844e-02, -5.8579014653194345e-03,  1.3200770014228245e-03, -3.1364457939510348e-01,  9.5155259401547054e-01,  8.4143946280997839e-01,  3.6665666848380352e-01, -4.8425222915668809e-02,  3.5406969967005993e-02,  4.0460744489455536e+00
    14,  5.0276e+00, -2.5274800966463901e-01,  2.9840524673296709e-01, -2.8414087394077078e-02,  3.4921213918744803e-01, -3.7369702835443786e-03,  5.2730859880500844e-02, -4.8579014653194344e-03,  2.3200770014228248e-03, -3.1364457939510348e-01,  9.5155259401547054e-01,  8.4143946280997839e-01,  3.6665666848380352e-01, -4.8425222915668809e-02,  3.5406969967005993e-02,  4.0460744489455536e+00
    15,  5.0276e+00, -2.5274800966463901e-01,  2.9840524673296709e-01, -2.8414087394077078e-02,  3.4921213918744803e-01, -3.7369702835443786e-03,  5.2730859880500844e-02, -4.8579014653194344e-03,  3.2007700142282452e-04, -3.1364457939510348e-01,  9.5155259401547054e-01,  8.4143946280997839e-01,  3.6665666848380352e-01, -4.8425222915668809e-02,  3.5406969967005993e-02,  4.0460744489455536e+00
    16,  5.0276e+00, -2.5274800966463901e-01,  2.9840524673296709e-01, -2.8414087394077078e-02,  3.4921213918744803e-01, -3.7369702835443786e-03,  5.2730859880500844e-02, -4.8579014653194344e-03,  1.3200770014228245e-03, -3.1050813360115243e-01,  9.5155259401547054e-01,  8.4143946280997839e-01,  3.6665666848380352e-01, -4.8425222915668809e-02,  3.5406969967005993e-02,  4.0460744489455536e+00
    17,  5.0276e+00, -2.5274800966463901e-01,  2.9840524673296709e-01, -2.8414087394077078e-02,  3.4921213918744803e-01, -3.7369702835443786e-03,  5.2730859880500844e-02, -4.8579014653194344e-03,  1.3200770014228245e-03, -3.1678102518905454e-01,  9.5155259401547054e-01,  8.4143946280997839e-01,  3.6665666848380352e-01, -4.8425222915668809e-02,  3.5406969967005993e-02,  4.0460744489455536e+00
    18,  5.0277e+00, -2.5274800966463901e-01,  2.9840524673296709e-01, -2.8414087394077078e-02,  3.4921213918744803e-01, -3.7369702835443786e-03,  5.2730859880500844e-02, -4.8579014653194344e-03,  1.3200770014228245e-03, -3.1364457939510348e-01,  9.6106811995562524e-01,  8.4143946280997839e-01,  3.6665666848380352e-01, -4.8425222915668809e-02,  3.5406969967005993e-02,  4.0460744489455536e+00
    19,  5.0277e+00, -2.5274800966463901e-01,  2.9840524673296709e-01, -2.8414087394077078e-02,  3.4921213918744803e-01, -3.7369702835443786e-03,  5.2730859880500844e-02, -4.8579014653194344e-03,  1.3200770014228245e-03, -3.1364457939510348e-01,  9.4203706807531584e-01,  8.4143946280997839e-01,  3.6665666848380352e-01, -4.8425222915668809e-02,  3.5406969967005993e-02,  4.0460744489455536e+00
    20,  5.0277e+00, -2.5274800966463901e-01,  2.9840524673296709e-01, -2.8414087394077078e-02,  3.4921213918744803e-01, -3.7369702835443786e-03,  5.2730859880500844e-02, -4.8579014653194344e-03,  1.3200770014228245e-03, -3.1364457939510348e-01,  9.5155259401547054e-01,  8.4985385743807818e-01,  3.6665666848380352e-01, -4.8425222915668809e-02,  3.5406969967005993e-02,  4.0460744489455536e+00
    21,  5.0277e+00, -2.5274800966463901e-01,  2.9840524673296709e-01, -2.8414087394077078e-02,  3.4921213918744803e-01, -3.7369702835443786e-03,  5.2730859880500844e-02, -4.8579014653194344e-03,  1.3200770014228245e-03, -3.1364457939510348e-01,  9.5155259401547054e-01,  8.3302506818187860e-01,  3.6665666848380352e-01, -4.8425222915668809e-02,  3.5406969967005993e-02,  4.0460744489455536e+00
    22,  5.0278e+00, -2.5274800966463901e-01,  2.9840524673296709e-01, -2.8414087394077078e-02,  3.4921213918744803e-01, -3.7369702835443786e-03,  5.2730859880500844e-02, -4.8579014653194344e-03,  1.3200770014228245e-03, -3.1364457939510348e-01,  9.5155259401547054e-01,  8.4143946280997839e-01,  3.7032323516864157e-01, -4.8425222915668809e-02,  3.5406969967005993e-02,  4.0460744489455536e+00
    23,  5.0278e+00, -2.5274800966463901e-01,  2.9840524673296709e-01, -2.8414087394077078e-02,  3.4921213918744803e-01, -3.7369702835443786e-03,  5.2730859880500844e-02, -4.8579014653194344e-03,  1.3200770014228245e-03, -3.1364457939510348e-01,  9.5155259401547054e-01,  8.4143946280997839e-01,  3.6299010179896546e-01, -4.8425222915668809e-02,  3.5406969967005993e-02,  4.0460744489455536e+00
    24,  5.0278e+00, -2.5274800966463901e-01,  2.9840524673296709e-01, -2.8414087394077078e-02,  3.4921213918744803e-01, -3.7369702835443786e-03,  5.2730859880500844e-02, -4.8579014653194344e-03,  1.3200770014228245e-03, -3.1364457939510348e-01,  9.5155259401547054e-01,  8.4143946280997839e-01,  3.6665666848380352e-01, -4.7425222915668808e-02,  3.5406969967005993e-02,  4.0460744489455536e+00
    25,  5.0278e+00, -2.5274800966463901e-01,  2.9840524673296709e-01, -2.8414087394077078e-02,  3.4921213918744803e-01, -3.7369702835443786e-03,  5.2730859880500844e-02, -4.8579014653194344e-03,  1.3200770014228245e-03, -3.1364457939510348e-01,  9.5155259401547054e-01,  8.4143946280997839e-01,  3.6665666848380352e-01, -4.9425222915668809e-02,  3.5406969967005993e-02,  4.0460744489455536e+00
    26,  5.0279e+00, -2.5274800966463901e-01,  2.9840524673296709e-01, -2.8414087394077078e-02,  3.4921213918744803e-01, -3.7369702835443786e-03,  5.2730859880500844e-02, -4.8579014653194344e-03,  1.3200770014228245e-03, -3.1364457939510348e-01,  9.5155259401547054e-01,  8.4143946280997839e-01,  3.6665666848380352e-01, -4.8425222915668809e-02,  3.6406969967005993e-02,  4.0460744489455536e+00
    27,  5.0279e+00, -2.5274800966463901e-01,  2.9840524673296709e-01, -2.8414087394077078e-02,  3.4921213918744803e-01, -3.7369702835443786e-03,  5.2730859880500844e-02, -4.8579014653194344e-03,  1.3200770014228245e-03, -3.1364457939510348e-01,  9.5155259401547054e-01,  8.4143946280997839e-01,  3.6665666848380352e-01, -4.8425222915668809e-02,  3.4406969967005992e-02,  4.0460744489455536e+00
    28,  5.0279e+00, -2.5274800966463901e-01,  2.9840524673296709e-01, -2.8414087394077078e-02,  3.4921213918744803e-01, -3.7369702835443786e-03,  5.2730859880500844e-02, -4.8579014653194344e-03,  1.3200770014228245e-03, -3.1364457939510348e-01,  9.5155259401547054e-01,  8.4143946280997839e-01,  3.6665666848380352e-01, -4.8425222915668809e-02,  3.5406969967005993e-02,  4.0865351934350089e+00
    29,  5.0279e+00, -2.5274800966463901e-01,  2.9840524673296709e-01, -2.8414087394077078e-02,  3.4921213918744803e-01, -3.7369702835443786e-03,  5.2730859880500844e-02, -4.8579014653194344e-03,  1.3200770014228245e-03, -3.1364457939510348e-01,  9.5155259401547054e-01,  8.4143946280997839e-01,  3.6665666848380352e-01, -4.8425222915668809e-02,  3.5406969967005993e-02,  4.0056137044560982e+00
    30,  1.0161e+01, -2.4678517548040371e-01,  2.9816749124784520e-01, -2.8721595731614771e-02,  3.6550199432793273e-01, -8.7956833345538658e-03,  3.9201350431360180e-02, -1.0179674662552492e-02,  2.2763543812813813e-02, -6.2883438260639934e-01,  7.8063312139537100e-01,  1.0179706631466314e+00,  5.1690658642053888e-01, -4.1697101511409360e-02,  4.1797342050204071e-02,  3.8552872850048567e+00
    31,  1.0161e+01, -2.5177073458101795e-01,  2.9816749124784520e-01, -2.8721595731614771e-02,  3.6550199432793273e-01, -8.7956833345538658e-03,  3.9201350431360180e-02, -1.0179674662552492e-02,  2.2763543812813813e-02, -6.2883438260639934e-01,  7.8063312139537100e-01,  1.0179706631466314e+00,  5.1690658642053888e-01, -4.1697101511409360e-02,  4.1797342050204071e-02,  3.8552872850048567e+00
    32,  1.0161e+01, -2.4927795503071082e-01,  3.0114916616032367e-01, -2.8721595731614771e-02,  3.6550199432793273e-01, -8.7956833345538658e-03,  3.9201350431360180e-02, -1.0179674662552492e-02,  2.2763543812813813e-02, -6.2883438260639934e-01,  7.8063312139537100e-01,  1.0179706631466314e+00,  5.1690658642053888e-01, -4.1697101511409360e-02,  4.1797342050204071e-02,  3.8552872850048567e+00
    33,  1.0161e+01, -2.4927795503071082e-01,  2.9518581633536672e-01, -2.8721595731614771e-02,  3.6550199432793273e-01, -8.7956833345538658e-03,  3.9201350431360180e-02, -1.0179674662552492e-02,  2.2763543812813813e-02, -6.2883438260639934e-01,  7.8063312139537100e-01,  1.0179706631466314e+00,  5.1690658642053888e-01, -4.1697101511409360e-02,  4.1797342050204071e-02,  3.8552872850048567e+00
    34,  1.0161e+01, -2.4927795503071082e-01,  2.9816749124784520e-01, -2.7721595731614770e-02,  3.6550199432793273e-01, -8.7956833345538658e-03,  3.9201350431360180e-02, -1.0179674662552492e-02,  2.2763543812813813e-02, -6.2883438260639934e-01,  7.8063312139537100e-01,  1.0179706631466314e+00,  5.1690658642053888e-01, -4.1697101511409360e-02,  4.1797342050204071e-02,  3.8552872850048567e+00
    35,  1.0161e+01, -2.4927795503071082e-01,  2.9816749124784520e-01, -2.9721595731614772e-02,  3.6550199432793273e-01, -8.7956833345538658e-03,  3.9201350431360180e-02, -1.0179674662552492e-02,  2.2763543812813813e-02, -6.2883438260639934e-01,  7.8063312139537100e-01,  1.0179706631466314e+00,  5.1690658642053888e-01, -4.1697101511409360e-02,  4.1797342050204071e-02,  3.8552872850048567e+00
    36,  1.0161e+01, -2.4927795503071082e-01,  2.9816749124784520e-01, -2.8721595731614771e-02,  3.6915701427121206e-01, -8.7956833345538658e-03,  3.9201350431360180e-02, -1.0179674662552492e-02,  2.2763543812813813e-02, -6.2883438260639934e-01,  7.8063312139537100e-01,  1.0179706631466314e+00,  5.1690658642053888e-01, -4.1697101511409360e-02,  4.1797342050204071e-02,  3.8552872850048567e+00
    37,  1.0161e+01, -2.4927795503071082e-01,  2.9816749124784520e-01, -2.8721595731614771e-02,  3.6184697438465341e-01, -8.7956833345538658e-03,  3.9201350431360180e-02, -1.0179674662552492e-02,  2.2763543812813813e-02, -6.2883438260639934e-01,  7.8063312139537100e-01,  1.0179706631466314e+00,  5.1690658642053888e-01, -4.1697101511409360e-02,  4.1797342050204071e-02,  3.8552872850048567e+00
    38,  1.0161e+01, -2.4927795503071082e-01,  2.9816749124784520e-01, -2.8721595731614771e-02,  3.6550199432793273e-01, -7.7956833345538658e-03,  3.9201350431360180e-02, -1.0179674662552492e-02,  2.2763543812813813e-02, -6.2883438260639934e-01,  7.8063312139537100e-01,  1.0179706631466314e+00,  5.1690658642053888e-01, -4.1697101511409360e-02,  4.1797342050204071e-02,  3.8552872850048567e+00
    39,  1.0161e+01, -2.4927795503071082e-01,  2.9816749124784520e-01, -2.8721595731614771e-02,  3.6550199432793273e-01, -9.7956833345538667e-03,  3.9201350431360180e-02, -1.0179674662552492e-02,  2.2763543812813813e-02, -6.2883438260639934e-01,  7.8063312139537100e-01,  1.0179706631466314e+00,  5.1690658642053888e-01, -4.1697101511409360e-02,  4.1797342050204071e-02,  3.8552872850048567e+00
    40,  1.0161e+01, -2.4927795503071082e-01,  2.9816749124784520e-01, -2.8721595731614771e-02,  3.6550199432793273e-01, -8.7956833345538658e-03,  4.0201350431360180e-02, -1.0179674662552492e-02,  2.2763543812813813e-02, -6.2883438260639934e-01,  7.8063312139537100e-01,  1.0179706631466314e+00,  5.1690658642053888e-01, -4.1697101511409360e-02,  4.1797342050204071e-02,  3.8552872850048567e+00
    41,  1.0161e+01, -2.4927795503071082e-01,  2.9816749124784520e-01, -2.8721595731614771e-02,  3.6550199432793273e-01, -8.7956833345538658e-03,  3.8201350431360179e-02, -1.0179674662552492e-02,  2.2763543812813813e-02, -6.2883438260639934e-01,  7.8063312139537100e-01,  1.0179706631466314e+00,  5.1690658642053888e-01, -4.1697101511409360e-02,  4.1797342050204071e-02,  3.8552872850048567e+00
    42,  1.0161e+01, -2.4927795503071082e-01,  2.9816749124784520e-01, -2.8721595731614771e-02,  3.6550199432793273e-01, -8.7956833345538658e-03,  3.9201350431360180e-02, -9.1796746625524908e-03,  2.2763543812813813e-02, -6.2883438260639934e-01,  7.8063312139537100e-01,  1.0179706631466314e+00,  5.1690658642053888e-01, -4.1697101511409360e-02,  4.1797342050204071e-02,  3.8552872850048567e+00
    43,  1.0161e+01, -2.4927795503071082e-01,  2.9816749124784520e-01, -2.8721595731614771e-02,  3.6550199432793273e-01, -8.7956833345538658e-03,  3.9201350431360180e-02, -1.1179674662552493e-02,  2.2763543812813813e-02, -6.2883438260639934e-01,  7.8063312139537100e-01,  1.0179706631466314e+00,  5.1690658642053888e-01, -4.1697101511409360e-02,  4.1797342050204071e-02,  3.8552872850048567e+00
    44,  1.0161e+01, -2.4927795503071082e-01,  2.9816749124784520e-01, -2.8721595731614771e-02,  3.6550199432793273e-01, -8.7956833345538658e-03,  3.9201350431360180e-02, -1.0179674662552492e-02,  2.3763543812813814e-02, -6.2883438260639934e-01,  7.8063312139537100e-01,  1.0179706631466314e+00,  5.1690658642053888e-01, -4.1697101511409360e-02,  4.1797342050204071e-02,  3.8552872850048567e+00
    45,  1.0161e+01, -2.4927795503071082e-01,  2.9816749124784520e-01, -2.8721595731614771e-02,  3.6550199432793273e-01, -8.7956833345538658e-03,  3.9201350431360180e-02, -1.0179674662552492e-02,  2.1763543812813813e-02, -6.2883438260639934e-01,  7.8063312139537100e-01,  1.0179706631466314e+00,  5.1690658642053888e-01, -4.1697101511409360e-02,  4.1797342050204071e-02,  3.8552872850048567e+00
    46,  1.0161e+01, -2.4927795503071082e-01,  2.9816749124784520e-01, -2.8721595731614771e-02,  3.6550199432793273e-01, -8.7956833345538658e-03,  3.9201350431360180e-02, -1.0179674662552492e-02,  2.2763543812813813e-02, -6.2254603878033532e-01,  7.8063312139537100e-01,  1.0179706631466314e+00,  5.1690658642053888e-01, -4.1697101511409360e-02,  4.1797342050204071e-02,  3.8552872850048567e+00
    47,  1.0161e+01, -2.4927795503071082e-01,  2.9816749124784520e-01, -2.8721595731614771e-02,  3.6550199432793273e-01, -8.7956833345538658e-03,  3.9201350431360180e-02, -1.0179674662552492e-02,  2.2763543812813813e-02, -6.3512272643246337e-01,  7.8063312139537100e-01,  1.0179706631466314e+00,  5.1690658642053888e-01, -4.1697101511409360e-02,  4.1797342050204071e-02,  3.8552872850048567e+00
    48,  1.0161e+01, -2.4927795503071082e-01,  2.9816749124784520e-01, -2.8721595731614771e-02,  3.6550199432793273e-01, -8.7956833345538658e-03,  3.9201350431360180e-02, -1.0179674662552492e-02,  2.2763543812813813e-02, -6.2883438260639934e-01,  7.8843945260932469e-01,  1.0179706631466314e+00,  5.1690658642053888e-01, -4.1697101511409360e-02,  4.1797342050204071e-02,  3.8552872850048567e+00
    49,  1.0161e+01, -2.4927795503071082e-01,  2.9816749124784520e-01, -2.8721595731614771e-02,  3.6550199432793273e-01, -8.7956833345538658e-03,  3.9201350431360180e-02, -1.0179674662552492e-02,  2.2763543812813813e-02, -6.2883438260639934e-01,  7.7282679018141731e-01,  1.0179706631466314e+00,  5.1690658642053888e-01, -4.1697101511409360e-02,  4.1797342050204071e-02,  3.8552872850048567e+00
    50,  1.0161e+01, -2.4927795503071082e-01,  2.9816749124784520e-01, -2.8721595731614771e-02,  3.6550199432793273e-01, -8.7956833345538658e-03,  3.9201350431360180e-02, -1.0179674662552492e-02,  2.2763543812813813e-02, -6.2883438260639934e-01,  7.8063312139537100e-01,  1.0281503697780978e+00,  5.1690658642053888e-01, -4.1697101511409360e-02,  4.1797342050204071e-02,  3.8552872850048567e+00
    51,  1.0161e+01, -2.4927795503071082e-01,  2.9816749124784520e-01, -2.8721595731614771e-02,  3.6550199432793273e-01, -8.7956833345538658e-03,  3.9201350431360180e-02, -1.0179674662552492e-02,  2.2763543812813813e-02, -6.2883438260639934e-01,  7.8063312139537100e-01,  1.0077909565151650e+00,  5.1690658642053888e-01, -4.1697101511409360e-02,  4.1797342050204071e-02,  3.8552872850048567e+00
    52,  1.0161e+01, -2.4927795503071082e-01,  2.9816749124784520e-01, -2.8721595731614771e-02,  3.6550199432793273e-01, -8.7956833345538658e-03,  3.9201350431360180e-02, -1.0179674662552492e-02,  2.2763543812813813e-02, -6.2883438260639934e-01,  7.8063312139537100e-01,  1.0179706631466314e+00,  5.2207565228474428e-01, -4.1697101511409360e-02,  4.1797342050204071e-02,  3.8552872850048567e+00
    53,  1.0161e+01, -2.4927795503071082e-01,  2.9816749124784520e-01, -2.8721595731614771e-02,  3.6550199432793273e-01, -8.7956833345538658e-03,  3.9201350431360180e-02, -1.0179674662552492e-02,  2.2763543812813813e-02, -6.2883438260639934e-01,  7.8063312139537100e-01,  1.0179706631466314e+00,  5.1173752055633348e-01, -4.1697101511409360e-02,  4.1797342050204071e-02,  3.8552872850048567e+00
    54,  1.0161e+01, -2.4927795503071082e-01,  2.9816749124784520e-01, -2.8721595731614771e-02,  3.6550199432793273e-01, -8.7956833345538658e-03,  3.9201350431360180e-02, -1.0179674662552492e-02,  2.2763543812813813e-02, -6.2883438260639934e-01,  7.8063312139537100e-01,  1.0179706631466314e+00,  5.1690658642053888e-01, -4.0697101511409359e-02,  4.1797342050204071e-02,  3.8552872850048567e+00
    55,  1.0161e+01, -2.4927795503071082e-01,  2.9816749124784520e-01, -2.8721595731614771e-02,  3.6550199432793273e-01, -8.7956833345538658e-03,  3.9201350431360180e-02, -1.0179674662552492e-02,  2.2763543812813813e-02, -6.2883438260639934e-01,  7.8063312139537100e-01,  1.0179706631466314e+00,  5.1690658642053888e-01, -4.2697101511409360e-02,  4.1797342050204071e-02,  3.8552872850048567e+00
    56,  1.0161e+01, -2.4927795503071082e-01,  2.9816749124784520e-01, -2.8721595731614771e-02,  3.6550199432793273e-01, -8.7956833345538658e-03,  3.9201350431360180e-02, -1.0179674662552492e-02,  2.2763543812813813e-02, -6.2883438260639934e-01,  7.8063312139537100e-01,  1.0179706631466314e+00,  5.1690658642053888e-01, -4.1697101511409360e-02,  4.2797342050204072e-02,  3.8552872850048567e+00
    57,  1.0161e+01, -2.4927795503071082e-01,  2.9816749124784520e-01, -2.8721595731614771e-02,  3.6550199432793273e-01, -8.7956833345538658e-03,  3.9201350431360180e-02, -1.0179674662552492e-02,  2.2763543812813813e-02, -6.2883438260639934e-01,  7.8063312139537100e-01,  1.0179706631466314e+00,  5.1690658642053888e-01, -4.1697101511409360e-02,  4.0797342050204070e-02,  3.8552872850048567e+00
    58,  1.0161e+01, -2.4927795503071082e-01,  2.9816749124784520e-01, -2.8721595731614771e-02,  3.6550199432793273e-01, -8.7956833345538658e-03,  3.9201350431360180e-02, -1.0179674662552492e-02,  2.2763543812813813e-02, -6.2883438260639934e-01,  7.8063312139537100e-01,  1.0179706631466314e+00,  5.1690658642053888e-01, -4.1697101511409360e-02,  4.1797342050204071e-02,  3.8938401578549051e+00
    59,  1.0162e+01, -2.4927795503071082e-01,  2.9816749124784520e-01, -2.8721595731614771e-02,  3.6550199432793273e-01, -8.7956833345538658e-03,  3.9201350431360180e-02, -1.0179674662552492e-02,  2.2763543812813813e-02, -6.2883438260639934e-01,  7.8063312139537100e-01,  1.0179706631466314e+00,  5.1690658642053888e-01, -4.1697101511409360e-02,  4.1797342050204071e-02,  3.8167344121548084e+00
    60,  1.5889e+01, -2.4786888425877043e-01,  2.9936763922133502e-01, -2.8536802404464174e-02,  3.6549542761710602e-01, -8.7959543760272214e-03,  3.9200014978638134e-02, -1.0179735300124957e-02,  2.2765785921571420e-02, -6.2884464867546808e-01,  7.8062221798751374e-01,  1.0179835781791680e+00,  5.1691001272660386e-01, -4.1696650919749827e-02,  4.1797803657715259e-02,  3.8553088740232577e+00
    61,  1.5889e+01, -2.5287633646601831e-01,  2.9936763922133502e-01, -2.8536802404464174e-02,  3.6549542761710602e-01, -8.7959543760272214e-03,  3.9200014978638134e-02, -1.0179735300124957e-02,  2.2765785921571420e-02, -6.2884464867546808e-01,  7.8062221798751374e-01,  1.0179835781791680e+00,  5.1691001272660386e-01, -4.1696650919749827e-02,  4.1797803657715259e-02,  3.8553088740232577e+00
    62,  1.5889e+01, -2.5037261036239439e-01,  3.0236131561354840e-01, -2.8536802404464174e-02,  3.6549542761710602e-01, -8.7959543760272214e-03,  3.9200014978638134e-02, -1.0179735300124957e-02,  2.2765785921571420e-02, -6.2884464867546808e-01,  7.8062221798751374e-01,  1.0179835781791680e+00,  5.1691001272660386e-01, -4.1696650919749827e-02,  4.1797803657715259e-02,  3.8553088740232577e+00
    63,  1.5889e+01, -2.5037261036239439e-01,  2.9637396282912165e-01, -2.8536802404464174e-02,  3.6549542761710602e-01, -8.7959543760272214e-03,  3.9200014978638134e-02, -1.0179735300124957e-02,  2.2765785921571420e-02, -6.2884464867546808e-01,  7.8062221798751374e-01,  1.0179835781791680e+00,  5.1691001272660386e-01, -4.1696650919749827e-02,  4.1797803657715259e-02,  3.8553088740232577e+00
    64,  1.5889e+01, -2.5037261036239439e-01,  2.9936763922133502e-01, -2.7536802404464173e-02,  3.6549542761710602e-01, -8.7959543760272214e-03,  3.9200014978638134e-02, -1.0179735300124957e-02,  2.2765785921571420e-02, -6.2884464867546808e-01,  7.8062221798751374e-01,  1.0179835781791680e+00,  5.1691001272660386e-01, -4.1696650919749827e-02,  4.1797803657715259e-02,  3.8553088740232577e+00
    65,  1.5889e+01, -2.5037261036239439e-01,  2.9936763922133502e-01, -2.9536802404464175e-02,  3.6549542761710602e-01, -8.7959543760272214e-03,  3.9200014978638134e-02, -1.0179735300124957e-02,  2.2765785921571420e-02, -6.2884464867546808e-01,  7.8062221798751374e-01,  1.0179835781791680e+00,  5.1691001272660386e-01, -4.1696650919749827e-02,  4.1797803657715259e-02,  3.8553088740232577e+00
    66,  1.5889e+01, -2.5037261036239439e-01,  2.9936763922133502e-01, -2.8536802404464174e-02,  3.6915038189327709e-01, -8.7959543760272214e-03,  3.9200014978638134e-02, -1.0179735300124957e-02,  2.2765785921571420e-02, -6.2884464867546808e-01,  7.8062221798751374e-01,  1.0179835781791680e+00,  5.1691001272660386e-01, -4.1696650919749827e-02,  4.1797803657715259e-02,  3.8553088740232577e+00
    67,  1.5889e+01, -2.5037261036239439e-01,  2.9936763922133502e-01, -2.8536802404464174e-02,  3.6184047334093494e-01, -8.7959543760272214e-03,  3.9200014978638134e-02, -1.0179735300124957e-02,  2.2765785921571420e-02, -6.2884464867546808e-01,  7.8062221798751374e-01,  1.0179835781791680e+00,  5.1691001272660386e-01, -4.1696650919749827e-02,  4.1797803657715259e-02,  3.8553088740232577e+00
    68,  1.5889e+01, -2.5037261036239439e-01,  2.9936763922133502e-01, -2.8536802404464174e-02,  3.6549542761710602e-01, -7.7959543760272214e-03,  3.9200014978638134e-02, -1.0179735300124957e-02,  2.2765785921571420e-02, -6.2884464867546808e-01,  7.8062221798751374e-01,  1.0179835781791680e+00,  5.1691001272660386e-01, -4.1696650919749827e-02,  4.1797803657715259e-02,  3.8553088740232577e+00
    69,  1.5890e+01, -2.5037261036239439e-01,  2.9936763922133502e-01, -2.8536802404464174e-02,  3.6549542761710602e-01, -9.7959543760272223e-03,  3.9200014978638134e-02, -1.0179735300124957e-02,  2.2765785921571420e-02, -6.2884464867546808e-01,  7.8062221798751374e-01,  1.0179835781791680e+00,  5.1691001272660386e-01, -4.1696650919749827e-02,  4.1797803657715259e-02,  3.8553088740232577e+00
    70,  1.5890e+01, -2.5037261036239439e-01,  2.9936763922133502e-01, -2.8536802404464174e-02,  3.6549542761710602e-01, -8.7959543760272214e-03,  4.0200014978638135e-02, -1.0179735300124957e-02,  2.2765785921571420e-02, -6.2884464867546808e-01,  7.8062221798751374e-01,  1.0179835781791680e+00,  5.1691001272660386e-01, -4.1696650919749827e-02,  4.1797803657715259e-02,  3.8553088740232577e+00
    71,  1.5890e+01, -2.5037261036239439e-01,  2.9936763922133502e-01, -2.8536802404464174e-02,  3.6549542761710602e-01, -8.7959543760272214e-03,  3.8200014978638133e-02, -1.0179735300124957e-02,  2.2765785921571420e-02, -6.2884464867546808e-01,  7.8062221798751374e-01,  1.0179835781791680e+00,  5.1691001272660386e-01, -4.1696650919749827e-02,  4.1797803657715259e-02,  3.8553088740232577e+00
    72,  1.5890e+01, -2.5037261036239439e-01,  2.9936763922133502e-01, -2.8536802404464174e-02,  3.6549542761710602e-01, -8.7959543760272214e-03,  3.9200014978638134e-02, -9.1797353001249575e-03,  2.2765785921571420e-02, -6.2884464867546808e-01,  7.8062221798751374e-01,  1.0179835781791680e+00,  5.1691001272660386e-01, -4.1696650919749827e-02,  4.1797803657715259e-02,  3.8553088740232577e+00
    73,  1.5890e+01, -2.5037261036239439e-01,  2.9936763922133502e-01, -2.8536802404464174e-02,  3.6549542761710602e-01, -8.7959543760272214e-03,  3.9200014978638134e-02, -1.1179735300124956e-02,  2.2765785921571420e-02, -6.2884464867546808e-01,  7.8062221798751374e-01,  1.0179835781791680e+00,  5.1691001272660386e-01, -4.1696650919749827e-02,  4.1797803657715259e-02,  3.8553088740232577e+00
    74,  1.5890e+01, -2.5037261036239439e-01,  2.9936763922133502e-01, -2.8536802404464174e-02,  3.6549542761710602e-01, -8.7959543760272214e-03,  3.9200014978638134e-02, -1.0179735300124957e-02,  2.3765785921571421e-02, -6.2884464867546808e-01,  7.8062221798751374e-01,  1.0179835781791680e+00,  5.1691001272660386e-01, -4.1696650919749827e-02,  4.1797803657715259e-02,  3.8553088740232577e+00
    75,  1.5890e+01, -2.5037261036239439e-01,  2.9936763922133502e-01, -2.8536802404464174e-02,  3.6549542761710602e-01, -8.7959543760272214e-03,  3.9200014978638134e-02, -1.0179735300124957e-02,  2.1765785921571419e-02, -6.2884464867546808e-01,  7.8062221798751374e-01,  1.0179835781791680e+00,  5.1691001272660386e-01, -4.1696650919749827e-02,  4.1797803657715259e-02,  3.8553088740232577e+00
    76,  1.5890e+01, -2.5037261036239439e-01,  2.9936763922133502e-01, -2.8536802404464174e-02,  3.6549542761710602e-01, -8.7959543760272214e-03,  3.9200014978638134e-02, -1.0179735300124957e-02,  2.2765785921571420e-02, -6.2255620218871344e-01,  7.8062221798751374e-01,  1.0179835781791680e+00,  5.1691001272660386e-01, -4.1696650919749827e-02,  4.1797803657715259e-02,  3.8553088740232577e+00
    77,  1.5890e+01, -2.5037261036239439e-01,  2.9936763922133502e-01, -2.8536802404464174e-02,  3.6549542761710602e-01, -8.7959543760272214e-03,  3.9200014978638134e-02, -1.0179735300124957e-02,  2.2765785921571420e-02, -6.3513309516222272e-01,  7.8062221798751374e-01,  1.0179835781791680e+00,  5.1691001272660386e-01, -4.1696650919749827e-02,  4.1797803657715259e-02,  3.8553088740232577e+00
    78,  1.5890e+01, -2.5037261036239439e-01,  2.9936763922133502e-01, -2.8536802404464174e-02,  3.6549542761710602e-01, -8.7959543760272214e-03,  3.9200014978638134e-02, -1.0179735300124957e-02,  2.2765785921571420e-02, -6.2884464867546808e-01,  7.8842844016738889e-01,  1.0179835781791680e+00,  5.1691001272660386e-01, -4.1696650919749827e-02,  4.1797803657715259e-02,  3.8553088740232577e+00
    79,  1.5890e+01, -2.5037261036239439e-01,  2.9936763922133502e-01, -2.8536802404464174e-02,  3.6549542761710602e-01, -8.7959543760272214e-03,  3.9200014978638134e-02, -1.0179735300124957e-02,  2.2765785921571420e-02, -6.2884464867546808e-01,  7.7281599580763860e-01,  1.0179835781791680e+00,  5.1691001272660386e-01, -4.1696650919749827e-02,  4.1797803657715259e-02,  3.8553088740232577e+00
    80,  1.5890e+01, -2.5037261036239439e-01,  2.9936763922133502e-01, -2.8536802404464174e-02,  3.6549542761710602e-01, -8.7959543760272214e-03,  3.9200014978638134e-02, -1.0179735300124957e-02,  2.2765785921571420e-02, -6.2884464867546808e-01,  7.8062221798751374e-01,  1.0281634139609597e+00,  5.1691001272660386e-01, -4.1696650919749827e-02,  4.1797803657715259e-02,  3.8553088740232577e+00
    81,  1.5890e+01, -2.5037261036239439e-01,  2.9936763922133502e-01, -2.8536802404464174e-02,  3.6549542761710602e-01, -8.7959543760272214e-03,  3.9200014978638134e-02, -1.0179735300124957e-02,  2.2765785921571420e-02, -6.2884464867546808e-01,  7.8062221798751374e-01,  1.0078037423973762e+00,  5.1691001272660386e-01, -4.1696650919749827e-02,  4.1797803657715259e-02,  3.8553088740232577e+00
    82,  1.5890e+01, -2.5037261036239439e-01,  2.9936763922133502e-01, -2.8536802404464174e-02,  3.6549542761710602e-01, -8.7959543760272214e-03,  3.9200014978638134e-02, -1.0179735300124957e-02,  2.2765785921571420e-02, -6.2884464867546808e-01,  7.8062221798751374e-01,  1.0179835781791680e+00,  5.2207911285386988e-01, -4.1696650919749827e-02,  4.1797803657715259e-02,  3.8553088740232577e+00
    83,  1.5890e+01, -2.5037261036239439e-01,  2.9936763922133502e-01, -2.8536802404464174e-02,  3.6549542761710602e-01, -8.7959543760272214e-03,  3.9200014978638134e-02, -1.0179735300124957e-02,  2.2765785921571420e-02, -6.2884464867546808e-01,  7.8062221798751374e-01,  1.0179835781791680e+00,  5.1174091259933785e-01, -4.1696650919749827e-02,  4.1797803657715259e-02,  3.8553088740232577e+00
    84,  1.5890e+01, -2.5037261036239439e-01,  2.9936763922133502e-01, -2.8536802404464174e-02,  3.6549542761710602e-01, -8.7959543760272214e-03,  3.9200014978638134e-02, -1.0179735300124957e-02,  2.2765785921571420e-02, -6.2884464867546808e-01,  7.8062221798751374e-01,  1.0179835781791680e+00,  5.1691001272660386e-01, -4.0696650919749826e-02,  4.1797803657715259e-02,  3.8553088740232577e+00
    85,  1.5890e+01, -2.5037261036239439e-01,  2.9936763922133502e-01, -2.8536802404464174e-02,  3.6549542761710602e-01, -8.7959543760272214e-03,  3.9200014978638134e-02, -1.0179735300124957e-02,  2.2765785921571420e-02, -6.2884464867546808e-01,  7.8062221798751374e-01,  1.0179835781791680e+00,  5.1691001272660386e-01, -4.2696650919749828e-02,  4.1797803657715259e-02,  3.8553088740232577e+00
    86,  1.5890e+01, -2.5037261036239439e-01,  2.9936763922133502e-01, -2.8536802404464174e-02,  3.6549542761710602e-01, -8.7959543760272214e-03,  3.9200014978638134e-02, -1.0179735300124957e-02,  2.2765785921571420e-02, -6.2884464867546808e-01,  7.8062221798751374e-01,  1.0179835781791680e+00,  5.1691001272660386e-01, -4.1696650919749827e-02,  4.2797803657715260e-02,  3.8553088740232577e+00
    87,  1.5890e+01, -2.5037261036239439e-01,  2.9936763922133502e-01, -2.8536802404464174e-02,  3.6549542761710602e-01, -8.7959543760272214e-03,  3.9200014978638134e-02, -1.0179735300124957e-02,  2.2765785921571420e-02, -6.2884464867546808e-01,  7.8062221798751374e-01,  1.0179835781791680e+00,  5.1691001272660386e-01, -4.1696650919749827e-02,  4.0797803657715258e-02,  3.8553088740232577e+00
    88,  1.5890e+01, -2.5037261036239439e-01,  2.9936763922133502e-01, -2.8536802404464174e-02,  3.6549542761710602e-01, -8.7959543760272214e-03,  3.9200014978638134e-02, -1.0179735300124957e-02,  2.2765785921571420e-02, -6.2884464867546808e-01,  7.8062221798751374e-01,  1.0179835781791680e+00,  5.1691001272660386e-01, -4.1696650919749827e-02,  4.1797803657715259e-02,  3.8938619627634905e+00
    89,  1.5890e+01, -2.5037261036239439e-01,  2.9936763922133502e-01, -2.8536802404464174e-02,  3.6549542761710602e-01, -8.7959543760272214e-03,  3.9200014978638134e-02, -1.0179735300124957e-02,  2.2765785921571420e-02, -6.2884464867546808e-01,  7.8062221798751374e-01,  1.0179835781791680e+00,  5.1691001272660386e-01, -4.1696650919749827e-02,  4.1797803657715259e-02,  3.8167557852830249e+00
    90,  2.1067e+01, -2.4798701334441223e-01,  3.0078081080451452e-01, -2.9006965914685181e-02,  3.6483894175545722e-01, -8.7967299921021657e-03,  3.9195043883427427e-02, -1.0180890054832772e-02,  2.2769270193573318e-02, -6.2888088559567723e-01,  7.8056923843281434e-01,  1.0180485566521615e+00,  5.1691090448575694e-01, -4.1694544119134168e-02,  4.1799309651433435e-02,  3.8553534359389423e+00
    91,  2.1067e+01, -2.5299685199783467e-01,  3.0078081080451452e-01, -2.9006965914685181e-02,  3.6483894175545722e-01, -8.7967299921021657e-03,  3.9195043883427427e-02, -1.0180890054832772e-02,  2.2769270193573318e-02, -6.2888088559567723e-01,  7.8056923843281434e-01,  1.0180485566521615e+00,  5.1691090448575694e-01, -4.1694544119134168e-02,  4.1799309651433435e-02,  3.8553534359389423e+00
    92,  2.1067e+01, -2.5049193267112346e-01,  3.0378861891255965e-01, -2.9006965914685181e-02,  3.6483894175545722e-01, -8.7967299921021657e-03,  3.9195043883427427e-02, -1.0180890054832772e-02,  2.2769270193573318e-02, -6.2888088559567723e-01,  7.8056923843281434e-01,  1.0180485566521615e+00,  5.1691090448575694e-01, -4.1694544119134168e-02,  4.1799309651433435e-02,  3.8553534359389423e+00
    93,  2.1067e+01, -2.5049193267112346e-01,  2.9777300269646939e-01, -2.9006965914685181e-02,  3.6483894175545722e-01, -8.7967299921021657e-03,  3.9195043883427427e-02, -1.0180890054832772e-02,  2.2769270193573318e-02, -6.2888088559567723e-01,  7.8056923843281434e-01,  1.0180485566521615e+00,  5.1691090448575694e-01, -4.1694544119134168e-02,  4.1799309651433435e-02,  3.8553534359389423e+00
    94,  2.1067e+01, -2.5049193267112346e-01,  3.0078081080451452e-01, -2.8006965914685180e-02,  3.6483894175545722e-01, -8.7967299921021657e-03,  3.9195043883427427e-02, -1.0180890054832772e-02,  2.2769270193573318e-02, -6.2888088559567723e-01,  7.8056923843281434e-01,  1.0180485566521615e+00,  5.1691090448575694e-01, -4.1694544119134168e-02,  4.1799309651433435e-02,  3.8553534359389423e+00
    95,  2.1067e+01, -2.5049193267112346e-01,  3.0078081080451452e-01, -3.0006965914685182e-02,  3.6483894175545722e-01, -8.7967299921021657e-03,  3.9195043883427427e-02, -1.0180890054832772e-02,  2.2769270193573318e-02, -6.2888088559567723e-01,  7.8056923843281434e-01,  1.0180485566521615e+00,  5.1691090448575694e-01, -4.1694544119134168e-02,  4.1799309651433435e-02,  3.8553534359389423e+00
    96,  2.1067e+01, -2.5049193267112346e-01,  3.0078081080451452e-01, -2.9006965914685181e-02,  3.6848733117301180e-01, -8.7967299921021657e-03,  3.9195043883427427e-02, -1.0180890054832772e-02,  2.2769270193573318e-02, -6.2888088559567723e-01,  7.8056923843281434e-01,  1.0180485566521615e+00,  5.1691090448575694e-01, -4.1694544119134168e-02,  4.1799309651433435e-02,  3.8553534359389423e+00
    97,  2.1067e+01, -2.5049193267112346e-01,  3.0078081080451452e-01, -2.9006965914685181e-02,  3.6119055233790265e-01, -8.7967299921021657e-03,  3.9195043883427427e-02, -1.0180890054832772e-02,  2.2769270193573318e-02, -6.2888088559567723e-01,  7.8056923843281434e-01,  1.0180485566521615e+00,  5.1691090448575694e-01, -4.1694544119134168e-02,  4.1799309651433435e-02,  3.8553534359389423e+00
    98,  2.1067e+01, -2.5049193267112346e-01,  3.0078081080451452e-01, -2.9006965914685181e-02,  3.6483894175545722e-01, -7.7967299921021657e-03,  3.9195043883427427e-02, -1.0180890054832772e-02,  2.2769270193573318e-02, -6.2888088559567723e-01,  7.8056923843281434e-01,  1.0180485566521615e+00,  5.1691090448575694e-01, -4.1694544119134168e-02,  4.1799309651433435e-02,  3.8553534359389423e+00
    99,  2.1067e+01, -2.5049193267112346e-01,  3.0078081080451452e-01, -2.9006965914685181e-02,  3.6483894175545722e-01, -9.7967299921021649e-03,  3.9195043883427427e-02, -1.0180890054832772e-02,  2.2769270193573318e-02, -6.2888088559567723e-01,  7.8056923843281434e-01,  1.0180485566521615e+00,  5.1691090448575694e-01, -4.1694544119134168e-02,  4.1799309651433435e-02,  3.8553534359389423e+00
   100,  2.1067e+01, -2.5049193267112346e-01,  3.0078081080451452e-01, -2.9006965914685181e-02,  3.6483894175545722e-01, -8.7967299921021657e-03,  4.0195043883427428e-02, -1.0180890054832772e-02,  2.2769270193573318e-02, -6.2888088559567723e-01,  7.8056923843281434e-01,  1.0180485566521615e+00,  5.1691090448575694e-01, -4.1694544119134168e-02,  4.1799309651433435e-02,  3.8553534359389423e+00
   101,  2.1067e+01, -2.5049193267112346e-01,  3.0078081080451452e-01, -2.9006965914685181e-02,  3.6483894175545722e-01, -8.7967299921021657e-03,  3.8195043883427426e-02, -1.0180890054832772e-02,  2.2769270193573318e-02, -6.2888088559567723e-01,  7.8056923843281434e-01,  1.0180485566521615e+00,  5.1691090448575694e-01, -4.1694544119134168e-02,  4.1799309651433435e-02,  3.8553534359389423e+00
   102,  2.1067e+01, -2.5049193267112346e-01,  3.0078081080451452e-01, -2.9006965914685181e-02,  3.6483894175545722e-01, -8.7967299921021657e-03,  3.9195043883427427e-02, -9.1808900548327708e-03,  2.2769270193573318e-02, -6.2888088559567723e-01,  7.8056923843281434e-01,  1.0180485566521615e+00,  5.1691090448575694e-01, -4.1694544119134168e-02,  4.1799309651433435e-02,  3.8553534359389423e+00
   103,  2.1067e+01, -2.5049193267112346e-01,  3.0078081080451452e-01, -2.9006965914685181e-02,  3.6483894175545722e-01, -8.7967299921021657e-03,  3.9195043883427427e-02, -1.1180890054832773e-02,  2.2769270193573318e-02, -6.2888088559567723e-01,  7.8056923843281434e-01,  1.0180485566521615e+00,  5.1691090448575694e-01, -4.1694544119134168e-02,  4.1799309651433435e-02,  3.8553534359389423e+00
   104,  2.1067e+01, -2.5049193267112346e-01,  3.0078081080451452e-01, -2.9006965914685181e-02,  3.6483894175545722e-01, -8.7967299921021657e-03,  3.9195043883427427e-02, -1.0180890054832772e-02,  2.3769270193573319e-02, -6.2888088559567723e-01,  7.8056923843281434e-01,  1.0180485566521615e+00,  5.1691090448575694e-01, -4.1694544119134168e-02,  4.1799309651433435e-02,  3.8553534359389423e+00
   105,  2.1067e+01, -2.5049193267112346e-01,  3.0078081080451452e-01, -2.9006965914685181e-02,  3.6483894175545722e-01, -8.7967299921021657e-03,  3.9195043883427427e-02, -1.0180890054832772e-02,  2.1769270193573317e-02, -6.2888088559567723e-01,  7.8056923843281434e-01,  1.0180485566521615e+00,  5.1691090448575694e-01, -4.1694544119134168e-02,  4.1799309651433435e-02,  3.8553534359389423e+00
   106,  2.1067e+01, -2.5049193267112346e-01,  3.0078081080451452e-01, -2.9006965914685181e-02,  3.6483894175545722e-01, -8.7967299921021657e-03,  3.9195043883427427e-02, -1.0180890054832772e-02,  2.2769270193573318e-02, -6.2259207673972050e-01,  7.8056923843281434e-01,  1.0180485566521615e+00,  5.1691090448575694e-01, -4.1694544119134168e-02,  4.1799309651433435e-02,  3.8553534359389423e+00
   107,  2.1067e+01, -2.5049193267112346e-01,  3.0078081080451452e-01, -2.9006965914685181e-02,  3.6483894175545722e-01, -8.7967299921021657e-03,  3.9195043883427427e-02, -1.0180890054832772e-02,  2.2769270193573318e-02, -6.3516969445163396e-01,  7.8056923843281434e-01,  1.0180485566521615e+00,  5.1691090448575694e-01, -4.1694544119134168e-02,  4.1799309651433435e-02,  3.8553534359389423e+00
   108,  2.1067e+01, -2.5049193267112346e-01,  3.0078081080451452e-01, -2.9006965914685181e-02,  3.6483894175545722e-01, -8.7967299921021657e-03,  3.9195043883427427e-02, -1.0180890054832772e-02,  2.2769270193573318e-02, -6.2888088559567723e-01,  7.8837493081714249e-01,  1.0180485566521615e+00,  5.1691090448575694e-01, -4.1694544119134168e-02,  4.1799309651433435e-02,  3.8553534359389423e+00
   109,  2.1067e+01, -2.5049193267112346e-01,  3.0078081080451452e-01, -2.9006965914685181e-02,  3.6483894175545722e-01, -8.7967299921021657e-03,  3.9195043883427427e-02, -1.0180890054832772e-02,  2.2769270193573318e-02, -6.2888088559567723e-01,  7.7276354604848618e-01,  1.0180485566521615e+00,  5.1691090448575694e-01, -4.1694544119134168e-02,  4.1799309651433435e-02,  3.8553534359389423e+00
   110,  2.1067e+01, -2.5049193267112346e-01,  3.0078081080451452e-01, -2.9006965914685181e-02,  3.6483894175545722e-01, -8.7967299921021657e-03,  3.9195043883427427e-02, -1.0180890054832772e-02,  2.2769270193573318e-02, -6.2888088559567723e-01,  7.8056923843281434e-01,  1.0282290422186831e+00,  5.1691090448575694e-01, -4.1694544119134168e-02,  4.1799309651433435e-02,  3.8553534359389423e+00
   111,  2.1067e+01, -2.5049193267112346e-01,  3.0078081080451452e-01, -2.9006965914685181e-02,  3.6483894175545722e-01, -8.7967299921021657e-03,  3.9195043883427427e-02, -1.0180890054832772e-02,  2.2769270193573318e-02, -6.2888088559567723e-01,  7.8056923843281434e-01,  1.0078680710856400e+00,  5.1691090448575694e-01, -4.1694544119134168e-02,  4.1799309651433435e-02,  3.8553534359389423e+00
   112,  2.1067e+01, -2.5049193267112346e-01,  3.0078081080451452e-01, -2.9006965914685181e-02,  3.6483894175545722e-01, -8.7967299921021657e-03,  3.9195043883427427e-02, -1.0180890054832772e-02,  2.2769270193573318e-02, -6.2888088559567723e-01,  7.8056923843281434e-01,  1.0180485566521615e+00,  5.2208001353061451e-01, -4.1694544119134168e-02,  4.1799309651433435e-02,  3.8553534359389423e+00
   113,  2.1067e+01, -2.5049193267112346e-01,  3.0078081080451452e-01, -2.9006965914685181e-02,  3.6483894175545722e-01, -8.7967299921021657e-03,  3.9195043883427427e-02, -1.0180890054832772e-02,  2.2769270193573318e-02, -6.2888088559567723e-01,  7.8056923843281434e-01,  1.0180485566521615e+00,  5.1174179544089937e-01, -4.1694544119134168e-02,  4.1799309651433435e-02,  3.8553534359389423e+00
   114,  2.1068e+01, -2.5049193267112346e-01,  3.0078081080451452e-01, -2.9006965914685181e-02,  3.6483894175545722e-01, -8.7967299921021657e-03,  3.9195043883427427e-02, -1.0180890054832772e-02,  2.2769270193573318e-02, -6.2888088559567723e-01,  7.8056923843281434e-01,  1.0180485566521615e+00,  5.1691090448575694e-01, -4.0694544119134167e-02,  4.1799309651433435e-02,  3.8553534359389423e+00
   115,  2.1068e+01, -2.5049193267112346e-01,  3.0078081080451452e-01, -2.9006965914685181e-02,  3.6483894175545722e-01, -8.7967299921021657e-03,  3.9195043883427427e-02, -1.0180890054832772e-02,  2.2769270193573318e-02, -6.2888088559567723e-01,  7.8056923843281434e-01,  1.0180485566521615e+00,  5.1691090448575694e-01, -4.2694544119134169e-02,  4.1799309651433435e-02,  3.8553534359389423e+00
   116,  2.1068e+01, -2.5049193267112346e-01,  3.0078081080451452e-01, -2.9006965914685181e-02,  3.6483894175545722e-01, -8.7967299921021657e-03,  3.9195043883427427e-02, -1.0180890054832772e-02,  2.2769270193573318e-02, -6.2888088559567723e-01,  7.8056923843281434e-01,  1.0180485566521615e+00,  5.1691090448575694e-01, -4.1694544119134168e-02,  4.2799309651433436e-02,  3.8553534359389423e+00
   117,  2.1068e+01, -2.5049193267112346e-01,  3.0078081080451452e-01, -2.9006965914685181e-02,  3.6483894175545722e-01, -8.7967299921021657e-03,  3.9195043883427427e-02, -1.0180890054832772e-02,  2.2769270193573318e-02, -6.2888088559567723e-01,  7.8056923843281434e-01,  1.0180485566521615e+00,  5.1691090448575694e-01, -4.1694544119134168e-02,  4.0799309651433434e-02,  3.8553534359389423e+00
   118,  2.1068e+01, -2.5049193267112346e-01,  3.0078081080451452e-01, -2.9006965914685181e-02,  3.6483894175545722e-01, -8.7967299921021657e-03,  3.9195043883427427e-02, -1.0180890054832772e-02,  2.2769270193573318e-02, -6.2888088559567723e-01,  7.8056923843281434e-01,  1.0180485566521615e+00,  5.1691090448575694e-01, -4.1694544119134168e-02,  4.1799309651433435e-02,  3.8939069702983318e+00
   119,  2.1068e+01, -2.5049193267112346e-01,  3.0078081080451452e-01, -2.9006965914685181e-02,  3.6483894175545722e-01, -8.7967299921021657e-03,  3.9195043883427427e-02, -1.0180890054832772e-02,  2.2769270193573318e-02, -6.2888088559567723e-01,  7.8056923843281434e-01,  1.0180485566521615e+00,  5.1691090448575694e-01, -4.1694544119134168e-02,  4.1799309651433435e-02,  3.8167999015795528e+00
