Problem type:
least_squares
nparams:
15
function_evaluation,seconds,x(0),x(1),x(2),x(3),x(4),x(5),x(6),x(7),x(8),x(9),x(10),x(11),x(12),x(13),x(14)
     0,  4.6830e+00, -2.2850381498587419e-01,  2.9482268096634845e-01, -2.5234126677321368e-02,  3.1558381524384022e-01,  1.4834930443338874e-02,  5.6895499128525998e-02, -1.0925530511885541e-03,  2.9109717103939553e-01,  1.9612158935585152e-02,  1.4024293959868441e+00,  6.6796287804809518e-01, -1.6218433124798839e-02, -5.6401729340330546e-02,  3.1101835716464476e-02,  4.6534976786841193e+00
     1,  4.6831e+00, -2.7928244053829071e-01,  2.9482268096634845e-01, -2.5234126677321368e-02,  3.1558381524384022e-01,  1.4834930443338874e-02,  5.6895499128525998e-02, -1.0925530511885541e-03,  2.9109717103939553e-01,  1.9612158935585152e-02,  1.4024293959868441e+00,  6.6796287804809518e-01, -1.6218433124798839e-02, -5.6401729340330546e-02,  3.1101835716464476e-02,  4.6534976786841193e+00
     2,  4.6831e+00, -2.5389312776208245e-01,  3.2430494906298329e-01, -2.5234126677321368e-02,  3.1558381524384022e-01,  1.4834930443338874e-02,  5.6895499128525998e-02, -1.0925530511885541e-03,  2.9109717103939553e-01,  1.9612158935585152e-02,  1.4024293959868441e+00,  6.6796287804809518e-01, -1.6218433124798839e-02, -5.6401729340330546e-02,  3.1101835716464476e-02,  4.6534976786841193e+00
     3,  4.6832e+00, -2.5389312776208245e-01,  2.6534041286971360e-01, -2.5234126677321368e-02,  3.1558381524384022e-01,  1.4834930443338874e-02,  5.6895499128525998e-02, -1.0925530511885541e-03,  2.9109717103939553e-01,  1.9612158935585152e-02,  1.4024293959868441e+00,  6.6796287804809518e-01, -1.6218433124798839e-02, -5.6401729340330546e-02,  3.1101835716464476e-02,  4.6534976786841193e+00
     4,  4.6832e+00, -2.5389312776208245e-01,  2.9482268096634845e-01, -2.2710714009589232e-02,  3.1558381524384022e-01,  1.4834930443338874e-02,  5.6895499128525998e-02, -1.0925530511885541e-03,  2.9109717103939553e-01,  1.9612158935585152e-02,  1.4024293959868441e+00,  6.6796287804809518e-01, -1.6218433124798839e-02, -5.6401729340330546e-02,  3.1101835716464476e-02,  4.6534976786841193e+00
     5,  4.6832e+00, -2.5389312776208245e-01,  2.9482268096634845e-01, -2.7757539345053504e-02,  3.1558381524384022e-01,  1.4834930443338874e-02,  5.6895499128525998e-02, -1.0925530511885541e-03,  2.9109717103939553e-01,  1.9612158935585152e-02,  1.4024293959868441e+00,  6.6796287804809518e-01, -1.6218433124798839e-02, -5.6401729340330546e-02,  3.1101835716464476e-02,  4.6534976786841193e+00
     6,  4.6833e+00, -2.5389312776208245e-01,  2.9482268096634845e-01, -2.5234126677321368e-02,  3.4714219676822422e-01,  1.4834930443338874e-02,  5.6895499128525998e-02, -1.0925530511885541e-03,  2.9109717103939553e-01,  1.9612158935585152e-02,  1.4024293959868441e+00,  6.6796287804809518e-01, -1.6218433124798839e-02, -5.6401729340330546e-02,  3.1101835716464476e-02,  4.6534976786841193e+00
     7,  4.6833e+00, -2.5389312776208245e-01,  2.9482268096634845e-01, -2.5234126677321368e-02,  2.8402543371945621e-01,  1.4834930443338874e-02,  5.6895499128525998e-02, -1.0925530511885541e-03,  2.9109717103939553e-01,  1.9612158935585152e-02,  1.4024293959868441e+00,  6.6796287804809518e-01, -1.6218433124798839e-02, -5.6401729340330546e-02,  3.1101835716464476e-02,  4.6534976786841193e+00
     8,  4.6833e+00, -2.5389312776208245e-01,  2.9482268096634845e-01, -2.5234126677321368e-02,  3.1558381524384022e-01,  1.6318423487672762e-02,  5.6895499128525998e-02, -1.0925530511885541e-03,  2.9109717103939553e-01,  1.9612158935585152e-02,  1.4024293959868441e+00,  6.6796287804809518e-01, -1.6218433124798839e-02, -5.6401729340330546e-02,  3.1101835716464476e-02,  4.6534976786841193e+00
     9,  4.6833e+00, -2.5389312776208245e-01,  2.9482268096634845e-01, -2.5234126677321368e-02,  3.1558381524384022e-01,  1.3351437399004986e-02,  5.6895499128525998e-02, -1.0925530511885541e-03,  2.9109717103939553e-01,  1.9612158935585152e-02,  1.4024293959868441e+00,  6.6796287804809518e-01, -1.6218433124798839e-02, -5.6401729340330546e-02,  3.1101835716464476e-02,  4.6534976786841193e+00
    10,  4.6834e+00, -2.5389312776208245e-01,  2.9482268096634845e-01, -2.5234126677321368e-02,  3.1558381524384022e-01,  1.4834930443338874e-02,  6.2585049041378599e-02, -1.0925530511885541e-03,  2.9109717103939553e-01,  1.9612158935585152e-02,  1.4024293959868441e+00,  6.6796287804809518e-01, -1.6218433124798839e-02, -5.6401729340330546e-02,  3.1101835716464476e-02,  4.6534976786841193e+00
    11,  4.6834e+00, -2.5389312776208245e-01,  2.9482268096634845e-01, -2.5234126677321368e-02,  3.1558381524384022e-01,  1.4834930443338874e-02,  5.1205949215673396e-02, -1.0925530511885541e-03,  2.9109717103939553e-01,  1.9612158935585152e-02,  1.4024293959868441e+00,  6.6796287804809518e-01, -1.6218433124798839e-02, -5.6401729340330546e-02,  3.1101835716464476e-02,  4.6534976786841193e+00
    12,  4.6834e+00, -2.5389312776208245e-01,  2.9482268096634845e-01, -2.5234126677321368e-02,  3.1558381524384022e-01,  1.4834930443338874e-02,  5.6895499128525998e-02, -9.2553051188554039e-05,  2.9109717103939553e-01,  1.9612158935585152e-02,  1.4024293959868441e+00,  6.6796287804809518e-01, -1.6218433124798839e-02, -5.6401729340330546e-02,  3.1101835716464476e-02,  4.6534976786841193e+00
    13,  4.6835e+00, -2.5389312776208245e-01,  2.9482268096634845e-01, -2.5234126677321368e-02,  3.1558381524384022e-01,  1.4834930443338874e-02,  5.6895499128525998e-02, -2.0925530511885539e-03,  2.9109717103939553e-01,  1.9612158935585152e-02,  1.4024293959868441e+00,  6.6796287804809518e-01, -1.6218433124798839e-02, -5.6401729340330546e-02,  3.1101835716464476e-02,  4.6534976786841193e+00
    14,  4.6835e+00, -2.5389312776208245e-01,  2.9482268096634845e-01, -2.5234126677321368e-02,  3.1558381524384022e-01,  1.4834930443338874e-02,  5.6895499128525998e-02, -1.0925530511885541e-03,  3.2020688814333509e-01,  1.9612158935585152e-02,  1.4024293959868441e+00,  6.6796287804809518e-01, -1.6218433124798839e-02, -5.6401729340330546e-02,  3.1101835716464476e-02,  4.6534976786841193e+00
    15,  4.6835e+00, -2.5389312776208245e-01,  2.9482268096634845e-01, -2.5234126677321368e-02,  3.1558381524384022e-01,  1.4834930443338874e-02,  5.6895499128525998e-02, -1.0925530511885541e-03,  2.6198745393545597e-01,  1.9612158935585152e-02,  1.4024293959868441e+00,  6.6796287804809518e-01, -1.6218433124798839e-02, -5.6401729340330546e-02,  3.1101835716464476e-02,  4.6534976786841193e+00
    16,  4.6835e+00, -2.5389312776208245e-01,  2.9482268096634845e-01, -2.5234126677321368e-02,  3.1558381524384022e-01,  1.4834930443338874e-02,  5.6895499128525998e-02, -1.0925530511885541e-03,  2.9109717103939553e-01,  2.1573374829143666e-02,  1.4024293959868441e+00,  6.6796287804809518e-01, -1.6218433124798839e-02, -5.6401729340330546e-02,  3.1101835716464476e-02,  4.6534976786841193e+00
    17,  4.6836e+00, -2.5389312776208245e-01,  2.9482268096634845e-01, -2.5234126677321368e-02,  3.1558381524384022e-01,  1.4834930443338874e-02,  5.6895499128525998e-02, -1.0925530511885541e-03,  2.9109717103939553e-01,  1.7650943042026638e-02,  1.4024293959868441e+00,  6.6796287804809518e-01, -1.6218433124798839e-02, -5.6401729340330546e-02,  3.1101835716464476e-02,  4.6534976786841193e+00
    18,  4.6836e+00, -2.5389312776208245e-01,  2.9482268096634845e-01, -2.5234126677321368e-02,  3.1558381524384022e-01,  1.4834930443338874e-02,  5.6895499128525998e-02, -1.0925530511885541e-03,  2.9109717103939553e-01,  1.9612158935585152e-02,  1.5426723355855285e+00,  6.6796287804809518e-01, -1.6218433124798839e-02, -5.6401729340330546e-02,  3.1101835716464476e-02,  4.6534976786841193e+00
    19,  4.6836e+00, -2.5389312776208245e-01,  2.9482268096634845e-01, -2.5234126677321368e-02,  3.1558381524384022e-01,  1.4834930443338874e-02,  5.6895499128525998e-02, -1.0925530511885541e-03,  2.9109717103939553e-01,  1.9612158935585152e-02,  1.2621864563881597e+00,  6.6796287804809518e-01, -1.6218433124798839e-02, -5.6401729340330546e-02,  3.1101835716464476e-02,  4.6534976786841193e+00
    20,  4.6836e+00, -2.5389312776208245e-01,  2.9482268096634845e-01, -2.5234126677321368e-02,  3.1558381524384022e-01,  1.4834930443338874e-02,  5.6895499128525998e-02, -1.0925530511885541e-03,  2.9109717103939553e-01,  1.9612158935585152e-02,  1.4024293959868441e+00,  7.3475916585290468e-01, -1.6218433124798839e-02, -5.6401729340330546e-02,  3.1101835716464476e-02,  4.6534976786841193e+00
    21,  4.6837e+00, -2.5389312776208245e-01,  2.9482268096634845e-01, -2.5234126677321368e-02,  3.1558381524384022e-01,  1.4834930443338874e-02,  5.6895499128525998e-02, -1.0925530511885541e-03,  2.9109717103939553e-01,  1.9612158935585152e-02,  1.4024293959868441e+00,  6.0116659024328567e-01, -1.6218433124798839e-02, -5.6401729340330546e-02,  3.1101835716464476e-02,  4.6534976786841193e+00
    22,  4.6837e+00, -2.5389312776208245e-01,  2.9482268096634845e-01, -2.5234126677321368e-02,  3.1558381524384022e-01,  1.4834930443338874e-02,  5.6895499128525998e-02, -1.0925530511885541e-03,  2.9109717103939553e-01,  1.9612158935585152e-02,  1.4024293959868441e+00,  6.6796287804809518e-01, -1.4596589812318955e-02, -5.6401729340330546e-02,  3.1101835716464476e-02,  4.6534976786841193e+00
    23,  4.6837e+00, -2.5389312776208245e-01,  2.9482268096634845e-01, -2.5234126677321368e-02,  3.1558381524384022e-01,  1.4834930443338874e-02,  5.6895499128525998e-02, -1.0925530511885541e-03,  2.9109717103939553e-01,  1.9612158935585152e-02,  1.4024293959868441e+00,  6.6796287804809518e-01, -1.7840276437278722e-02, -5.6401729340330546e-02,  3.1101835716464476e-02,  4.6534976786841193e+00
    24,  4.6837e+00, -2.5389312776208245e-01,  2.9482268096634845e-01, -2.5234126677321368e-02,  3.1558381524384022e-01,  1.4834930443338874e-02,  5.6895499128525998e-02, -1.0925530511885541e-03,  2.9109717103939553e-01,  1.9612158935585152e-02,  1.4024293959868441e+00,  6.6796287804809518e-01, -1.6218433124798839e-02, -5.0761556406297495e-02,  3.1101835716464476e-02,  4.6534976786841193e+00
    25,  4.6838e+00, -2.5389312776208245e-01,  2.9482268096634845e-01, -2.5234126677321368e-02,  3.1558381524384022e-01,  1.4834930443338874e-02,  5.6895499128525998e-02, -1.0925530511885541e-03,  2.9109717103939553e-01,  1.9612158935585152e-02,  1.4024293959868441e+00,  6.6796287804809518e-01, -1.6218433124798839e-02, -6.2041902274363597e-02,  3.1101835716464476e-02,  4.6534976786841193e+00
    26,  4.6838e+00, -2.5389312776208245e-01,  2.9482268096634845e-01, -2.5234126677321368e-02,  3.1558381524384022e-01,  1.4834930443338874e-02,  5.6895499128525998e-02, -1.0925530511885541e-03,  2.9109717103939553e-01,  1.9612158935585152e-02,  1.4024293959868441e+00,  6.6796287804809518e-01, -1.6218433124798839e-02, -5.6401729340330546e-02,  3.4212019288110920e-02,  4.6534976786841193e+00
    27,  4.6838e+00, -2.5389312776208245e-01,  2.9482268096634845e-01, -2.5234126677321368e-02,  3.1558381524384022e-01,  1.4834930443338874e-02,  5.6895499128525998e-02, -1.0925530511885541e-03,  2.9109717103939553e-01,  1.9612158935585152e-02,  1.4024293959868441e+00,  6.6796287804809518e-01, -1.6218433124798839e-02, -5.6401729340330546e-02,  2.7991652144818028e-02,  4.6534976786841193e+00
    28,  4.6838e+00, -2.5389312776208245e-01,  2.9482268096634845e-01, -2.5234126677321368e-02,  3.1558381524384022e-01,  1.4834930443338874e-02,  5.6895499128525998e-02, -1.0925530511885541e-03,  2.9109717103939553e-01,  1.9612158935585152e-02,  1.4024293959868441e+00,  6.6796287804809518e-01, -1.6218433124798839e-02, -5.6401729340330546e-02,  3.1101835716464476e-02,  5.1188474465525315e+00
    29,  4.6839e+00, -2.5389312776208245e-01,  2.9482268096634845e-01, -2.5234126677321368e-02,  3.1558381524384022e-01,  1.4834930443338874e-02,  5.6895499128525998e-02, -1.0925530511885541e-03,  2.9109717103939553e-01,  1.9612158935585152e-02,  1.4024293959868441e+00,  6.6796287804809518e-01, -1.6218433124798839e-02, -5.6401729340330546e-02,  3.1101835716464476e-02,  4.1881479108157071e+00
    30,  9.7891e+00, -2.3196181225760465e-01,  2.9124690363047046e-01, -3.2163317250455820e-02,  3.3570243649354436e-01, -3.6984532071351519e-03,  5.2764769631761015e-02, -4.8599532798327388e-03,  1.4391477628514227e-03, -3.1285946421684807e-01,  9.5206542011305473e-01,  8.4151110242121741e-01,  3.6579257325067416e-01, -4.8434315400030528e-02,  3.5391188182973127e-02,  4.0453207591975620e+00
    31,  9.7892e+00, -2.8350888164818350e-01,  2.9124690363047046e-01, -3.2163317250455820e-02,  3.3570243649354436e-01, -3.6984532071351519e-03,  5.2764769631761015e-02, -4.8599532798327388e-03,  1.4391477628514227e-03, -3.1285946421684807e-01,  9.5206542011305473e-01,  8.4151110242121741e-01,  3.6579257325067416e-01, -4.8434315400030528e-02,  3.5391188182973127e-02,  4.0453207591975620e+00
    32,  9.7892e+00, -2.5773534695289407e-01,  3.2037159399351750e-01, -3.2163317250455820e-02,  3.3570243649354436e-01, -3.6984532071351519e-03,  5.2764769631761015e-02, -4.8599532798327388e-03,  1.4391477628514227e-03, -3.1285946421684807e-01,  9.5206542011305473e-01,  8.4151110242121741e-01,  3.6579257325067416e-01, -4.8434315400030528e-02,  3.5391188182973127e-02,  4.0453207591975620e+00
    33,  9.7892e+00, -2.5773534695289407e-01,  2.6212221326742341e-01, -3.2163317250455820e-02,  3.3570243649354436e-01, -3.6984532071351519e-03,  5.2764769631761015e-02, -4.8599532798327388e-03,  1.4391477628514227e-03, -3.1285946421684807e-01,  9.5206542011305473e-01,  8.4151110242121741e-01,  3.6579257325067416e-01, -4.8434315400030528e-02,  3.5391188182973127e-02,  4.0453207591975620e+00
    34,  9.7893e+00, -2.5773534695289407e-01,  2.9124690363047046e-01, -2.8946985525410238e-02,  3.3570243649354436e-01, -3.6984532071351519e-03,  5.2764769631761015e-02, -4.8599532798327388e-03,  1.4391477628514227e-03, -3.1285946421684807e-01,  9.5206542011305473e-01,  8.4151110242121741e-01,  3.6579257325067416e-01, -4.8434315400030528e-02,  3.5391188182973127e-02,  4.0453207591975620e+00
    35,  9.7893e+00, -2.5773534695289407e-01,  2.9124690363047046e-01, -3.5379648975501402e-02,  3.3570243649354436e-01, -3.6984532071351519e-03,  5.2764769631761015e-02, -4.8599532798327388e-03,  1.4391477628514227e-03, -3.1285946421684807e-01,  9.5206542011305473e-01,  8.4151110242121741e-01,  3.6579257325067416e-01, -4.8434315400030528e-02,  3.5391188182973127e-02,  4.0453207591975620e+00
    36,  9.7893e+00, -2.5773534695289407e-01,  2.9124690363047046e-01, -3.2163317250455820e-02,  3.6927268014289882e-01, -3.6984532071351519e-03,  5.2764769631761015e-02, -4.8599532798327388e-03,  1.4391477628514227e-03, -3.1285946421684807e-01,  9.5206542011305473e-01,  8.4151110242121741e-01,  3.6579257325067416e-01, -4.8434315400030528e-02,  3.5391188182973127e-02,  4.0453207591975620e+00
    37,  9.7893e+00, -2.5773534695289407e-01,  2.9124690363047046e-01, -3.2163317250455820e-02,  3.0213219284418991e-01, -3.6984532071351519e-03,  5.2764769631761015e-02, -4.8599532798327388e-03,  1.4391477628514227e-03, -3.1285946421684807e-01,  9.5206542011305473e-01,  8.4151110242121741e-01,  3.6579257325067416e-01, -4.8434315400030528e-02,  3.5391188182973127e-02,  4.0453207591975620e+00
    38,  9.7894e+00, -2.5773534695289407e-01,  2.9124690363047046e-01, -3.2163317250455820e-02,  3.3570243649354436e-01, -2.6984532071351519e-03,  5.2764769631761015e-02, -4.8599532798327388e-03,  1.4391477628514227e-03, -3.1285946421684807e-01,  9.5206542011305473e-01,  8.4151110242121741e-01,  3.6579257325067416e-01, -4.8434315400030528e-02,  3.5391188182973127e-02,  4.0453207591975620e+00
    39,  9.7894e+00, -2.5773534695289407e-01,  2.9124690363047046e-01, -3.2163317250455820e-02,  3.3570243649354436e-01, -4.6984532071351519e-03,  5.2764769631761015e-02, -4.8599532798327388e-03,  1.4391477628514227e-03, -3.1285946421684807e-01,  9.5206542011305473e-01,  8.4151110242121741e-01,  3.6579257325067416e-01, -4.8434315400030528e-02,  3.5391188182973127e-02,  4.0453207591975620e+00
    40,  9.7894e+00, -2.5773534695289407e-01,  2.9124690363047046e-01, -3.2163317250455820e-02,  3.3570243649354436e-01, -3.6984532071351519e-03,  5.8041246594937118e-02, -4.8599532798327388e-03,  1.4391477628514227e-03, -3.1285946421684807e-01,  9.5206542011305473e-01,  8.4151110242121741e-01,  3.6579257325067416e-01, -4.8434315400030528e-02,  3.5391188182973127e-02,  4.0453207591975620e+00
    41,  9.7894e+00, -2.5773534695289407e-01,  2.9124690363047046e-01, -3.2163317250455820e-02,  3.3570243649354436e-01, -3.6984532071351519e-03,  4.7488292668584911e-02, -4.8599532798327388e-03,  1.4391477628514227e-03, -3.1285946421684807e-01,  9.5206542011305473e-01,  8.4151110242121741e-01,  3.6579257325067416e-01, -4.8434315400030528e-02,  3.5391188182973127e-02,  4.0453207591975620e+00
    42,  9.7895e+00, -2.5773534695289407e-01,  2.9124690363047046e-01, -3.2163317250455820e-02,  3.3570243649354436e-01, -3.6984532071351519e-03,  5.2764769631761015e-02, -3.8599532798327387e-03,  1.4391477628514227e-03, -3.1285946421684807e-01,  9.5206542011305473e-01,  8.4151110242121741e-01,  3.6579257325067416e-01, -4.8434315400030528e-02,  3.5391188182973127e-02,  4.0453207591975620e+00
    43,  9.7895e+00, -2.5773534695289407e-01,  2.9124690363047046e-01, -3.2163317250455820e-02,  3.3570243649354436e-01, -3.6984532071351519e-03,  5.2764769631761015e-02, -5.8599532798327388e-03,  1.4391477628514227e-03, -3.1285946421684807e-01,  9.5206542011305473e-01,  8.4151110242121741e-01,  3.6579257325067416e-01, -4.8434315400030528e-02,  3.5391188182973127e-02,  4.0453207591975620e+00
    44,  9.7895e+00, -2.5773534695289407e-01,  2.9124690363047046e-01, -3.2163317250455820e-02,  3.3570243649354436e-01, -3.6984532071351519e-03,  5.2764769631761015e-02, -4.8599532798327388e-03,  2.4391477628514227e-03, -3.1285946421684807e-01,  9.5206542011305473e-01,  8.4151110242121741e-01,  3.6579257325067416e-01, -4.8434315400030528e-02,  3.5391188182973127e-02,  4.0453207591975620e+00
    45,  9.7895e+00, -2.5773534695289407e-01,  2.9124690363047046e-01, -3.2163317250455820e-02,  3.3570243649354436e-01, -3.6984532071351519e-03,  5.2764769631761015e-02, -4.8599532798327388e-03,  4.3914776285142263e-04, -3.1285946421684807e-01,  9.5206542011305473e-01,  8.4151110242121741e-01,  3.6579257325067416e-01, -4.8434315400030528e-02,  3.5391188182973127e-02,  4.0453207591975620e+00
    46,  9.7896e+00, -2.5773534695289407e-01,  2.9124690363047046e-01, -3.2163317250455820e-02,  3.3570243649354436e-01, -3.6984532071351519e-03,  5.2764769631761015e-02, -4.8599532798327388e-03,  1.4391477628514227e-03, -2.8157351779516326e-01,  9.5206542011305473e-01,  8.4151110242121741e-01,  3.6579257325067416e-01, -4.8434315400030528e-02,  3.5391188182973127e-02,  4.0453207591975620e+00
    47,  9.7896e+00, -2.5773534695289407e-01,  2.9124690363047046e-01, -3.2163317250455820e-02,  3.3570243649354436e-01, -3.6984532071351519e-03,  5.2764769631761015e-02, -4.8599532798327388e-03,  1.4391477628514227e-03, -3.4414541063853288e-01,  9.5206542011305473e-01,  8.4151110242121741e-01,  3.6579257325067416e-01, -4.8434315400030528e-02,  3.5391188182973127e-02,  4.0453207591975620e+00
    48,  9.7896e+00, -2.5773534695289407e-01,  2.9124690363047046e-01, -3.2163317250455820e-02,  3.3570243649354436e-01, -3.6984532071351519e-03,  5.2764769631761015e-02, -4.8599532798327388e-03,  1.4391477628514227e-03, -3.1285946421684807e-01,  1.0472719621243602e+00,  8.4151110242121741e-01,  3.6579257325067416e-01, -4.8434315400030528e-02,  3.5391188182973127e-02,  4.0453207591975620e+00
    49,  9.7896e+00, -2.5773534695289407e-01,  2.9124690363047046e-01, -3.2163317250455820e-02,  3.3570243649354436e-01, -3.6984532071351519e-03,  5.2764769631761015e-02, -4.8599532798327388e-03,  1.4391477628514227e-03, -3.1285946421684807e-01,  8.5685887810174921e-01,  8.4151110242121741e-01,  3.6579257325067416e-01, -4.8434315400030528e-02,  3.5391188182973127e-02,  4.0453207591975620e+00
    50,  9.7897e+00, -2.5773534695289407e-01,  2.9124690363047046e-01, -3.2163317250455820e-02,  3.3570243649354436e-01, -3.6984532071351519e-03,  5.2764769631761015e-02, -4.8599532798327388e-03,  1.4391477628514227e-03, -3.1285946421684807e-01,  9.5206542011305473e-01,  9.2566221266333915e-01,  3.6579257325067416e-01, -4.8434315400030528e-02,  3.5391188182973127e-02,  4.0453207591975620e+00
    51,  9.7897e+00, -2.5773534695289407e-01,  2.9124690363047046e-01, -3.2163317250455820e-02,  3.3570243649354436e-01, -3.6984532071351519e-03,  5.2764769631761015e-02, -4.8599532798327388e-03,  1.4391477628514227e-03, -3.1285946421684807e-01,  9.5206542011305473e-01,  7.5735999217909566e-01,  3.6579257325067416e-01, -4.8434315400030528e-02,  3.5391188182973127e-02,  4.0453207591975620e+00
    52,  9.7897e+00, -2.5773534695289407e-01,  2.9124690363047046e-01, -3.2163317250455820e-02,  3.3570243649354436e-01, -3.6984532071351519e-03,  5.2764769631761015e-02, -4.8599532798327388e-03,  1.4391477628514227e-03, -3.1285946421684807e-01,  9.5206542011305473e-01,  8.4151110242121741e-01,  4.0237183057574155e-01, -4.8434315400030528e-02,  3.5391188182973127e-02,  4.0453207591975620e+00
    53,  9.7897e+00, -2.5773534695289407e-01,  2.9124690363047046e-01, -3.2163317250455820e-02,  3.3570243649354436e-01, -3.6984532071351519e-03,  5.2764769631761015e-02, -4.8599532798327388e-03,  1.4391477628514227e-03, -3.1285946421684807e-01,  9.5206542011305473e-01,  8.4151110242121741e-01,  3.2921331592560676e-01, -4.8434315400030528e-02,  3.5391188182973127e-02,  4.0453207591975620e+00
    54,  9.7898e+00, -2.5773534695289407e-01,  2.9124690363047046e-01, -3.2163317250455820e-02,  3.3570243649354436e-01, -3.6984532071351519e-03,  5.2764769631761015e-02, -4.8599532798327388e-03,  1.4391477628514227e-03, -3.1285946421684807e-01,  9.5206542011305473e-01,  8.4151110242121741e-01,  3.6579257325067416e-01, -4.3590883860027477e-02,  3.5391188182973127e-02,  4.0453207591975620e+00
    55,  9.7898e+00, -2.5773534695289407e-01,  2.9124690363047046e-01, -3.2163317250455820e-02,  3.3570243649354436e-01, -3.6984532071351519e-03,  5.2764769631761015e-02, -4.8599532798327388e-03,  1.4391477628514227e-03, -3.1285946421684807e-01,  9.5206542011305473e-01,  8.4151110242121741e-01,  3.6579257325067416e-01, -5.3277746940033580e-02,  3.5391188182973127e-02,  4.0453207591975620e+00
    56,  9.7898e+00, -2.5773534695289407e-01,  2.9124690363047046e-01, -3.2163317250455820e-02,  3.3570243649354436e-01, -3.6984532071351519e-03,  5.2764769631761015e-02, -4.8599532798327388e-03,  1.4391477628514227e-03, -3.1285946421684807e-01,  9.5206542011305473e-01,  8.4151110242121741e-01,  3.6579257325067416e-01, -4.8434315400030528e-02,  3.8930307001270439e-02,  4.0453207591975620e+00
    57,  9.7898e+00, -2.5773534695289407e-01,  2.9124690363047046e-01, -3.2163317250455820e-02,  3.3570243649354436e-01, -3.6984532071351519e-03,  5.2764769631761015e-02, -4.8599532798327388e-03,  1.4391477628514227e-03, -3.1285946421684807e-01,  9.5206542011305473e-01,  8.4151110242121741e-01,  3.6579257325067416e-01, -4.8434315400030528e-02,  3.1852069364675814e-02,  4.0453207591975620e+00
    58,  9.7899e+00, -2.5773534695289407e-01,  2.9124690363047046e-01, -3.2163317250455820e-02,  3.3570243649354436e-01, -3.6984532071351519e-03,  5.2764769631761015e-02, -4.8599532798327388e-03,  1.4391477628514227e-03, -3.1285946421684807e-01,  9.5206542011305473e-01,  8.4151110242121741e-01,  3.6579257325067416e-01, -4.8434315400030528e-02,  3.5391188182973127e-02,  4.4498528351173183e+00
    59,  9.7899e+00, -2.5773534695289407e-01,  2.9124690363047046e-01, -3.2163317250455820e-02,  3.3570243649354436e-01, -3.6984532071351519e-03,  5.2764769631761015e-02, -4.8599532798327388e-03,  1.4391477628514227e-03, -3.1285946421684807e-01,  9.5206542011305473e-01,  8.4151110242121741e-01,  3.6579257325067416e-01, -4.8434315400030528e-02,  3.5391188182973127e-02,  3.6407886832778056e+00
    60,  1.5136e+01, -2.3709020843038792e-01,  2.9671381500869914e-01, -2.7762850905699257e-02,  3.4787329339605327e-01, -3.7069713164668305e-03,  5.2758648181677706e-02, -4.8543975922315970e-03,  1.4882517985533501e-03, -3.1307979610456188e-01,  9.5209159544920485e-01,  8.4139069797489074e-01,  3.6604030045889752e-01, -4.8435342011066251e-02,  3.5397252082128669e-02,  4.0460440825692512e+00
    61,  1.5136e+01, -2.8977692141491856e-01,  2.9671381500869914e-01, -2.7762850905699257e-02,  3.4787329339605327e-01, -3.7069713164668305e-03,  5.2758648181677706e-02, -4.8543975922315970e-03,  1.4882517985533501e-03, -3.1307979610456188e-01,  9.5209159544920485e-01,  8.4139069797489074e-01,  3.6604030045889752e-01, -4.8435342011066251e-02,  3.5397252082128669e-02,  4.0460440825692512e+00
    62,  1.5136e+01, -2.6343356492265324e-01,  3.2638519650956904e-01, -2.7762850905699257e-02,  3.4787329339605327e-01, -3.7069713164668305e-03,  5.2758648181677706e-02, -4.8543975922315970e-03,  1.4882517985533501e-03, -3.1307979610456188e-01,  9.5209159544920485e-01,  8.4139069797489074e-01,  3.6604030045889752e-01, -4.8435342011066251e-02,  3.5397252082128669e-02,  4.0460440825692512e+00
    63,  1.5136e+01, -2.6343356492265324e-01,  2.6704243350782925e-01, -2.7762850905699257e-02,  3.4787329339605327e-01, -3.7069713164668305e-03,  5.2758648181677706e-02, -4.8543975922315970e-03,  1.4882517985533501e-03, -3.1307979610456188e-01,  9.5209159544920485e-01,  8.4139069797489074e-01,  3.6604030045889752e-01, -4.8435342011066251e-02,  3.5397252082128669e-02,  4.0460440825692512e+00
    64,  1.5136e+01, -2.6343356492265324e-01,  2.9671381500869914e-01, -2.4986565815129331e-02,  3.4787329339605327e-01, -3.7069713164668305e-03,  5.2758648181677706e-02, -4.8543975922315970e-03,  1.4882517985533501e-03, -3.1307979610456188e-01,  9.5209159544920485e-01,  8.4139069797489074e-01,  3.6604030045889752e-01, -4.8435342011066251e-02,  3.5397252082128669e-02,  4.0460440825692512e+00
    65,  1.5136e+01, -2.6343356492265324e-01,  2.9671381500869914e-01, -3.0539135996269184e-02,  3.4787329339605327e-01, -3.7069713164668305e-03,  5.2758648181677706e-02, -4.8543975922315970e-03,  1.4882517985533501e-03, -3.1307979610456188e-01,  9.5209159544920485e-01,  8.4139069797489074e-01,  3.6604030045889752e-01, -4.8435342011066251e-02,  3.5397252082128669e-02,  4.0460440825692512e+00
    66,  1.5136e+01, -2.6343356492265324e-01,  2.9671381500869914e-01, -2.7762850905699257e-02,  3.8266062273565860e-01, -3.7069713164668305e-03,  5.2758648181677706e-02, -4.8543975922315970e-03,  1.4882517985533501e-03, -3.1307979610456188e-01,  9.5209159544920485e-01,  8.4139069797489074e-01,  3.6604030045889752e-01, -4.8435342011066251e-02,  3.5397252082128669e-02,  4.0460440825692512e+00
    67,  1.5136e+01, -2.6343356492265324e-01,  2.9671381500869914e-01, -2.7762850905699257e-02,  3.1308596405644795e-01, -3.7069713164668305e-03,  5.2758648181677706e-02, -4.8543975922315970e-03,  1.4882517985533501e-03, -3.1307979610456188e-01,  9.5209159544920485e-01,  8.4139069797489074e-01,  3.6604030045889752e-01, -4.8435342011066251e-02,  3.5397252082128669e-02,  4.0460440825692512e+00
    68,  1.5136e+01, -2.6343356492265324e-01,  2.9671381500869914e-01, -2.7762850905699257e-02,  3.4787329339605327e-01, -2.7069713164668305e-03,  5.2758648181677706e-02, -4.8543975922315970e-03,  1.4882517985533501e-03, -3.1307979610456188e-01,  9.5209159544920485e-01,  8.4139069797489074e-01,  3.6604030045889752e-01, -4.8435342011066251e-02,  3.5397252082128669e-02,  4.0460440825692512e+00
    69,  1.5136e+01, -2.6343356492265324e-01,  2.9671381500869914e-01, -2.7762850905699257e-02,  3.4787329339605327e-01, -4.7069713164668309e-03,  5.2758648181677706e-02, -4.8543975922315970e-03,  1.4882517985533501e-03, -3.1307979610456188e-01,  9.5209159544920485e-01,  8.4139069797489074e-01,  3.6604030045889752e-01, -4.8435342011066251e-02,  3.5397252082128669e-02,  4.0460440825692512e+00
    70,  1.5136e+01, -2.6343356492265324e-01,  2.9671381500869914e-01, -2.7762850905699257e-02,  3.4787329339605327e-01, -3.7069713164668305e-03,  5.8034512999845481e-02, -4.8543975922315970e-03,  1.4882517985533501e-03, -3.1307979610456188e-01,  9.5209159544920485e-01,  8.4139069797489074e-01,  3.6604030045889752e-01, -4.8435342011066251e-02,  3.5397252082128669e-02,  4.0460440825692512e+00
    71,  1.5136e+01, -2.6343356492265324e-01,  2.9671381500869914e-01, -2.7762850905699257e-02,  3.4787329339605327e-01, -3.7069713164668305e-03,  4.7482783363509931e-02, -4.8543975922315970e-03,  1.4882517985533501e-03, -3.1307979610456188e-01,  9.5209159544920485e-01,  8.4139069797489074e-01,  3.6604030045889752e-01, -4.8435342011066251e-02,  3.5397252082128669e-02,  4.0460440825692512e+00
    72,  1.5136e+01, -2.6343356492265324e-01,  2.9671381500869914e-01, -2.7762850905699257e-02,  3.4787329339605327e-01, -3.7069713164668305e-03,  5.2758648181677706e-02, -3.8543975922315970e-03,  1.4882517985533501e-03, -3.1307979610456188e-01,  9.5209159544920485e-01,  8.4139069797489074e-01,  3.6604030045889752e-01, -4.8435342011066251e-02,  3.5397252082128669e-02,  4.0460440825692512e+00
    73,  1.5136e+01, -2.6343356492265324e-01,  2.9671381500869914e-01, -2.7762850905699257e-02,  3.4787329339605327e-01, -3.7069713164668305e-03,  5.2758648181677706e-02, -5.8543975922315970e-03,  1.4882517985533501e-03, -3.1307979610456188e-01,  9.5209159544920485e-01,  8.4139069797489074e-01,  3.6604030045889752e-01, -4.8435342011066251e-02,  3.5397252082128669e-02,  4.0460440825692512e+00
    74,  1.5136e+01, -2.6343356492265324e-01,  2.9671381500869914e-01, -2.7762850905699257e-02,  3.4787329339605327e-01, -3.7069713164668305e-03,  5.2758648181677706e-02, -4.8543975922315970e-03,  2.4882517985533501e-03, -3.1307979610456188e-01,  9.5209159544920485e-01,  8.4139069797489074e-01,  3.6604030045889752e-01, -4.8435342011066251e-02,  3.5397252082128669e-02,  4.0460440825692512e+00
    75,  1.5136e+01, -2.6343356492265324e-01,  2.9671381500869914e-01, -2.7762850905699257e-02,  3.4787329339605327e-01, -3.7069713164668305e-03,  5.2758648181677706e-02, -4.8543975922315970e-03,  4.8825179855335006e-04, -3.1307979610456188e-01,  9.5209159544920485e-01,  8.4139069797489074e-01,  3.6604030045889752e-01, -4.8435342011066251e-02,  3.5397252082128669e-02,  4.0460440825692512e+00
    76,  1.5136e+01, -2.6343356492265324e-01,  2.9671381500869914e-01, -2.7762850905699257e-02,  3.4787329339605327e-01, -3.7069713164668305e-03,  5.2758648181677706e-02, -4.8543975922315970e-03,  1.4882517985533501e-03, -2.8177181649410571e-01,  9.5209159544920485e-01,  8.4139069797489074e-01,  3.6604030045889752e-01, -4.8435342011066251e-02,  3.5397252082128669e-02,  4.0460440825692512e+00
    77,  1.5136e+01, -2.6343356492265324e-01,  2.9671381500869914e-01, -2.7762850905699257e-02,  3.4787329339605327e-01, -3.7069713164668305e-03,  5.2758648181677706e-02, -4.8543975922315970e-03,  1.4882517985533501e-03, -3.4438777571501805e-01,  9.5209159544920485e-01,  8.4139069797489074e-01,  3.6604030045889752e-01, -4.8435342011066251e-02,  3.5397252082128669e-02,  4.0460440825692512e+00
    78,  1.5136e+01, -2.6343356492265324e-01,  2.9671381500869914e-01, -2.7762850905699257e-02,  3.4787329339605327e-01, -3.7069713164668305e-03,  5.2758648181677706e-02, -4.8543975922315970e-03,  1.4882517985533501e-03, -3.1307979610456188e-01,  1.0473007549941253e+00,  8.4139069797489074e-01,  3.6604030045889752e-01, -4.8435342011066251e-02,  3.5397252082128669e-02,  4.0460440825692512e+00
    79,  1.5136e+01, -2.6343356492265324e-01,  2.9671381500869914e-01, -2.7762850905699257e-02,  3.4787329339605327e-01, -3.7069713164668305e-03,  5.2758648181677706e-02, -4.8543975922315970e-03,  1.4882517985533501e-03, -3.1307979610456188e-01,  8.5688243590428437e-01,  8.4139069797489074e-01,  3.6604030045889752e-01, -4.8435342011066251e-02,  3.5397252082128669e-02,  4.0460440825692512e+00
    80,  1.5136e+01, -2.6343356492265324e-01,  2.9671381500869914e-01, -2.7762850905699257e-02,  3.4787329339605327e-01, -3.7069713164668305e-03,  5.2758648181677706e-02, -4.8543975922315970e-03,  1.4882517985533501e-03, -3.1307979610456188e-01,  9.5209159544920485e-01,  9.2552976777237983e-01,  3.6604030045889752e-01, -4.8435342011066251e-02,  3.5397252082128669e-02,  4.0460440825692512e+00
    81,  1.5136e+01, -2.6343356492265324e-01,  2.9671381500869914e-01, -2.7762850905699257e-02,  3.4787329339605327e-01, -3.7069713164668305e-03,  5.2758648181677706e-02, -4.8543975922315970e-03,  1.4882517985533501e-03, -3.1307979610456188e-01,  9.5209159544920485e-01,  7.5725162817740166e-01,  3.6604030045889752e-01, -4.8435342011066251e-02,  3.5397252082128669e-02,  4.0460440825692512e+00
    82,  1.5136e+01, -2.6343356492265324e-01,  2.9671381500869914e-01, -2.7762850905699257e-02,  3.4787329339605327e-01, -3.7069713164668305e-03,  5.2758648181677706e-02, -4.8543975922315970e-03,  1.4882517985533501e-03, -3.1307979610456188e-01,  9.5209159544920485e-01,  8.4139069797489074e-01,  4.0264433050478726e-01, -4.8435342011066251e-02,  3.5397252082128669e-02,  4.0460440825692512e+00
    83,  1.5136e+01, -2.6343356492265324e-01,  2.9671381500869914e-01, -2.7762850905699257e-02,  3.4787329339605327e-01, -3.7069713164668305e-03,  5.2758648181677706e-02, -4.8543975922315970e-03,  1.4882517985533501e-03, -3.1307979610456188e-01,  9.5209159544920485e-01,  8.4139069797489074e-01,  3.2943627041300777e-01, -4.8435342011066251e-02,  3.5397252082128669e-02,  4.0460440825692512e+00
    84,  1.5136e+01, -2.6343356492265324e-01,  2.9671381500869914e-01, -2.7762850905699257e-02,  3.4787329339605327e-01, -3.7069713164668305e-03,  5.2758648181677706e-02, -4.8543975922315970e-03,  1.4882517985533501e-03, -3.1307979610456188e-01,  9.5209159544920485e-01,  8.4139069797489074e-01,  3.6604030045889752e-01, -4.3591807809959623e-02,  3.5397252082128669e-02,  4.0460440825692512e+00
    85,  1.5136e+01, -2.6343356492265324e-01,  2.9671381500869914e-01, -2.7762850905699257e-02,  3.4787329339605327e-01, -3.7069713164668305e-03,  5.2758648181677706e-02, -4.8543975922315970e-03,  1.4882517985533501e-03, -3.1307979610456188e-01,  9.5209159544920485e-01,  8.4139069797489074e-01,  3.6604030045889752e-01, -5.3278876212172879e-02,  3.5397252082128669e-02,  4.0460440825692512e+00
    86,  1.5136e+01, -2.6343356492265324e-01,  2.9671381500869914e-01, -2.7762850905699257e-02,  3.4787329339605327e-01, -3.7069713164668305e-03,  5.2758648181677706e-02, -4.8543975922315970e-03,  1.4882517985533501e-03, -3.1307979610456188e-01,  9.5209159544920485e-01,  8.4139069797489074e-01,  3.6604030045889752e-01, -4.8435342011066251e-02,  3.8936977290341533e-02,  4.0460440825692512e+00
    87,  1.5136e+01, -2.6343356492265324e-01,  2.9671381500869914e-01, -2.7762850905699257e-02,  3.4787329339605327e-01, -3.7069713164668305e-03,  5.2758648181677706e-02, -4.8543975922315970e-03,  1.4882517985533501e-03, -3.1307979610456188e-01,  9.5209159544920485e-01,  8.4139069797489074e-01,  3.6604030045889752e-01, -4.8435342011066251e-02,  3.1857526873915805e-02,  4.0460440825692512e+00
    88,  1.5136e+01, -2.6343356492265324e-01,  2.9671381500869914e-01, -2.7762850905699257e-02,  3.4787329339605327e-01, -3.7069713164668305e-03,  5.2758648181677706e-02, -4.8543975922315970e-03,  1.4882517985533501e-03, -3.1307979610456188e-01,  9.5209159544920485e-01,  8.4139069797489074e-01,  3.6604030045889752e-01, -4.8435342011066251e-02,  3.5397252082128669e-02,  4.4506484908261763e+00
    89,  1.5136e+01, -2.6343356492265324e-01,  2.9671381500869914e-01, -2.7762850905699257e-02,  3.4787329339605327e-01, -3.7069713164668305e-03,  5.2758648181677706e-02, -4.8543975922315970e-03,  1.4882517985533501e-03, -3.1307979610456188e-01,  9.5209159544920485e-01,  8.4139069797489074e-01,  3.6604030045889752e-01, -4.8435342011066251e-02,  3.5397252082128669e-02,  3.6414396743123261e+00
    90,  2.0132e+01, -2.2356460663241698e-01,  2.9660477500244020e-01, -2.9656377745399694e-02,  3.4732734646493651e-01, -3.7324050161444047e-03,  5.2734324883875777e-02, -4.8595432927748018e-03,  1.3143161935934855e-03, -3.1355145833555015e-01,  9.5159668059514946e-01,  8.4148519562638446e-01,  3.6652883932288333e-01, -4.8425238746028547e-02,  3.5404323694275368e-02,  4.0459713985176240e+00
    91,  2.0132e+01, -2.7324563032850963e-01,  2.9660477500244020e-01, -2.9656377745399694e-02,  3.4732734646493651e-01, -3.7324050161444047e-03,  5.2734324883875777e-02, -4.8595432927748018e-03,  1.3143161935934855e-03, -3.1355145833555015e-01,  9.5159668059514946e-01,  8.4148519562638446e-01,  3.6652883932288333e-01, -4.8425238746028547e-02,  3.5404323694275368e-02,  4.0459713985176240e+00
    92,  2.0132e+01, -2.4840511848046332e-01,  3.2626525250268423e-01, -2.9656377745399694e-02,  3.4732734646493651e-01, -3.7324050161444047e-03,  5.2734324883875777e-02, -4.8595432927748018e-03,  1.3143161935934855e-03, -3.1355145833555015e-01,  9.5159668059514946e-01,  8.4148519562638446e-01,  3.6652883932288333e-01, -4.8425238746028547e-02,  3.5404323694275368e-02,  4.0459713985176240e+00
    93,  2.0132e+01, -2.4840511848046332e-01,  2.6694429750219617e-01, -2.9656377745399694e-02,  3.4732734646493651e-01, -3.7324050161444047e-03,  5.2734324883875777e-02, -4.8595432927748018e-03,  1.3143161935934855e-03, -3.1355145833555015e-01,  9.5159668059514946e-01,  8.4148519562638446e-01,  3.6652883932288333e-01, -4.8425238746028547e-02,  3.5404323694275368e-02,  4.0459713985176240e+00
    94,  2.0132e+01, -2.4840511848046332e-01,  2.9660477500244020e-01, -2.6690739970859724e-02,  3.4732734646493651e-01, -3.7324050161444047e-03,  5.2734324883875777e-02, -4.8595432927748018e-03,  1.3143161935934855e-03, -3.1355145833555015e-01,  9.5159668059514946e-01,  8.4148519562638446e-01,  3.6652883932288333e-01, -4.8425238746028547e-02,  3.5404323694275368e-02,  4.0459713985176240e+00
    95,  2.0132e+01, -2.4840511848046332e-01,  2.9660477500244020e-01, -3.2622015519939665e-02,  3.4732734646493651e-01, -3.7324050161444047e-03,  5.2734324883875777e-02, -4.8595432927748018e-03,  1.3143161935934855e-03, -3.1355145833555015e-01,  9.5159668059514946e-01,  8.4148519562638446e-01,  3.6652883932288333e-01, -4.8425238746028547e-02,  3.5404323694275368e-02,  4.0459713985176240e+00
    96,  2.0132e+01, -2.4840511848046332e-01,  2.9660477500244020e-01, -2.9656377745399694e-02,  3.8206008111143019e-01, -3.7324050161444047e-03,  5.2734324883875777e-02, -4.8595432927748018e-03,  1.3143161935934855e-03, -3.1355145833555015e-01,  9.5159668059514946e-01,  8.4148519562638446e-01,  3.6652883932288333e-01, -4.8425238746028547e-02,  3.5404323694275368e-02,  4.0459713985176240e+00
    97,  2.0132e+01, -2.4840511848046332e-01,  2.9660477500244020e-01, -2.9656377745399694e-02,  3.1259461181844284e-01, -3.7324050161444047e-03,  5.2734324883875777e-02, -4.8595432927748018e-03,  1.3143161935934855e-03, -3.1355145833555015e-01,  9.5159668059514946e-01,  8.4148519562638446e-01,  3.6652883932288333e-01, -4.8425238746028547e-02,  3.5404323694275368e-02,  4.0459713985176240e+00
    98,  2.0132e+01, -2.4840511848046332e-01,  2.9660477500244020e-01, -2.9656377745399694e-02,  3.4732734646493651e-01, -2.7324050161444046e-03,  5.2734324883875777e-02, -4.8595432927748018e-03,  1.3143161935934855e-03, -3.1355145833555015e-01,  9.5159668059514946e-01,  8.4148519562638446e-01,  3.6652883932288333e-01, -4.8425238746028547e-02,  3.5404323694275368e-02,  4.0459713985176240e+00
    99,  2.0132e+01, -2.4840511848046332e-01,  2.9660477500244020e-01, -2.9656377745399694e-02,  3.4732734646493651e-01, -4.7324050161444047e-03,  5.2734324883875777e-02, -4.8595432927748018e-03,  1.3143161935934855e-03, -3.1355145833555015e-01,  9.5159668059514946e-01,  8.4148519562638446e-01,  3.6652883932288333e-01, -4.8425238746028547e-02,  3.5404323694275368e-02,  4.0459713985176240e+00
   100,  2.0132e+01, -2.4840511848046332e-01,  2.9660477500244020e-01, -2.9656377745399694e-02,  3.4732734646493651e-01, -3.7324050161444047e-03,  5.8007757372263352e-02, -4.8595432927748018e-03,  1.3143161935934855e-03, -3.1355145833555015e-01,  9.5159668059514946e-01,  8.4148519562638446e-01,  3.6652883932288333e-01, -4.8425238746028547e-02,  3.5404323694275368e-02,  4.0459713985176240e+00
   101,  2.0132e+01, -2.4840511848046332e-01,  2.9660477500244020e-01, -2.9656377745399694e-02,  3.4732734646493651e-01, -3.7324050161444047e-03,  4.7460892395488202e-02, -4.8595432927748018e-03,  1.3143161935934855e-03, -3.1355145833555015e-01,  9.5159668059514946e-01,  8.4148519562638446e-01,  3.6652883932288333e-01, -4.8425238746028547e-02,  3.5404323694275368e-02,  4.0459713985176240e+00
   102,  2.0132e+01, -2.4840511848046332e-01,  2.9660477500244020e-01, -2.9656377745399694e-02,  3.4732734646493651e-01, -3.7324050161444047e-03,  5.2734324883875777e-02, -3.8595432927748018e-03,  1.3143161935934855e-03, -3.1355145833555015e-01,  9.5159668059514946e-01,  8.4148519562638446e-01,  3.6652883932288333e-01, -4.8425238746028547e-02,  3.5404323694275368e-02,  4.0459713985176240e+00
   103,  2.0132e+01, -2.4840511848046332e-01,  2.9660477500244020e-01, -2.9656377745399694e-02,  3.4732734646493651e-01, -3.7324050161444047e-03,  5.2734324883875777e-02, -5.8595432927748018e-03,  1.3143161935934855e-03, -3.1355145833555015e-01,  9.5159668059514946e-01,  8.4148519562638446e-01,  3.6652883932288333e-01, -4.8425238746028547e-02,  3.5404323694275368e-02,  4.0459713985176240e+00
   104,  2.0132e+01, -2.4840511848046332e-01,  2.9660477500244020e-01, -2.9656377745399694e-02,  3.4732734646493651e-01, -3.7324050161444047e-03,  5.2734324883875777e-02, -4.8595432927748018e-03,  2.3143161935934853e-03, -3.1355145833555015e-01,  9.5159668059514946e-01,  8.4148519562638446e-01,  3.6652883932288333e-01, -4.8425238746028547e-02,  3.5404323694275368e-02,  4.0459713985176240e+00
   105,  2.0132e+01, -2.4840511848046332e-01,  2.9660477500244020e-01, -2.9656377745399694e-02,  3.4732734646493651e-01, -3.7324050161444047e-03,  5.2734324883875777e-02, -4.8595432927748018e-03,  3.1431619359348546e-04, -3.1355145833555015e-01,  9.5159668059514946e-01,  8.4148519562638446e-01,  3.6652883932288333e-01, -4.8425238746028547e-02,  3.5404323694275368e-02,  4.0459713985176240e+00
   106,  2.0132e+01, -2.4840511848046332e-01,  2.9660477500244020e-01, -2.9656377745399694e-02,  3.4732734646493651e-01, -3.7324050161444047e-03,  5.2734324883875777e-02, -4.8595432927748018e-03,  1.3143161935934855e-03, -2.8219631250199512e-01,  9.5159668059514946e-01,  8.4148519562638446e-01,  3.6652883932288333e-01, -4.8425238746028547e-02,  3.5404323694275368e-02,  4.0459713985176240e+00
   107,  2.0132e+01, -2.4840511848046332e-01,  2.9660477500244020e-01, -2.9656377745399694e-02,  3.4732734646493651e-01, -3.7324050161444047e-03,  5.2734324883875777e-02, -4.8595432927748018e-03,  1.3143161935934855e-03, -3.4490660416910518e-01,  9.5159668059514946e-01,  8.4148519562638446e-01,  3.6652883932288333e-01, -4.8425238746028547e-02,  3.5404323694275368e-02,  4.0459713985176240e+00
   108,  2.0132e+01, -2.4840511848046332e-01,  2.9660477500244020e-01, -2.9656377745399694e-02,  3.4732734646493651e-01, -3.7324050161444047e-03,  5.2734324883875777e-02, -4.8595432927748018e-03,  1.3143161935934855e-03, -3.1355145833555015e-01,  1.0467563486546645e+00,  8.4148519562638446e-01,  3.6652883932288333e-01, -4.8425238746028547e-02,  3.5404323694275368e-02,  4.0459713985176240e+00
   109,  2.0132e+01, -2.4840511848046332e-01,  2.9660477500244020e-01, -2.9656377745399694e-02,  3.4732734646493651e-01, -3.7324050161444047e-03,  5.2734324883875777e-02, -4.8595432927748018e-03,  1.3143161935934855e-03, -3.1355145833555015e-01,  8.5643701253563453e-01,  8.4148519562638446e-01,  3.6652883932288333e-01, -4.8425238746028547e-02,  3.5404323694275368e-02,  4.0459713985176240e+00
   110,  2.0132e+01, -2.4840511848046332e-01,  2.9660477500244020e-01, -2.9656377745399694e-02,  3.4732734646493651e-01, -3.7324050161444047e-03,  5.2734324883875777e-02, -4.8595432927748018e-03,  1.3143161935934855e-03, -3.1355145833555015e-01,  9.5159668059514946e-01,  9.2563371518902293e-01,  3.6652883932288333e-01, -4.8425238746028547e-02,  3.5404323694275368e-02,  4.0459713985176240e+00
   111,  2.0132e+01, -2.4840511848046332e-01,  2.9660477500244020e-01, -2.9656377745399694e-02,  3.4732734646493651e-01, -3.7324050161444047e-03,  5.2734324883875777e-02, -4.8595432927748018e-03,  1.3143161935934855e-03, -3.1355145833555015e-01,  9.5159668059514946e-01,  7.5733667606374599e-01,  3.6652883932288333e-01, -4.8425238746028547e-02,  3.5404323694275368e-02,  4.0459713985176240e+00
   112,  2.0132e+01, -2.4840511848046332e-01,  2.9660477500244020e-01, -2.9656377745399694e-02,  3.4732734646493651e-01, -3.7324050161444047e-03,  5.2734324883875777e-02, -4.8595432927748018e-03,  1.3143161935934855e-03, -3.1355145833555015e-01,  9.5159668059514946e-01,  8.4148519562638446e-01,  4.0318172325517165e-01, -4.8425238746028547e-02,  3.5404323694275368e-02,  4.0459713985176240e+00
   113,  2.0132e+01, -2.4840511848046332e-01,  2.9660477500244020e-01, -2.9656377745399694e-02,  3.4732734646493651e-01, -3.7324050161444047e-03,  5.2734324883875777e-02, -4.8595432927748018e-03,  1.3143161935934855e-03, -3.1355145833555015e-01,  9.5159668059514946e-01,  8.4148519562638446e-01,  3.2987595539059500e-01, -4.8425238746028547e-02,  3.5404323694275368e-02,  4.0459713985176240e+00
   114,  2.0132e+01, -2.4840511848046332e-01,  2.9660477500244020e-01, -2.9656377745399694e-02,  3.4732734646493651e-01, -3.7324050161444047e-03,  5.2734324883875777e-02, -4.8595432927748018e-03,  1.3143161935934855e-03, -3.1355145833555015e-01,  9.5159668059514946e-01,  8.4148519562638446e-01,  3.6652883932288333e-01, -4.3582714871425690e-02,  3.5404323694275368e-02,  4.0459713985176240e+00
   115,  2.0132e+01, -2.4840511848046332e-01,  2.9660477500244020e-01, -2.9656377745399694e-02,  3.4732734646493651e-01, -3.7324050161444047e-03,  5.2734324883875777e-02, -4.8595432927748018e-03,  1.3143161935934855e-03, -3.1355145833555015e-01,  9.5159668059514946e-01,  8.4148519562638446e-01,  3.6652883932288333e-01, -5.3267762620631404e-02,  3.5404323694275368e-02,  4.0459713985176240e+00
   116,  2.0132e+01, -2.4840511848046332e-01,  2.9660477500244020e-01, -2.9656377745399694e-02,  3.4732734646493651e-01, -3.7324050161444047e-03,  5.2734324883875777e-02, -4.8595432927748018e-03,  1.3143161935934855e-03, -3.1355145833555015e-01,  9.5159668059514946e-01,  8.4148519562638446e-01,  3.6652883932288333e-01, -4.8425238746028547e-02,  3.8944756063702901e-02,  4.0459713985176240e+00
   117,  2.0133e+01, -2.4840511848046332e-01,  2.9660477500244020e-01, -2.9656377745399694e-02,  3.4732734646493651e-01, -3.7324050161444047e-03,  5.2734324883875777e-02, -4.8595432927748018e-03,  1.3143161935934855e-03, -3.1355145833555015e-01,  9.5159668059514946e-01,  8.4148519562638446e-01,  3.6652883932288333e-01, -4.8425238746028547e-02,  3.1863891324847834e-02,  4.0459713985176240e+00
   118,  2.0133e+01, -2.4840511848046332e-01,  2.9660477500244020e-01, -2.9656377745399694e-02,  3.4732734646493651e-01, -3.7324050161444047e-03,  5.2734324883875777e-02, -4.8595432927748018e-03,  1.3143161935934855e-03, -3.1355145833555015e-01,  9.5159668059514946e-01,  8.4148519562638446e-01,  3.6652883932288333e-01, -4.8425238746028547e-02,  3.5404323694275368e-02,  4.4505685383693860e+00
   119,  2.0133e+01, -2.4840511848046332e-01,  2.9660477500244020e-01, -2.9656377745399694e-02,  3.4732734646493651e-01, -3.7324050161444047e-03,  5.2734324883875777e-02, -4.8595432927748018e-03,  1.3143161935934855e-03, -3.1355145833555015e-01,  9.5159668059514946e-01,  8.4148519562638446e-01,  3.6652883932288333e-01, -4.8425238746028547e-02,  3.5404323694275368e-02,  3.6413742586658615e+00
   120,  2.5095e+01, -2.2581527675242047e-01,  2.9774004392116332e-01, -2.7270498349610504e-02,  3.4840548351640965e-01, -3.7343373092045954e-03,  5.2733018830147013e-02, -4.8587580742100447e-03,  1.3190532742411469e-03, -3.1358600014959948e-01,  9.5158693376310510e-01,  8.4145852987382730e-01,  3.6658051111684209e-01, -4.8425305098889350e-02,  3.5405542056374341e-02,  4.0460368889487066e+00
   121,  2.5095e+01, -2.7599644936406947e-01,  2.9774004392116332e-01, -2.7270498349610504e-02,  3.4840548351640965e-01, -3.7343373092045954e-03,  5.2733018830147013e-02, -4.8587580742100447e-03,  1.3190532742411469e-03, -3.1358600014959948e-01,  9.5158693376310510e-01,  8.4145852987382730e-01,  3.6658051111684209e-01, -4.8425305098889350e-02,  3.5405542056374341e-02,  4.0460368889487066e+00
   122,  2.5095e+01, -2.5090586305824497e-01,  3.2751404831327968e-01, -2.7270498349610504e-02,  3.4840548351640965e-01, -3.7343373092045954e-03,  5.2733018830147013e-02, -4.8587580742100447e-03,  1.3190532742411469e-03, -3.1358600014959948e-01,  9.5158693376310510e-01,  8.4145852987382730e-01,  3.6658051111684209e-01, -4.8425305098889350e-02,  3.5405542056374341e-02,  4.0460368889487066e+00
   123,  2.5095e+01, -2.5090586305824497e-01,  2.6796603952904696e-01, -2.7270498349610504e-02,  3.4840548351640965e-01, -3.7343373092045954e-03,  5.2733018830147013e-02, -4.8587580742100447e-03,  1.3190532742411469e-03, -3.1358600014959948e-01,  9.5158693376310510e-01,  8.4145852987382730e-01,  3.6658051111684209e-01, -4.8425305098889350e-02,  3.5405542056374341e-02,  4.0460368889487066e+00
   124,  2.5095e+01, -2.5090586305824497e-01,  2.9774004392116332e-01, -2.4543448514649454e-02,  3.4840548351640965e-01, -3.7343373092045954e-03,  5.2733018830147013e-02, -4.8587580742100447e-03,  1.3190532742411469e-03, -3.1358600014959948e-01,  9.5158693376310510e-01,  8.4145852987382730e-01,  3.6658051111684209e-01, -4.8425305098889350e-02,  3.5405542056374341e-02,  4.0460368889487066e+00
   125,  2.5095e+01, -2.5090586305824497e-01,  2.9774004392116332e-01, -2.9997548184571555e-02,  3.4840548351640965e-01, -3.7343373092045954e-03,  5.2733018830147013e-02, -4.8587580742100447e-03,  1.3190532742411469e-03, -3.1358600014959948e-01,  9.5158693376310510e-01,  8.4145852987382730e-01,  3.6658051111684209e-01, -4.8425305098889350e-02,  3.5405542056374341e-02,  4.0460368889487066e+00
   126,  2.5095e+01, -2.5090586305824497e-01,  2.9774004392116332e-01, -2.7270498349610504e-02,  3.8324603186805062e-01, -3.7343373092045954e-03,  5.2733018830147013e-02, -4.8587580742100447e-03,  1.3190532742411469e-03, -3.1358600014959948e-01,  9.5158693376310510e-01,  8.4145852987382730e-01,  3.6658051111684209e-01, -4.8425305098889350e-02,  3.5405542056374341e-02,  4.0460368889487066e+00
   127,  2.5095e+01, -2.5090586305824497e-01,  2.9774004392116332e-01, -2.7270498349610504e-02,  3.1356493516476869e-01, -3.7343373092045954e-03,  5.2733018830147013e-02, -4.8587580742100447e-03,  1.3190532742411469e-03, -3.1358600014959948e-01,  9.5158693376310510e-01,  8.4145852987382730e-01,  3.6658051111684209e-01, -4.8425305098889350e-02,  3.5405542056374341e-02,  4.0460368889487066e+00
   128,  2.5095e+01, -2.5090586305824497e-01,  2.9774004392116332e-01, -2.7270498349610504e-02,  3.4840548351640965e-01, -2.7343373092045954e-03,  5.2733018830147013e-02, -4.8587580742100447e-03,  1.3190532742411469e-03, -3.1358600014959948e-01,  9.5158693376310510e-01,  8.4145852987382730e-01,  3.6658051111684209e-01, -4.8425305098889350e-02,  3.5405542056374341e-02,  4.0460368889487066e+00
   129,  2.5095e+01, -2.5090586305824497e-01,  2.9774004392116332e-01, -2.7270498349610504e-02,  3.4840548351640965e-01, -4.7343373092045959e-03,  5.2733018830147013e-02, -4.8587580742100447e-03,  1.3190532742411469e-03, -3.1358600014959948e-01,  9.5158693376310510e-01,  8.4145852987382730e-01,  3.6658051111684209e-01, -4.8425305098889350e-02,  3.5405542056374341e-02,  4.0460368889487066e+00
   130,  2.5095e+01, -2.5090586305824497e-01,  2.9774004392116332e-01, -2.7270498349610504e-02,  3.4840548351640965e-01, -3.7343373092045954e-03,  5.8006320713161717e-02, -4.8587580742100447e-03,  1.3190532742411469e-03, -3.1358600014959948e-01,  9.5158693376310510e-01,  8.4145852987382730e-01,  3.6658051111684209e-01, -4.8425305098889350e-02,  3.5405542056374341e-02,  4.0460368889487066e+00
   131,  2.5095e+01, -2.5090586305824497e-01,  2.9774004392116332e-01, -2.7270498349610504e-02,  3.4840548351640965e-01, -3.7343373092045954e-03,  4.7459716947132309e-02, -4.8587580742100447e-03,  1.3190532742411469e-03, -3.1358600014959948e-01,  9.5158693376310510e-01,  8.4145852987382730e-01,  3.6658051111684209e-01, -4.8425305098889350e-02,  3.5405542056374341e-02,  4.0460368889487066e+00
   132,  2.5095e+01, -2.5090586305824497e-01,  2.9774004392116332e-01, -2.7270498349610504e-02,  3.4840548351640965e-01, -3.7343373092045954e-03,  5.2733018830147013e-02, -3.8587580742100447e-03,  1.3190532742411469e-03, -3.1358600014959948e-01,  9.5158693376310510e-01,  8.4145852987382730e-01,  3.6658051111684209e-01, -4.8425305098889350e-02,  3.5405542056374341e-02,  4.0460368889487066e+00
   133,  2.5095e+01, -2.5090586305824497e-01,  2.9774004392116332e-01, -2.7270498349610504e-02,  3.4840548351640965e-01, -3.7343373092045954e-03,  5.2733018830147013e-02, -5.8587580742100447e-03,  1.3190532742411469e-03, -3.1358600014959948e-01,  9.5158693376310510e-01,  8.4145852987382730e-01,  3.6658051111684209e-01, -4.8425305098889350e-02,  3.5405542056374341e-02,  4.0460368889487066e+00
   134,  2.5095e+01, -2.5090586305824497e-01,  2.9774004392116332e-01, -2.7270498349610504e-02,  3.4840548351640965e-01, -3.7343373092045954e-03,  5.2733018830147013e-02, -4.8587580742100447e-03,  2.3190532742411469e-03, -3.1358600014959948e-01,  9.5158693376310510e-01,  8.4145852987382730e-01,  3.6658051111684209e-01, -4.8425305098889350e-02,  3.5405542056374341e-02,  4.0460368889487066e+00
   135,  2.5095e+01, -2.5090586305824497e-01,  2.9774004392116332e-01, -2.7270498349610504e-02,  3.4840548351640965e-01, -3.7343373092045954e-03,  5.2733018830147013e-02, -4.8587580742100447e-03,  3.1905327424114685e-04, -3.1358600014959948e-01,  9.5158693376310510e-01,  8.4145852987382730e-01,  3.6658051111684209e-01, -4.8425305098889350e-02,  3.5405542056374341e-02,  4.0460368889487066e+00
   136,  2.5095e+01, -2.5090586305824497e-01,  2.9774004392116332e-01, -2.7270498349610504e-02,  3.4840548351640965e-01, -3.7343373092045954e-03,  5.2733018830147013e-02, -4.8587580742100447e-03,  1.3190532742411469e-03, -2.8222740013463954e-01,  9.5158693376310510e-01,  8.4145852987382730e-01,  3.6658051111684209e-01, -4.8425305098889350e-02,  3.5405542056374341e-02,  4.0460368889487066e+00
   137,  2.5096e+01, -2.5090586305824497e-01,  2.9774004392116332e-01, -2.7270498349610504e-02,  3.4840548351640965e-01, -3.7343373092045954e-03,  5.2733018830147013e-02, -4.8587580742100447e-03,  1.3190532742411469e-03, -3.4494460016455941e-01,  9.5158693376310510e-01,  8.4145852987382730e-01,  3.6658051111684209e-01, -4.8425305098889350e-02,  3.5405542056374341e-02,  4.0460368889487066e+00
   138,  2.5096e+01, -2.5090586305824497e-01,  2.9774004392116332e-01, -2.7270498349610504e-02,  3.4840548351640965e-01, -3.7343373092045954e-03,  5.2733018830147013e-02, -4.8587580742100447e-03,  1.3190532742411469e-03, -3.1358600014959948e-01,  1.0467456271394155e+00,  8.4145852987382730e-01,  3.6658051111684209e-01, -4.8425305098889350e-02,  3.5405542056374341e-02,  4.0460368889487066e+00
   139,  2.5096e+01, -2.5090586305824497e-01,  2.9774004392116332e-01, -2.7270498349610504e-02,  3.4840548351640965e-01, -3.7343373092045954e-03,  5.2733018830147013e-02, -4.8587580742100447e-03,  1.3190532742411469e-03, -3.1358600014959948e-01,  8.5642824038679455e-01,  8.4145852987382730e-01,  3.6658051111684209e-01, -4.8425305098889350e-02,  3.5405542056374341e-02,  4.0460368889487066e+00
   140,  2.5096e+01, -2.5090586305824497e-01,  2.9774004392116332e-01, -2.7270498349610504e-02,  3.4840548351640965e-01, -3.7343373092045954e-03,  5.2733018830147013e-02, -4.8587580742100447e-03,  1.3190532742411469e-03, -3.1358600014959948e-01,  9.5158693376310510e-01,  9.2560438286121005e-01,  3.6658051111684209e-01, -4.8425305098889350e-02,  3.5405542056374341e-02,  4.0460368889487066e+00
   141,  2.5096e+01, -2.5090586305824497e-01,  2.9774004392116332e-01, -2.7270498349610504e-02,  3.4840548351640965e-01, -3.7343373092045954e-03,  5.2733018830147013e-02, -4.8587580742100447e-03,  1.3190532742411469e-03, -3.1358600014959948e-01,  9.5158693376310510e-01,  7.5731267688644455e-01,  3.6658051111684209e-01, -4.8425305098889350e-02,  3.5405542056374341e-02,  4.0460368889487066e+00
   142,  2.5096e+01, -2.5090586305824497e-01,  2.9774004392116332e-01, -2.7270498349610504e-02,  3.4840548351640965e-01, -3.7343373092045954e-03,  5.2733018830147013e-02, -4.8587580742100447e-03,  1.3190532742411469e-03, -3.1358600014959948e-01,  9.5158693376310510e-01,  8.4145852987382730e-01,  4.0323856222852628e-01, -4.8425305098889350e-02,  3.5405542056374341e-02,  4.0460368889487066e+00
   143,  2.5096e+01, -2.5090586305824497e-01,  2.9774004392116332e-01, -2.7270498349610504e-02,  3.4840548351640965e-01, -3.7343373092045954e-03,  5.2733018830147013e-02, -4.8587580742100447e-03,  1.3190532742411469e-03, -3.1358600014959948e-01,  9.5158693376310510e-01,  8.4145852987382730e-01,  3.2992246000515790e-01, -4.8425305098889350e-02,  3.5405542056374341e-02,  4.0460368889487066e+00
   144,  2.5096e+01, -2.5090586305824497e-01,  2.9774004392116332e-01, -2.7270498349610504e-02,  3.4840548351640965e-01, -3.7343373092045954e-03,  5.2733018830147013e-02, -4.8587580742100447e-03,  1.3190532742411469e-03, -3.1358600014959948e-01,  9.5158693376310510e-01,  8.4145852987382730e-01,  3.6658051111684209e-01, -4.3582774589000416e-02,  3.5405542056374341e-02,  4.0460368889487066e+00
   145,  2.5096e+01, -2.5090586305824497e-01,  2.9774004392116332e-01, -2.7270498349610504e-02,  3.4840548351640965e-01, -3.7343373092045954e-03,  5.2733018830147013e-02, -4.8587580742100447e-03,  1.3190532742411469e-03, -3.1358600014959948e-01,  9.5158693376310510e-01,  8.4145852987382730e-01,  3.6658051111684209e-01, -5.3267835608778284e-02,  3.5405542056374341e-02,  4.0460368889487066e+00
   146,  2.5096e+01, -2.5090586305824497e-01,  2.9774004392116332e-01, -2.7270498349610504e-02,  3.4840548351640965e-01, -3.7343373092045954e-03,  5.2733018830147013e-02, -4.8587580742100447e-03,  1.3190532742411469e-03, -3.1358600014959948e-01,  9.5158693376310510e-01,  8.4145852987382730e-01,  3.6658051111684209e-01, -4.8425305098889350e-02,  3.8946096262011773e-02,  4.0460368889487066e+00
   147,  2.5096e+01, -2.5090586305824497e-01,  2.9774004392116332e-01, -2.7270498349610504e-02,  3.4840548351640965e-01, -3.7343373092045954e-03,  5.2733018830147013e-02, -4.8587580742100447e-03,  1.3190532742411469e-03, -3.1358600014959948e-01,  9.5158693376310510e-01,  8.4145852987382730e-01,  3.6658051111684209e-01, -4.8425305098889350e-02,  3.1864987850736909e-02,  4.0460368889487066e+00
   148,  2.5096e+01, -2.5090586305824497e-01,  2.9774004392116332e-01, -2.7270498349610504e-02,  3.4840548351640965e-01, -3.7343373092045954e-03,  5.2733018830147013e-02, -4.8587580742100447e-03,  1.3190532742411469e-03, -3.1358600014959948e-01,  9.5158693376310510e-01,  8.4145852987382730e-01,  3.6658051111684209e-01, -4.8425305098889350e-02,  3.5405542056374341e-02,  4.4506405778435774e+00
   149,  2.5096e+01, -2.5090586305824497e-01,  2.9774004392116332e-01, -2.7270498349610504e-02,  3.4840548351640965e-01, -3.7343373092045954e-03,  5.2733018830147013e-02, -4.8587580742100447e-03,  1.3190532742411469e-03, -3.1358600014959948e-01,  9.5158693376310510e-01,  8.4145852987382730e-01,  3.6658051111684209e-01, -4.8425305098889350e-02,  3.5405542056374341e-02,  3.6414332000538359e+00
   150,  2.9983e+01, -2.2600717370040610e-01,  2.9775279318414405e-01, -2.8186082471070698e-02,  3.4853304854869888e-01, -3.7346390268137731e-03,  5.2732785442424372e-02, -4.8586578390655165e-03,  1.3190062456046347e-03, -3.1359270875640022e-01,  9.5158365017504820e-01,  8.4145511667001061e-01,  3.6658937903101790e-01, -4.8425287265097192e-02,  3.5405726752514868e-02,  4.0460445368491627e+00
   151,  2.9983e+01, -2.7623099007827412e-01,  2.9775279318414405e-01, -2.8186082471070698e-02,  3.4853304854869888e-01, -3.7346390268137731e-03,  5.2732785442424372e-02, -4.8586578390655165e-03,  1.3190062456046347e-03, -3.1359270875640022e-01,  9.5158365017504820e-01,  8.4145511667001061e-01,  3.6658937903101790e-01, -4.8425287265097192e-02,  3.5405726752514868e-02,  4.0460445368491627e+00
   152,  2.9983e+01, -2.5111908188934012e-01,  3.2752807250255844e-01, -2.8186082471070698e-02,  3.4853304854869888e-01, -3.7346390268137731e-03,  5.2732785442424372e-02, -4.8586578390655165e-03,  1.3190062456046347e-03, -3.1359270875640022e-01,  9.5158365017504820e-01,  8.4145511667001061e-01,  3.6658937903101790e-01, -4.8425287265097192e-02,  3.5405726752514868e-02,  4.0460445368491627e+00
   153,  2.9983e+01, -2.5111908188934012e-01,  2.6797751386572966e-01, -2.8186082471070698e-02,  3.4853304854869888e-01, -3.7346390268137731e-03,  5.2732785442424372e-02, -4.8586578390655165e-03,  1.3190062456046347e-03, -3.1359270875640022e-01,  9.5158365017504820e-01,  8.4145511667001061e-01,  3.6658937903101790e-01, -4.8425287265097192e-02,  3.5405726752514868e-02,  4.0460445368491627e+00
   154,  2.9983e+01, -2.5111908188934012e-01,  2.9775279318414405e-01, -2.5367474223963626e-02,  3.4853304854869888e-01, -3.7346390268137731e-03,  5.2732785442424372e-02, -4.8586578390655165e-03,  1.3190062456046347e-03, -3.1359270875640022e-01,  9.5158365017504820e-01,  8.4145511667001061e-01,  3.6658937903101790e-01, -4.8425287265097192e-02,  3.5405726752514868e-02,  4.0460445368491627e+00
   155,  2.9983e+01, -2.5111908188934012e-01,  2.9775279318414405e-01, -3.1004690718177769e-02,  3.4853304854869888e-01, -3.7346390268137731e-03,  5.2732785442424372e-02, -4.8586578390655165e-03,  1.3190062456046347e-03, -3.1359270875640022e-01,  9.5158365017504820e-01,  8.4145511667001061e-01,  3.6658937903101790e-01, -4.8425287265097192e-02,  3.5405726752514868e-02,  4.0460445368491627e+00
   156,  2.9983e+01, -2.5111908188934012e-01,  2.9775279318414405e-01, -2.8186082471070698e-02,  3.8338635340356875e-01, -3.7346390268137731e-03,  5.2732785442424372e-02, -4.8586578390655165e-03,  1.3190062456046347e-03, -3.1359270875640022e-01,  9.5158365017504820e-01,  8.4145511667001061e-01,  3.6658937903101790e-01, -4.8425287265097192e-02,  3.5405726752514868e-02,  4.0460445368491627e+00
   157,  2.9983e+01, -2.5111908188934012e-01,  2.9775279318414405e-01, -2.8186082471070698e-02,  3.1367974369382901e-01, -3.7346390268137731e-03,  5.2732785442424372e-02, -4.8586578390655165e-03,  1.3190062456046347e-03, -3.1359270875640022e-01,  9.5158365017504820e-01,  8.4145511667001061e-01,  3.6658937903101790e-01, -4.8425287265097192e-02,  3.5405726752514868e-02,  4.0460445368491627e+00
   158,  2.9983e+01, -2.5111908188934012e-01,  2.9775279318414405e-01, -2.8186082471070698e-02,  3.4853304854869888e-01, -2.7346390268137731e-03,  5.2732785442424372e-02, -4.8586578390655165e-03,  1.3190062456046347e-03, -3.1359270875640022e-01,  9.5158365017504820e-01,  8.4145511667001061e-01,  3.6658937903101790e-01, -4.8425287265097192e-02,  3.5405726752514868e-02,  4.0460445368491627e+00
   159,  2.9983e+01, -2.5111908188934012e-01,  2.9775279318414405e-01, -2.8186082471070698e-02,  3.4853304854869888e-01, -4.7346390268137731e-03,  5.2732785442424372e-02, -4.8586578390655165e-03,  1.3190062456046347e-03, -3.1359270875640022e-01,  9.5158365017504820e-01,  8.4145511667001061e-01,  3.6658937903101790e-01, -4.8425287265097192e-02,  3.5405726752514868e-02,  4.0460445368491627e+00
   160,  2.9983e+01, -2.5111908188934012e-01,  2.9775279318414405e-01, -2.8186082471070698e-02,  3.4853304854869888e-01, -3.7346390268137731e-03,  5.8006063986666807e-02, -4.8586578390655165e-03,  1.3190062456046347e-03, -3.1359270875640022e-01,  9.5158365017504820e-01,  8.4145511667001061e-01,  3.6658937903101790e-01, -4.8425287265097192e-02,  3.5405726752514868e-02,  4.0460445368491627e+00
   161,  2.9983e+01, -2.5111908188934012e-01,  2.9775279318414405e-01, -2.8186082471070698e-02,  3.4853304854869888e-01, -3.7346390268137731e-03,  4.7459506898181937e-02, -4.8586578390655165e-03,  1.3190062456046347e-03, -3.1359270875640022e-01,  9.5158365017504820e-01,  8.4145511667001061e-01,  3.6658937903101790e-01, -4.8425287265097192e-02,  3.5405726752514868e-02,  4.0460445368491627e+00
   162,  2.9983e+01, -2.5111908188934012e-01,  2.9775279318414405e-01, -2.8186082471070698e-02,  3.4853304854869888e-01, -3.7346390268137731e-03,  5.2732785442424372e-02, -3.8586578390655164e-03,  1.3190062456046347e-03, -3.1359270875640022e-01,  9.5158365017504820e-01,  8.4145511667001061e-01,  3.6658937903101790e-01, -4.8425287265097192e-02,  3.5405726752514868e-02,  4.0460445368491627e+00
   163,  2.9983e+01, -2.5111908188934012e-01,  2.9775279318414405e-01, -2.8186082471070698e-02,  3.4853304854869888e-01, -3.7346390268137731e-03,  5.2732785442424372e-02, -5.8586578390655165e-03,  1.3190062456046347e-03, -3.1359270875640022e-01,  9.5158365017504820e-01,  8.4145511667001061e-01,  3.6658937903101790e-01, -4.8425287265097192e-02,  3.5405726752514868e-02,  4.0460445368491627e+00
   164,  2.9983e+01, -2.5111908188934012e-01,  2.9775279318414405e-01, -2.8186082471070698e-02,  3.4853304854869888e-01, -3.7346390268137731e-03,  5.2732785442424372e-02, -4.8586578390655165e-03,  2.3190062456046349e-03, -3.1359270875640022e-01,  9.5158365017504820e-01,  8.4145511667001061e-01,  3.6658937903101790e-01, -4.8425287265097192e-02,  3.5405726752514868e-02,  4.0460445368491627e+00
   165,  2.9983e+01, -2.5111908188934012e-01,  2.9775279318414405e-01, -2.8186082471070698e-02,  3.4853304854869888e-01, -3.7346390268137731e-03,  5.2732785442424372e-02, -4.8586578390655165e-03,  3.1900624560463465e-04, -3.1359270875640022e-01,  9.5158365017504820e-01,  8.4145511667001061e-01,  3.6658937903101790e-01, -4.8425287265097192e-02,  3.5405726752514868e-02,  4.0460445368491627e+00
   166,  2.9983e+01, -2.5111908188934012e-01,  2.9775279318414405e-01, -2.8186082471070698e-02,  3.4853304854869888e-01, -3.7346390268137731e-03,  5.2732785442424372e-02, -4.8586578390655165e-03,  1.3190062456046347e-03, -2.8223343788076022e-01,  9.5158365017504820e-01,  8.4145511667001061e-01,  3.6658937903101790e-01, -4.8425287265097192e-02,  3.5405726752514868e-02,  4.0460445368491627e+00
   167,  2.9983e+01, -2.5111908188934012e-01,  2.9775279318414405e-01, -2.8186082471070698e-02,  3.4853304854869888e-01, -3.7346390268137731e-03,  5.2732785442424372e-02, -4.8586578390655165e-03,  1.3190062456046347e-03, -3.4495197963204022e-01,  9.5158365017504820e-01,  8.4145511667001061e-01,  3.6658937903101790e-01, -4.8425287265097192e-02,  3.5405726752514868e-02,  4.0460445368491627e+00
   168,  2.9983e+01, -2.5111908188934012e-01,  2.9775279318414405e-01, -2.8186082471070698e-02,  3.4853304854869888e-01, -3.7346390268137731e-03,  5.2732785442424372e-02, -4.8586578390655165e-03,  1.3190062456046347e-03, -3.1359270875640022e-01,  1.0467420151925531e+00,  8.4145511667001061e-01,  3.6658937903101790e-01, -4.8425287265097192e-02,  3.5405726752514868e-02,  4.0460445368491627e+00
   169,  2.9983e+01, -2.5111908188934012e-01,  2.9775279318414405e-01, -2.8186082471070698e-02,  3.4853304854869888e-01, -3.7346390268137731e-03,  5.2732785442424372e-02, -4.8586578390655165e-03,  1.3190062456046347e-03, -3.1359270875640022e-01,  8.5642528515754335e-01,  8.4145511667001061e-01,  3.6658937903101790e-01, -4.8425287265097192e-02,  3.5405726752514868e-02,  4.0460445368491627e+00
   170,  2.9983e+01, -2.5111908188934012e-01,  2.9775279318414405e-01, -2.8186082471070698e-02,  3.4853304854869888e-01, -3.7346390268137731e-03,  5.2732785442424372e-02, -4.8586578390655165e-03,  1.3190062456046347e-03, -3.1359270875640022e-01,  9.5158365017504820e-01,  9.2560062833701173e-01,  3.6658937903101790e-01, -4.8425287265097192e-02,  3.5405726752514868e-02,  4.0460445368491627e+00
   171,  2.9983e+01, -2.5111908188934012e-01,  2.9775279318414405e-01, -2.8186082471070698e-02,  3.4853304854869888e-01, -3.7346390268137731e-03,  5.2732785442424372e-02, -4.8586578390655165e-03,  1.3190062456046347e-03, -3.1359270875640022e-01,  9.5158365017504820e-01,  7.5730960500300948e-01,  3.6658937903101790e-01, -4.8425287265097192e-02,  3.5405726752514868e-02,  4.0460445368491627e+00
   172,  2.9983e+01, -2.5111908188934012e-01,  2.9775279318414405e-01, -2.8186082471070698e-02,  3.4853304854869888e-01, -3.7346390268137731e-03,  5.2732785442424372e-02, -4.8586578390655165e-03,  1.3190062456046347e-03, -3.1359270875640022e-01,  9.5158365017504820e-01,  8.4145511667001061e-01,  4.0324831693411967e-01, -4.8425287265097192e-02,  3.5405726752514868e-02,  4.0460445368491627e+00
   173,  2.9983e+01, -2.5111908188934012e-01,  2.9775279318414405e-01, -2.8186082471070698e-02,  3.4853304854869888e-01, -3.7346390268137731e-03,  5.2732785442424372e-02, -4.8586578390655165e-03,  1.3190062456046347e-03, -3.1359270875640022e-01,  9.5158365017504820e-01,  8.4145511667001061e-01,  3.2993044112791614e-01, -4.8425287265097192e-02,  3.5405726752514868e-02,  4.0460445368491627e+00
   174,  2.9983e+01, -2.5111908188934012e-01,  2.9775279318414405e-01, -2.8186082471070698e-02,  3.4853304854869888e-01, -3.7346390268137731e-03,  5.2732785442424372e-02, -4.8586578390655165e-03,  1.3190062456046347e-03, -3.1359270875640022e-01,  9.5158365017504820e-01,  8.4145511667001061e-01,  3.6658937903101790e-01, -4.3582758538587472e-02,  3.5405726752514868e-02,  4.0460445368491627e+00
   175,  2.9983e+01, -2.5111908188934012e-01,  2.9775279318414405e-01, -2.8186082471070698e-02,  3.4853304854869888e-01, -3.7346390268137731e-03,  5.2732785442424372e-02, -4.8586578390655165e-03,  1.3190062456046347e-03, -3.1359270875640022e-01,  9.5158365017504820e-01,  8.4145511667001061e-01,  3.6658937903101790e-01, -5.3267815991606911e-02,  3.5405726752514868e-02,  4.0460445368491627e+00
   176,  2.9983e+01, -2.5111908188934012e-01,  2.9775279318414405e-01, -2.8186082471070698e-02,  3.4853304854869888e-01, -3.7346390268137731e-03,  5.2732785442424372e-02, -4.8586578390655165e-03,  1.3190062456046347e-03, -3.1359270875640022e-01,  9.5158365017504820e-01,  8.4145511667001061e-01,  3.6658937903101790e-01, -4.8425287265097192e-02,  3.8946299427766354e-02,  4.0460445368491627e+00
   177,  2.9983e+01, -2.5111908188934012e-01,  2.9775279318414405e-01, -2.8186082471070698e-02,  3.4853304854869888e-01, -3.7346390268137731e-03,  5.2732785442424372e-02, -4.8586578390655165e-03,  1.3190062456046347e-03, -3.1359270875640022e-01,  9.5158365017504820e-01,  8.4145511667001061e-01,  3.6658937903101790e-01, -4.8425287265097192e-02,  3.1865154077263383e-02,  4.0460445368491627e+00
   178,  2.9983e+01, -2.5111908188934012e-01,  2.9775279318414405e-01, -2.8186082471070698e-02,  3.4853304854869888e-01, -3.7346390268137731e-03,  5.2732785442424372e-02, -4.8586578390655165e-03,  1.3190062456046347e-03, -3.1359270875640022e-01,  9.5158365017504820e-01,  8.4145511667001061e-01,  3.6658937903101790e-01, -4.8425287265097192e-02,  3.5405726752514868e-02,  4.4506489905340789e+00
   179,  2.9983e+01, -2.5111908188934012e-01,  2.9775279318414405e-01, -2.8186082471070698e-02,  3.4853304854869888e-01, -3.7346390268137731e-03,  5.2732785442424372e-02, -4.8586578390655165e-03,  1.3190062456046347e-03, -3.1359270875640022e-01,  9.5158365017504820e-01,  8.4145511667001061e-01,  3.6658937903101790e-01, -4.8425287265097192e-02,  3.5405726752514868e-02,  3.6414400831642464e+00
   180,  3.4777e+01, -2.2747320869817511e-01,  2.9840524673296709e-01, -2.8414087394077078e-02,  3.4921213918744803e-01, -3.7369702835443786e-03,  5.2730859880500844e-02, -4.8579014653194344e-03,  1.3200770014228245e-03, -3.1364457939510348e-01,  9.5155259401547054e-01,  8.4143946280997839e-01,  3.6665666848380352e-01, -4.8425222915668809e-02,  3.5406969967005993e-02,  4.0460744489455536e+00
   181,  3.4777e+01, -2.7802281063110290e-01,  2.9840524673296709e-01, -2.8414087394077078e-02,  3.4921213918744803e-01, -3.7369702835443786e-03,  5.2730859880500844e-02, -4.8579014653194344e-03,  1.3200770014228245e-03, -3.1364457939510348e-01,  9.5155259401547054e-01,  8.4143946280997839e-01,  3.6665666848380352e-01, -4.8425222915668809e-02,  3.5406969967005993e-02,  4.0460744489455536e+00
   182,  3.4777e+01, -2.5274800966463901e-01,  3.2824577140626382e-01, -2.8414087394077078e-02,  3.4921213918744803e-01, -3.7369702835443786e-03,  5.2730859880500844e-02, -4.8579014653194344e-03,  1.3200770014228245e-03, -3.1364457939510348e-01,  9.5155259401547054e-01,  8.4143946280997839e-01,  3.6665666848380352e-01, -4.8425222915668809e-02,  3.5406969967005993e-02,  4.0460744489455536e+00
   183,  3.4777e+01, -2.5274800966463901e-01,  2.6856472205967036e-01, -2.8414087394077078e-02,  3.4921213918744803e-01, -3.7369702835443786e-03,  5.2730859880500844e-02, -4.8579014653194344e-03,  1.3200770014228245e-03, -3.1364457939510348e-01,  9.5155259401547054e-01,  8.4143946280997839e-01,  3.6665666848380352e-01, -4.8425222915668809e-02,  3.5406969967005993e-02,  4.0460744489455536e+00
   184,  3.4777e+01, -2.5274800966463901e-01,  2.9840524673296709e-01, -2.5572678654669369e-02,  3.4921213918744803e-01, -3.7369702835443786e-03,  5.2730859880500844e-02, -4.8579014653194344e-03,  1.3200770014228245e-03, -3.1364457939510348e-01,  9.5155259401547054e-01,  8.4143946280997839e-01,  3.6665666848380352e-01, -4.8425222915668809e-02,  3.5406969967005993e-02,  4.0460744489455536e+00
   185,  3.4777e+01, -2.5274800966463901e-01,  2.9840524673296709e-01, -3.1255496133484786e-02,  3.4921213918744803e-01, -3.7369702835443786e-03,  5.2730859880500844e-02, -4.8579014653194344e-03,  1.3200770014228245e-03, -3.1364457939510348e-01,  9.5155259401547054e-01,  8.4143946280997839e-01,  3.6665666848380352e-01, -4.8425222915668809e-02,  3.5406969967005993e-02,  4.0460744489455536e+00
   186,  3.4777e+01, -2.5274800966463901e-01,  2.9840524673296709e-01, -2.8414087394077078e-02,  3.8413335310619284e-01, -3.7369702835443786e-03,  5.2730859880500844e-02, -4.8579014653194344e-03,  1.3200770014228245e-03, -3.1364457939510348e-01,  9.5155259401547054e-01,  8.4143946280997839e-01,  3.6665666848380352e-01, -4.8425222915668809e-02,  3.5406969967005993e-02,  4.0460744489455536e+00
   187,  3.4777e+01, -2.5274800966463901e-01,  2.9840524673296709e-01, -2.8414087394077078e-02,  3.1429092526870323e-01, -3.7369702835443786e-03,  5.2730859880500844e-02, -4.8579014653194344e-03,  1.3200770014228245e-03, -3.1364457939510348e-01,  9.5155259401547054e-01,  8.4143946280997839e-01,  3.6665666848380352e-01, -4.8425222915668809e-02,  3.5406969967005993e-02,  4.0460744489455536e+00
   188,  3.4777e+01, -2.5274800966463901e-01,  2.9840524673296709e-01, -2.8414087394077078e-02,  3.4921213918744803e-01, -2.7369702835443785e-03,  5.2730859880500844e-02, -4.8579014653194344e-03,  1.3200770014228245e-03, -3.1364457939510348e-01,  9.5155259401547054e-01,  8.4143946280997839e-01,  3.6665666848380352e-01, -4.8425222915668809e-02,  3.5406969967005993e-02,  4.0460744489455536e+00
   189,  3.4777e+01, -2.5274800966463901e-01,  2.9840524673296709e-01, -2.8414087394077078e-02,  3.4921213918744803e-01, -4.7369702835443790e-03,  5.2730859880500844e-02, -4.8579014653194344e-03,  1.3200770014228245e-03, -3.1364457939510348e-01,  9.5155259401547054e-01,  8.4143946280997839e-01,  3.6665666848380352e-01, -4.8425222915668809e-02,  3.5406969967005993e-02,  4.0460744489455536e+00
   190,  3.4777e+01, -2.5274800966463901e-01,  2.9840524673296709e-01, -2.8414087394077078e-02,  3.4921213918744803e-01, -3.7369702835443786e-03,  5.8003945868550927e-02, -4.8579014653194344e-03,  1.3200770014228245e-03, -3.1364457939510348e-01,  9.5155259401547054e-01,  8.4143946280997839e-01,  3.6665666848380352e-01, -4.8425222915668809e-02,  3.5406969967005993e-02,  4.0460744489455536e+00
   191,  3.4777e+01, -2.5274800966463901e-01,  2.9840524673296709e-01, -2.8414087394077078e-02,  3.4921213918744803e-01, -3.7369702835443786e-03,  4.7457773892450761e-02, -4.8579014653194344e-03,  1.3200770014228245e-03, -3.1364457939510348e-01,  9.5155259401547054e-01,  8.4143946280997839e-01,  3.6665666848380352e-01, -4.8425222915668809e-02,  3.5406969967005993e-02,  4.0460744489455536e+00
   192,  3.4777e+01, -2.5274800966463901e-01,  2.9840524673296709e-01, -2.8414087394077078e-02,  3.4921213918744803e-01, -3.7369702835443786e-03,  5.2730859880500844e-02, -3.8579014653194344e-03,  1.3200770014228245e-03, -3.1364457939510348e-01,  9.5155259401547054e-01,  8.4143946280997839e-01,  3.6665666848380352e-01, -4.8425222915668809e-02,  3.5406969967005993e-02,  4.0460744489455536e+00
   193,  3.4777e+01, -2.5274800966463901e-01,  2.9840524673296709e-01, -2.8414087394077078e-02,  3.4921213918744803e-01, -3.7369702835443786e-03,  5.2730859880500844e-02, -5.8579014653194345e-03,  1.3200770014228245e-03, -3.1364457939510348e-01,  9.5155259401547054e-01,  8.4143946280997839e-01,  3.6665666848380352e-01, -4.8425222915668809e-02,  3.5406969967005993e-02,  4.0460744489455536e+00
   194,  3.4778e+01, -2.5274800966463901e-01,  2.9840524673296709e-01, -2.8414087394077078e-02,  3.4921213918744803e-01, -3.7369702835443786e-03,  5.2730859880500844e-02, -4.8579014653194344e-03,  2.3200770014228248e-03, -3.1364457939510348e-01,  9.5155259401547054e-01,  8.4143946280997839e-01,  3.6665666848380352e-01, -4.8425222915668809e-02,  3.5406969967005993e-02,  4.0460744489455536e+00
   195,  3.4778e+01, -2.5274800966463901e-01,  2.9840524673296709e-01, -2.8414087394077078e-02,  3.4921213918744803e-01, -3.7369702835443786e-03,  5.2730859880500844e-02, -4.8579014653194344e-03,  3.2007700142282452e-04, -3.1364457939510348e-01,  9.5155259401547054e-01,  8.4143946280997839e-01,  3.6665666848380352e-01, -4.8425222915668809e-02,  3.5406969967005993e-02,  4.0460744489455536e+00
   196,  3.4778e+01, -2.5274800966463901e-01,  2.9840524673296709e-01, -2.8414087394077078e-02,  3.4921213918744803e-01, -3.7369702835443786e-03,  5.2730859880500844e-02, -4.8579014653194344e-03,  1.3200770014228245e-03, -2.8228012145559311e-01,  9.5155259401547054e-01,  8.4143946280997839e-01,  3.6665666848380352e-01, -4.8425222915668809e-02,  3.5406969967005993e-02,  4.0460744489455536e+00
   197,  3.4778e+01, -2.5274800966463901e-01,  2.9840524673296709e-01, -2.8414087394077078e-02,  3.4921213918744803e-01, -3.7369702835443786e-03,  5.2730859880500844e-02, -4.8579014653194344e-03,  1.3200770014228245e-03, -3.4500903733461386e-01,  9.5155259401547054e-01,  8.4143946280997839e-01,  3.6665666848380352e-01, -4.8425222915668809e-02,  3.5406969967005993e-02,  4.0460744489455536e+00
   198,  3.4778e+01, -2.5274800966463901e-01,  2.9840524673296709e-01, -2.8414087394077078e-02,  3.4921213918744803e-01, -3.7369702835443786e-03,  5.2730859880500844e-02, -4.8579014653194344e-03,  1.3200770014228245e-03, -3.1364457939510348e-01,  1.0467078534170176e+00,  8.4143946280997839e-01,  3.6665666848380352e-01, -4.8425222915668809e-02,  3.5406969967005993e-02,  4.0460744489455536e+00
   199,  3.4778e+01, -2.5274800966463901e-01,  2.9840524673296709e-01, -2.8414087394077078e-02,  3.4921213918744803e-01, -3.7369702835443786e-03,  5.2730859880500844e-02, -4.8579014653194344e-03,  1.3200770014228245e-03, -3.1364457939510348e-01,  8.5639733461392353e-01,  8.4143946280997839e-01,  3.6665666848380352e-01, -4.8425222915668809e-02,  3.5406969967005993e-02,  4.0460744489455536e+00
   200,  3.4778e+01, -2.5274800966463901e-01,  2.9840524673296709e-01, -2.8414087394077078e-02,  3.4921213918744803e-01, -3.7369702835443786e-03,  5.2730859880500844e-02, -4.8579014653194344e-03,  1.3200770014228245e-03, -3.1364457939510348e-01,  9.5155259401547054e-01,  9.2558340909097625e-01,  3.6665666848380352e-01, -4.8425222915668809e-02,  3.5406969967005993e-02,  4.0460744489455536e+00
   201,  3.4778e+01, -2.5274800966463901e-01,  2.9840524673296709e-01, -2.8414087394077078e-02,  3.4921213918744803e-01, -3.7369702835443786e-03,  5.2730859880500844e-02, -4.8579014653194344e-03,  1.3200770014228245e-03, -3.1364457939510348e-01,  9.5155259401547054e-01,  7.5729551652898053e-01,  3.6665666848380352e-01, -4.8425222915668809e-02,  3.5406969967005993e-02,  4.0460744489455536e+00
   202,  3.4778e+01, -2.5274800966463901e-01,  2.9840524673296709e-01, -2.8414087394077078e-02,  3.4921213918744803e-01, -3.7369702835443786e-03,  5.2730859880500844e-02, -4.8579014653194344e-03,  1.3200770014228245e-03, -3.1364457939510348e-01,  9.5155259401547054e-01,  8.4143946280997839e-01,  4.0332233533218387e-01, -4.8425222915668809e-02,  3.5406969967005993e-02,  4.0460744489455536e+00
   203,  3.4778e+01, -2.5274800966463901e-01,  2.9840524673296709e-01, -2.8414087394077078e-02,  3.4921213918744803e-01, -3.7369702835443786e-03,  5.2730859880500844e-02, -4.8579014653194344e-03,  1.3200770014228245e-03, -3.1364457939510348e-01,  9.5155259401547054e-01,  8.4143946280997839e-01,  3.2999100163542316e-01, -4.8425222915668809e-02,  3.5406969967005993e-02,  4.0460744489455536e+00
   204,  3.4778e+01, -2.5274800966463901e-01,  2.9840524673296709e-01, -2.8414087394077078e-02,  3.4921213918744803e-01, -3.7369702835443786e-03,  5.2730859880500844e-02, -4.8579014653194344e-03,  1.3200770014228245e-03, -3.1364457939510348e-01,  9.5155259401547054e-01,  8.4143946280997839e-01,  3.6665666848380352e-01, -4.3582700624101925e-02,  3.5406969967005993e-02,  4.0460744489455536e+00
   205,  3.4778e+01, -2.5274800966463901e-01,  2.9840524673296709e-01, -2.8414087394077078e-02,  3.4921213918744803e-01, -3.7369702835443786e-03,  5.2730859880500844e-02, -4.8579014653194344e-03,  1.3200770014228245e-03, -3.1364457939510348e-01,  9.5155259401547054e-01,  8.4143946280997839e-01,  3.6665666848380352e-01, -5.3267745207235692e-02,  3.5406969967005993e-02,  4.0460744489455536e+00
   206,  3.4778e+01, -2.5274800966463901e-01,  2.9840524673296709e-01, -2.8414087394077078e-02,  3.4921213918744803e-01, -3.7369702835443786e-03,  5.2730859880500844e-02, -4.8579014653194344e-03,  1.3200770014228245e-03, -3.1364457939510348e-01,  9.5155259401547054e-01,  8.4143946280997839e-01,  3.6665666848380352e-01, -4.8425222915668809e-02,  3.8947666963706593e-02,  4.0460744489455536e+00
   207,  3.4778e+01, -2.5274800966463901e-01,  2.9840524673296709e-01, -2.8414087394077078e-02,  3.4921213918744803e-01, -3.7369702835443786e-03,  5.2730859880500844e-02, -4.8579014653194344e-03,  1.3200770014228245e-03, -3.1364457939510348e-01,  9.5155259401547054e-01,  8.4143946280997839e-01,  3.6665666848380352e-01, -4.8425222915668809e-02,  3.1866272970305393e-02,  4.0460744489455536e+00
   208,  3.4778e+01, -2.5274800966463901e-01,  2.9840524673296709e-01, -2.8414087394077078e-02,  3.4921213918744803e-01, -3.7369702835443786e-03,  5.2730859880500844e-02, -4.8579014653194344e-03,  1.3200770014228245e-03, -3.1364457939510348e-01,  9.5155259401547054e-01,  8.4143946280997839e-01,  3.6665666848380352e-01, -4.8425222915668809e-02,  3.5406969967005993e-02,  4.4506818938401089e+00
   209,  3.4778e+01, -2.5274800966463901e-01,  2.9840524673296709e-01, -2.8414087394077078e-02,  3.4921213918744803e-01, -3.7369702835443786e-03,  5.2730859880500844e-02, -4.8579014653194344e-03,  1.3200770014228245e-03, -3.1364457939510348e-01,  9.5155259401547054e-01,  8.4143946280997839e-01,  3.6665666848380352e-01, -4.8425222915668809e-02,  3.5406969967005993e-02,  3.6414670040509982e+00
