Problem type:
least_squares
nparams:
15
function_evaluation,seconds,x(0),x(1),x(2),x(3),x(4),x(5),x(6),x(7),x(8),x(9),x(10),x(11),x(12),x(13),x(14)
     0,  4.8464e+00, -1.7999999999999999e-01,  3.1412002931217908e-01,  0.0000000000000000e+00,  3.8300982674531692e-01,  1.7409642391126690e-02,  5.7693670662871864e-02,  0.0000000000000000e+00,  3.4887701581848857e-01,  0.0000000000000000e+00,  1.4723722566065425e+00,  6.2566940714048025e-01,  0.0000000000000000e+00, -5.6867758006126083e-02,  3.2834620336770468e-02,  4.6982108001565512e+00
     1,  4.8465e+00, -2.2000000000000003e-01,  3.1412002931217908e-01,  0.0000000000000000e+00,  3.8300982674531692e-01,  1.7409642391126690e-02,  5.7693670662871864e-02,  0.0000000000000000e+00,  3.4887701581848857e-01,  0.0000000000000000e+00,  1.4723722566065425e+00,  6.2566940714048025e-01,  0.0000000000000000e+00, -5.6867758006126083e-02,  3.2834620336770468e-02,  4.6982108001565512e+00
     2,  4.8466e+00, -2.0000000000000001e-01,  3.4553203224339701e-01,  0.0000000000000000e+00,  3.8300982674531692e-01,  1.7409642391126690e-02,  5.7693670662871864e-02,  0.0000000000000000e+00,  3.4887701581848857e-01,  0.0000000000000000e+00,  1.4723722566065425e+00,  6.2566940714048025e-01,  0.0000000000000000e+00, -5.6867758006126083e-02,  3.2834620336770468e-02,  4.6982108001565512e+00
     3,  4.8466e+00, -2.0000000000000001e-01,  2.8270802638096115e-01,  0.0000000000000000e+00,  3.8300982674531692e-01,  1.7409642391126690e-02,  5.7693670662871864e-02,  0.0000000000000000e+00,  3.4887701581848857e-01,  0.0000000000000000e+00,  1.4723722566065425e+00,  6.2566940714048025e-01,  0.0000000000000000e+00, -5.6867758006126083e-02,  3.2834620336770468e-02,  4.6982108001565512e+00
     4,  4.8466e+00, -2.0000000000000001e-01,  3.1412002931217908e-01,  1.0000000000000000e-02,  3.8300982674531692e-01,  1.7409642391126690e-02,  5.7693670662871864e-02,  0.0000000000000000e+00,  3.4887701581848857e-01,  0.0000000000000000e+00,  1.4723722566065425e+00,  6.2566940714048025e-01,  0.0000000000000000e+00, -5.6867758006126083e-02,  3.2834620336770468e-02,  4.6982108001565512e+00
     5,  4.8466e+00, -2.0000000000000001e-01,  3.1412002931217908e-01, -1.0000000000000000e-02,  3.8300982674531692e-01,  1.7409642391126690e-02,  5.7693670662871864e-02,  0.0000000000000000e+00,  3.4887701581848857e-01,  0.0000000000000000e+00,  1.4723722566065425e+00,  6.2566940714048025e-01,  0.0000000000000000e+00, -5.6867758006126083e-02,  3.2834620336770468e-02,  4.6982108001565512e+00
     6,  4.8467e+00, -2.0000000000000001e-01,  3.1412002931217908e-01,  0.0000000000000000e+00,  4.2131080941984861e-01,  1.7409642391126690e-02,  5.7693670662871864e-02,  0.0000000000000000e+00,  3.4887701581848857e-01,  0.0000000000000000e+00,  1.4723722566065425e+00,  6.2566940714048025e-01,  0.0000000000000000e+00, -5.6867758006126083e-02,  3.2834620336770468e-02,  4.6982108001565512e+00
     7,  4.8467e+00, -2.0000000000000001e-01,  3.1412002931217908e-01,  0.0000000000000000e+00,  3.4470884407078523e-01,  1.7409642391126690e-02,  5.7693670662871864e-02,  0.0000000000000000e+00,  3.4887701581848857e-01,  0.0000000000000000e+00,  1.4723722566065425e+00,  6.2566940714048025e-01,  0.0000000000000000e+00, -5.6867758006126083e-02,  3.2834620336770468e-02,  4.6982108001565512e+00
     8,  4.8467e+00, -2.0000000000000001e-01,  3.1412002931217908e-01,  0.0000000000000000e+00,  3.8300982674531692e-01,  2.7409642391126691e-02,  5.7693670662871864e-02,  0.0000000000000000e+00,  3.4887701581848857e-01,  0.0000000000000000e+00,  1.4723722566065425e+00,  6.2566940714048025e-01,  0.0000000000000000e+00, -5.6867758006126083e-02,  3.2834620336770468e-02,  4.6982108001565512e+00
     9,  4.8468e+00, -2.0000000000000001e-01,  3.1412002931217908e-01,  0.0000000000000000e+00,  3.8300982674531692e-01,  7.4096423911266893e-03,  5.7693670662871864e-02,  0.0000000000000000e+00,  3.4887701581848857e-01,  0.0000000000000000e+00,  1.4723722566065425e+00,  6.2566940714048025e-01,  0.0000000000000000e+00, -5.6867758006126083e-02,  3.2834620336770468e-02,  4.6982108001565512e+00
    10,  4.8468e+00, -2.0000000000000001e-01,  3.1412002931217908e-01,  0.0000000000000000e+00,  3.8300982674531692e-01,  1.7409642391126690e-02,  6.7693670662871866e-02,  0.0000000000000000e+00,  3.4887701581848857e-01,  0.0000000000000000e+00,  1.4723722566065425e+00,  6.2566940714048025e-01,  0.0000000000000000e+00, -5.6867758006126083e-02,  3.2834620336770468e-02,  4.6982108001565512e+00
    11,  4.8468e+00, -2.0000000000000001e-01,  3.1412002931217908e-01,  0.0000000000000000e+00,  3.8300982674531692e-01,  1.7409642391126690e-02,  4.7693670662871862e-02,  0.0000000000000000e+00,  3.4887701581848857e-01,  0.0000000000000000e+00,  1.4723722566065425e+00,  6.2566940714048025e-01,  0.0000000000000000e+00, -5.6867758006126083e-02,  3.2834620336770468e-02,  4.6982108001565512e+00
    12,  4.8468e+00, -2.0000000000000001e-01,  3.1412002931217908e-01,  0.0000000000000000e+00,  3.8300982674531692e-01,  1.7409642391126690e-02,  5.7693670662871864e-02,  1.0000000000000000e-02,  3.4887701581848857e-01,  0.0000000000000000e+00,  1.4723722566065425e+00,  6.2566940714048025e-01,  0.0000000000000000e+00, -5.6867758006126083e-02,  3.2834620336770468e-02,  4.6982108001565512e+00
    13,  4.8469e+00, -2.0000000000000001e-01,  3.1412002931217908e-01,  0.0000000000000000e+00,  3.8300982674531692e-01,  1.7409642391126690e-02,  5.7693670662871864e-02, -1.0000000000000000e-02,  3.4887701581848857e-01,  0.0000000000000000e+00,  1.4723722566065425e+00,  6.2566940714048025e-01,  0.0000000000000000e+00, -5.6867758006126083e-02,  3.2834620336770468e-02,  4.6982108001565512e+00
    14,  4.8469e+00, -2.0000000000000001e-01,  3.1412002931217908e-01,  0.0000000000000000e+00,  3.8300982674531692e-01,  1.7409642391126690e-02,  5.7693670662871864e-02,  0.0000000000000000e+00,  3.8376471740033741e-01,  0.0000000000000000e+00,  1.4723722566065425e+00,  6.2566940714048025e-01,  0.0000000000000000e+00, -5.6867758006126083e-02,  3.2834620336770468e-02,  4.6982108001565512e+00
    15,  4.8469e+00, -2.0000000000000001e-01,  3.1412002931217908e-01,  0.0000000000000000e+00,  3.8300982674531692e-01,  1.7409642391126690e-02,  5.7693670662871864e-02,  0.0000000000000000e+00,  3.1398931423663973e-01,  0.0000000000000000e+00,  1.4723722566065425e+00,  6.2566940714048025e-01,  0.0000000000000000e+00, -5.6867758006126083e-02,  3.2834620336770468e-02,  4.6982108001565512e+00
    16,  4.8469e+00, -2.0000000000000001e-01,  3.1412002931217908e-01,  0.0000000000000000e+00,  3.8300982674531692e-01,  1.7409642391126690e-02,  5.7693670662871864e-02,  0.0000000000000000e+00,  3.4887701581848857e-01,  1.0000000000000000e-02,  1.4723722566065425e+00,  6.2566940714048025e-01,  0.0000000000000000e+00, -5.6867758006126083e-02,  3.2834620336770468e-02,  4.6982108001565512e+00
    17,  4.8470e+00, -2.0000000000000001e-01,  3.1412002931217908e-01,  0.0000000000000000e+00,  3.8300982674531692e-01,  1.7409642391126690e-02,  5.7693670662871864e-02,  0.0000000000000000e+00,  3.4887701581848857e-01, -1.0000000000000000e-02,  1.4723722566065425e+00,  6.2566940714048025e-01,  0.0000000000000000e+00, -5.6867758006126083e-02,  3.2834620336770468e-02,  4.6982108001565512e+00
    18,  4.8470e+00, -2.0000000000000001e-01,  3.1412002931217908e-01,  0.0000000000000000e+00,  3.8300982674531692e-01,  1.7409642391126690e-02,  5.7693670662871864e-02,  0.0000000000000000e+00,  3.4887701581848857e-01,  0.0000000000000000e+00,  1.6196094822671967e+00,  6.2566940714048025e-01,  0.0000000000000000e+00, -5.6867758006126083e-02,  3.2834620336770468e-02,  4.6982108001565512e+00
    19,  4.8470e+00, -2.0000000000000001e-01,  3.1412002931217908e-01,  0.0000000000000000e+00,  3.8300982674531692e-01,  1.7409642391126690e-02,  5.7693670662871864e-02,  0.0000000000000000e+00,  3.4887701581848857e-01,  0.0000000000000000e+00,  1.3251350309458882e+00,  6.2566940714048025e-01,  0.0000000000000000e+00, -5.6867758006126083e-02,  3.2834620336770468e-02,  4.6982108001565512e+00
    20,  4.8470e+00, -2.0000000000000001e-01,  3.1412002931217908e-01,  0.0000000000000000e+00,  3.8300982674531692e-01,  1.7409642391126690e-02,  5.7693670662871864e-02,  0.0000000000000000e+00,  3.4887701581848857e-01,  0.0000000000000000e+00,  1.4723722566065425e+00,  6.8823634785452825e-01,  0.0000000000000000e+00, -5.6867758006126083e-02,  3.2834620336770468e-02,  4.6982108001565512e+00
    21,  4.8471e+00, -2.0000000000000001e-01,  3.1412002931217908e-01,  0.0000000000000000e+00,  3.8300982674531692e-01,  1.7409642391126690e-02,  5.7693670662871864e-02,  0.0000000000000000e+00,  3.4887701581848857e-01,  0.0000000000000000e+00,  1.4723722566065425e+00,  5.6310246642643225e-01,  0.0000000000000000e+00, -5.6867758006126083e-02,  3.2834620336770468e-02,  4.6982108001565512e+00
    22,  4.8471e+00, -2.0000000000000001e-01,  3.1412002931217908e-01,  0.0000000000000000e+00,  3.8300982674531692e-01,  1.7409642391126690e-02,  5.7693670662871864e-02,  0.0000000000000000e+00,  3.4887701581848857e-01,  0.0000000000000000e+00,  1.4723722566065425e+00,  6.2566940714048025e-01,  1.0000000000000000e-02, -5.6867758006126083e-02,  3.2834620336770468e-02,  4.6982108001565512e+00
    23,  4.8471e+00, -2.0000000000000001e-01,  3.1412002931217908e-01,  0.0000000000000000e+00,  3.8300982674531692e-01,  1.7409642391126690e-02,  5.7693670662871864e-02,  0.0000000000000000e+00,  3.4887701581848857e-01,  0.0000000000000000e+00,  1.4723722566065425e+00,  6.2566940714048025e-01, -1.0000000000000000e-02, -5.6867758006126083e-02,  3.2834620336770468e-02,  4.6982108001565512e+00
    24,  4.8471e+00, -2.0000000000000001e-01,  3.1412002931217908e-01,  0.0000000000000000e+00,  3.8300982674531692e-01,  1.7409642391126690e-02,  5.7693670662871864e-02,  0.0000000000000000e+00,  3.4887701581848857e-01,  0.0000000000000000e+00,  1.4723722566065425e+00,  6.2566940714048025e-01,  0.0000000000000000e+00, -4.6867758006126081e-02,  3.2834620336770468e-02,  4.6982108001565512e+00
    25,  4.8472e+00, -2.0000000000000001e-01,  3.1412002931217908e-01,  0.0000000000000000e+00,  3.8300982674531692e-01,  1.7409642391126690e-02,  5.7693670662871864e-02,  0.0000000000000000e+00,  3.4887701581848857e-01,  0.0000000000000000e+00,  1.4723722566065425e+00,  6.2566940714048025e-01,  0.0000000000000000e+00, -6.6867758006126085e-02,  3.2834620336770468e-02,  4.6982108001565512e+00
    26,  4.8472e+00, -2.0000000000000001e-01,  3.1412002931217908e-01,  0.0000000000000000e+00,  3.8300982674531692e-01,  1.7409642391126690e-02,  5.7693670662871864e-02,  0.0000000000000000e+00,  3.4887701581848857e-01,  0.0000000000000000e+00,  1.4723722566065425e+00,  6.2566940714048025e-01,  0.0000000000000000e+00, -5.6867758006126083e-02,  4.2834620336770469e-02,  4.6982108001565512e+00
    27,  4.8472e+00, -2.0000000000000001e-01,  3.1412002931217908e-01,  0.0000000000000000e+00,  3.8300982674531692e-01,  1.7409642391126690e-02,  5.7693670662871864e-02,  0.0000000000000000e+00,  3.4887701581848857e-01,  0.0000000000000000e+00,  1.4723722566065425e+00,  6.2566940714048025e-01,  0.0000000000000000e+00, -5.6867758006126083e-02,  2.2834620336770466e-02,  4.6982108001565512e+00
    28,  4.8472e+00, -2.0000000000000001e-01,  3.1412002931217908e-01,  0.0000000000000000e+00,  3.8300982674531692e-01,  1.7409642391126690e-02,  5.7693670662871864e-02,  0.0000000000000000e+00,  3.4887701581848857e-01,  0.0000000000000000e+00,  1.4723722566065425e+00,  6.2566940714048025e-01,  0.0000000000000000e+00, -5.6867758006126083e-02,  3.2834620336770468e-02,  5.1680318801722063e+00
    29,  4.8473e+00, -2.0000000000000001e-01,  3.1412002931217908e-01,  0.0000000000000000e+00,  3.8300982674531692e-01,  1.7409642391126690e-02,  5.7693670662871864e-02,  0.0000000000000000e+00,  3.4887701581848857e-01,  0.0000000000000000e+00,  1.4723722566065425e+00,  6.2566940714048025e-01,  0.0000000000000000e+00, -5.6867758006126083e-02,  3.2834620336770468e-02,  4.2283897201408962e+00
    30,  9.8346e+00, -2.5759737729402843e-01,  3.4926775135906019e-01, -3.4813983382670249e-02,  3.3213083637370722e-01,  1.6946330370672086e-02,  5.7672551505409037e-02, -2.0650989542720676e-04,  3.3725641808704676e-01,  6.0473853627250130e-03,  1.4607999329455075e+00,  6.3415242093239110e-01, -8.0527048866105913e-03, -5.6566278918424605e-02,  3.2826570317984263e-02,  4.6923770409193848e+00
    31,  9.8347e+00, -3.1484123891492366e-01,  3.4926775135906019e-01, -3.4813983382670249e-02,  3.3213083637370722e-01,  1.6946330370672086e-02,  5.7672551505409037e-02, -2.0650989542720676e-04,  3.3725641808704676e-01,  6.0473853627250130e-03,  1.4607999329455075e+00,  6.3415242093239110e-01, -8.0527048866105913e-03, -5.6566278918424605e-02,  3.2826570317984263e-02,  4.6923770409193848e+00
    32,  9.8347e+00, -2.8621930810447604e-01,  3.8419452649496622e-01, -3.4813983382670249e-02,  3.3213083637370722e-01,  1.6946330370672086e-02,  5.7672551505409037e-02, -2.0650989542720676e-04,  3.3725641808704676e-01,  6.0473853627250130e-03,  1.4607999329455075e+00,  6.3415242093239110e-01, -8.0527048866105913e-03, -5.6566278918424605e-02,  3.2826570317984263e-02,  4.6923770409193848e+00
    33,  9.8347e+00, -2.8621930810447604e-01,  3.1434097622315416e-01, -3.4813983382670249e-02,  3.3213083637370722e-01,  1.6946330370672086e-02,  5.7672551505409037e-02, -2.0650989542720676e-04,  3.3725641808704676e-01,  6.0473853627250130e-03,  1.4607999329455075e+00,  6.3415242093239110e-01, -8.0527048866105913e-03, -5.6566278918424605e-02,  3.2826570317984263e-02,  4.6923770409193848e+00
    34,  9.8348e+00, -2.8621930810447604e-01,  3.4926775135906019e-01, -2.4813983382670247e-02,  3.3213083637370722e-01,  1.6946330370672086e-02,  5.7672551505409037e-02, -2.0650989542720676e-04,  3.3725641808704676e-01,  6.0473853627250130e-03,  1.4607999329455075e+00,  6.3415242093239110e-01, -8.0527048866105913e-03, -5.6566278918424605e-02,  3.2826570317984263e-02,  4.6923770409193848e+00
    35,  9.8348e+00, -2.8621930810447604e-01,  3.4926775135906019e-01, -4.4813983382670251e-02,  3.3213083637370722e-01,  1.6946330370672086e-02,  5.7672551505409037e-02, -2.0650989542720676e-04,  3.3725641808704676e-01,  6.0473853627250130e-03,  1.4607999329455075e+00,  6.3415242093239110e-01, -8.0527048866105913e-03, -5.6566278918424605e-02,  3.2826570317984263e-02,  4.6923770409193848e+00
    36,  9.8348e+00, -2.8621930810447604e-01,  3.4926775135906019e-01, -3.4813983382670249e-02,  3.6534392001107796e-01,  1.6946330370672086e-02,  5.7672551505409037e-02, -2.0650989542720676e-04,  3.3725641808704676e-01,  6.0473853627250130e-03,  1.4607999329455075e+00,  6.3415242093239110e-01, -8.0527048866105913e-03, -5.6566278918424605e-02,  3.2826570317984263e-02,  4.6923770409193848e+00
    37,  9.8348e+00, -2.8621930810447604e-01,  3.4926775135906019e-01, -3.4813983382670249e-02,  2.9891775273633647e-01,  1.6946330370672086e-02,  5.7672551505409037e-02, -2.0650989542720676e-04,  3.3725641808704676e-01,  6.0473853627250130e-03,  1.4607999329455075e+00,  6.3415242093239110e-01, -8.0527048866105913e-03, -5.6566278918424605e-02,  3.2826570317984263e-02,  4.6923770409193848e+00
    38,  9.8349e+00, -2.8621930810447604e-01,  3.4926775135906019e-01, -3.4813983382670249e-02,  3.3213083637370722e-01,  2.6946330370672088e-02,  5.7672551505409037e-02, -2.0650989542720676e-04,  3.3725641808704676e-01,  6.0473853627250130e-03,  1.4607999329455075e+00,  6.3415242093239110e-01, -8.0527048866105913e-03, -5.6566278918424605e-02,  3.2826570317984263e-02,  4.6923770409193848e+00
    39,  9.8349e+00, -2.8621930810447604e-01,  3.4926775135906019e-01, -3.4813983382670249e-02,  3.3213083637370722e-01,  6.9463303706720856e-03,  5.7672551505409037e-02, -2.0650989542720676e-04,  3.3725641808704676e-01,  6.0473853627250130e-03,  1.4607999329455075e+00,  6.3415242093239110e-01, -8.0527048866105913e-03, -5.6566278918424605e-02,  3.2826570317984263e-02,  4.6923770409193848e+00
    40,  9.8349e+00, -2.8621930810447604e-01,  3.4926775135906019e-01, -3.4813983382670249e-02,  3.3213083637370722e-01,  1.6946330370672086e-02,  6.7672551505409032e-02, -2.0650989542720676e-04,  3.3725641808704676e-01,  6.0473853627250130e-03,  1.4607999329455075e+00,  6.3415242093239110e-01, -8.0527048866105913e-03, -5.6566278918424605e-02,  3.2826570317984263e-02,  4.6923770409193848e+00
    41,  9.8349e+00, -2.8621930810447604e-01,  3.4926775135906019e-01, -3.4813983382670249e-02,  3.3213083637370722e-01,  1.6946330370672086e-02,  4.7672551505409035e-02, -2.0650989542720676e-04,  3.3725641808704676e-01,  6.0473853627250130e-03,  1.4607999329455075e+00,  6.3415242093239110e-01, -8.0527048866105913e-03, -5.6566278918424605e-02,  3.2826570317984263e-02,  4.6923770409193848e+00
    42,  9.8350e+00, -2.8621930810447604e-01,  3.4926775135906019e-01, -3.4813983382670249e-02,  3.3213083637370722e-01,  1.6946330370672086e-02,  5.7672551505409037e-02,  9.7934901045727933e-03,  3.3725641808704676e-01,  6.0473853627250130e-03,  1.4607999329455075e+00,  6.3415242093239110e-01, -8.0527048866105913e-03, -5.6566278918424605e-02,  3.2826570317984263e-02,  4.6923770409193848e+00
    43,  9.8350e+00, -2.8621930810447604e-01,  3.4926775135906019e-01, -3.4813983382670249e-02,  3.3213083637370722e-01,  1.6946330370672086e-02,  5.7672551505409037e-02, -1.0206509895427207e-02,  3.3725641808704676e-01,  6.0473853627250130e-03,  1.4607999329455075e+00,  6.3415242093239110e-01, -8.0527048866105913e-03, -5.6566278918424605e-02,  3.2826570317984263e-02,  4.6923770409193848e+00
    44,  9.8350e+00, -2.8621930810447604e-01,  3.4926775135906019e-01, -3.4813983382670249e-02,  3.3213083637370722e-01,  1.6946330370672086e-02,  5.7672551505409037e-02, -2.0650989542720676e-04,  3.7098205989575145e-01,  6.0473853627250130e-03,  1.4607999329455075e+00,  6.3415242093239110e-01, -8.0527048866105913e-03, -5.6566278918424605e-02,  3.2826570317984263e-02,  4.6923770409193848e+00
    45,  9.8351e+00, -2.8621930810447604e-01,  3.4926775135906019e-01, -3.4813983382670249e-02,  3.3213083637370722e-01,  1.6946330370672086e-02,  5.7672551505409037e-02, -2.0650989542720676e-04,  3.0353077627834207e-01,  6.0473853627250130e-03,  1.4607999329455075e+00,  6.3415242093239110e-01, -8.0527048866105913e-03, -5.6566278918424605e-02,  3.2826570317984263e-02,  4.6923770409193848e+00
    46,  9.8351e+00, -2.8621930810447604e-01,  3.4926775135906019e-01, -3.4813983382670249e-02,  3.3213083637370722e-01,  1.6946330370672086e-02,  5.7672551505409037e-02, -2.0650989542720676e-04,  3.3725641808704676e-01,  1.6047385362725014e-02,  1.4607999329455075e+00,  6.3415242093239110e-01, -8.0527048866105913e-03, -5.6566278918424605e-02,  3.2826570317984263e-02,  4.6923770409193848e+00
    47,  9.8351e+00, -2.8621930810447604e-01,  3.4926775135906019e-01, -3.4813983382670249e-02,  3.3213083637370722e-01,  1.6946330370672086e-02,  5.7672551505409037e-02, -2.0650989542720676e-04,  3.3725641808704676e-01, -3.9526146372749872e-03,  1.4607999329455075e+00,  6.3415242093239110e-01, -8.0527048866105913e-03, -5.6566278918424605e-02,  3.2826570317984263e-02,  4.6923770409193848e+00
    48,  9.8351e+00, -2.8621930810447604e-01,  3.4926775135906019e-01, -3.4813983382670249e-02,  3.3213083637370722e-01,  1.6946330370672086e-02,  5.7672551505409037e-02, -2.0650989542720676e-04,  3.3725641808704676e-01,  6.0473853627250130e-03,  1.6068799262400582e+00,  6.3415242093239110e-01, -8.0527048866105913e-03, -5.6566278918424605e-02,  3.2826570317984263e-02,  4.6923770409193848e+00
    49,  9.8352e+00, -2.8621930810447604e-01,  3.4926775135906019e-01, -3.4813983382670249e-02,  3.3213083637370722e-01,  1.6946330370672086e-02,  5.7672551505409037e-02, -2.0650989542720676e-04,  3.3725641808704676e-01,  6.0473853627250130e-03,  1.3147199396509568e+00,  6.3415242093239110e-01, -8.0527048866105913e-03, -5.6566278918424605e-02,  3.2826570317984263e-02,  4.6923770409193848e+00
    50,  9.8352e+00, -2.8621930810447604e-01,  3.4926775135906019e-01, -3.4813983382670249e-02,  3.3213083637370722e-01,  1.6946330370672086e-02,  5.7672551505409037e-02, -2.0650989542720676e-04,  3.3725641808704676e-01,  6.0473853627250130e-03,  1.4607999329455075e+00,  6.9756766302563022e-01, -8.0527048866105913e-03, -5.6566278918424605e-02,  3.2826570317984263e-02,  4.6923770409193848e+00
    51,  9.8352e+00, -2.8621930810447604e-01,  3.4926775135906019e-01, -3.4813983382670249e-02,  3.3213083637370722e-01,  1.6946330370672086e-02,  5.7672551505409037e-02, -2.0650989542720676e-04,  3.3725641808704676e-01,  6.0473853627250130e-03,  1.4607999329455075e+00,  5.7073717883915198e-01, -8.0527048866105913e-03, -5.6566278918424605e-02,  3.2826570317984263e-02,  4.6923770409193848e+00
    52,  9.8352e+00, -2.8621930810447604e-01,  3.4926775135906019e-01, -3.4813983382670249e-02,  3.3213083637370722e-01,  1.6946330370672086e-02,  5.7672551505409037e-02, -2.0650989542720676e-04,  3.3725641808704676e-01,  6.0473853627250130e-03,  1.4607999329455075e+00,  6.3415242093239110e-01,  1.9472951133894089e-03, -5.6566278918424605e-02,  3.2826570317984263e-02,  4.6923770409193848e+00
    53,  9.8353e+00, -2.8621930810447604e-01,  3.4926775135906019e-01, -3.4813983382670249e-02,  3.3213083637370722e-01,  1.6946330370672086e-02,  5.7672551505409037e-02, -2.0650989542720676e-04,  3.3725641808704676e-01,  6.0473853627250130e-03,  1.4607999329455075e+00,  6.3415242093239110e-01, -1.8052704886610593e-02, -5.6566278918424605e-02,  3.2826570317984263e-02,  4.6923770409193848e+00
    54,  9.8353e+00, -2.8621930810447604e-01,  3.4926775135906019e-01, -3.4813983382670249e-02,  3.3213083637370722e-01,  1.6946330370672086e-02,  5.7672551505409037e-02, -2.0650989542720676e-04,  3.3725641808704676e-01,  6.0473853627250130e-03,  1.4607999329455075e+00,  6.3415242093239110e-01, -8.0527048866105913e-03, -4.6566278918424603e-02,  3.2826570317984263e-02,  4.6923770409193848e+00
    55,  9.8353e+00, -2.8621930810447604e-01,  3.4926775135906019e-01, -3.4813983382670249e-02,  3.3213083637370722e-01,  1.6946330370672086e-02,  5.7672551505409037e-02, -2.0650989542720676e-04,  3.3725641808704676e-01,  6.0473853627250130e-03,  1.4607999329455075e+00,  6.3415242093239110e-01, -8.0527048866105913e-03, -6.6566278918424607e-02,  3.2826570317984263e-02,  4.6923770409193848e+00
    56,  9.8353e+00, -2.8621930810447604e-01,  3.4926775135906019e-01, -3.4813983382670249e-02,  3.3213083637370722e-01,  1.6946330370672086e-02,  5.7672551505409037e-02, -2.0650989542720676e-04,  3.3725641808704676e-01,  6.0473853627250130e-03,  1.4607999329455075e+00,  6.3415242093239110e-01, -8.0527048866105913e-03, -5.6566278918424605e-02,  4.2826570317984265e-02,  4.6923770409193848e+00
    57,  9.8354e+00, -2.8621930810447604e-01,  3.4926775135906019e-01, -3.4813983382670249e-02,  3.3213083637370722e-01,  1.6946330370672086e-02,  5.7672551505409037e-02, -2.0650989542720676e-04,  3.3725641808704676e-01,  6.0473853627250130e-03,  1.4607999329455075e+00,  6.3415242093239110e-01, -8.0527048866105913e-03, -5.6566278918424605e-02,  2.2826570317984261e-02,  4.6923770409193848e+00
    58,  9.8354e+00, -2.8621930810447604e-01,  3.4926775135906019e-01, -3.4813983382670249e-02,  3.3213083637370722e-01,  1.6946330370672086e-02,  5.7672551505409037e-02, -2.0650989542720676e-04,  3.3725641808704676e-01,  6.0473853627250130e-03,  1.4607999329455075e+00,  6.3415242093239110e-01, -8.0527048866105913e-03, -5.6566278918424605e-02,  3.2826570317984263e-02,  5.1616147450113230e+00
    59,  9.8354e+00, -2.8621930810447604e-01,  3.4926775135906019e-01, -3.4813983382670249e-02,  3.3213083637370722e-01,  1.6946330370672086e-02,  5.7672551505409037e-02, -2.0650989542720676e-04,  3.3725641808704676e-01,  6.0473853627250130e-03,  1.4607999329455075e+00,  6.3415242093239110e-01, -8.0527048866105913e-03, -5.6566278918424605e-02,  3.2826570317984263e-02,  4.2231393368274466e+00
    60,  1.4549e+01, -2.2726213810725956e-01,  2.9409576583769192e-01, -2.8396062359661169e-02,  3.1513220058442343e-01,  1.4838222512568279e-02,  5.6896024357424677e-02, -1.0928613375987850e-03,  2.9114464780394234e-01,  1.9616913166284000e-02,  1.4025048100080602e+00,  6.6794083429144868e-01, -1.6243369295117247e-02, -5.6401816362175568e-02,  3.1102522765474563e-02,  4.6535178729703386e+00
    61,  1.4549e+01, -2.7776483546442837e-01,  2.9409576583769192e-01, -2.8396062359661169e-02,  3.1513220058442343e-01,  1.4838222512568279e-02,  5.6896024357424677e-02, -1.0928613375987850e-03,  2.9114464780394234e-01,  1.9616913166284000e-02,  1.4025048100080602e+00,  6.6794083429144868e-01, -1.6243369295117247e-02, -5.6401816362175568e-02,  3.1102522765474563e-02,  4.6535178729703386e+00
    62,  1.4549e+01, -2.5251348678584395e-01,  3.2350534242146112e-01, -2.8396062359661169e-02,  3.1513220058442343e-01,  1.4838222512568279e-02,  5.6896024357424677e-02, -1.0928613375987850e-03,  2.9114464780394234e-01,  1.9616913166284000e-02,  1.4025048100080602e+00,  6.6794083429144868e-01, -1.6243369295117247e-02, -5.6401816362175568e-02,  3.1102522765474563e-02,  4.6535178729703386e+00
    63,  1.4549e+01, -2.5251348678584395e-01,  2.6468618925392273e-01, -2.8396062359661169e-02,  3.1513220058442343e-01,  1.4838222512568279e-02,  5.6896024357424677e-02, -1.0928613375987850e-03,  2.9114464780394234e-01,  1.9616913166284000e-02,  1.4025048100080602e+00,  6.6794083429144868e-01, -1.6243369295117247e-02, -5.6401816362175568e-02,  3.1102522765474563e-02,  4.6535178729703386e+00
    64,  1.4549e+01, -2.5251348678584395e-01,  2.9409576583769192e-01, -1.8396062359661167e-02,  3.1513220058442343e-01,  1.4838222512568279e-02,  5.6896024357424677e-02, -1.0928613375987850e-03,  2.9114464780394234e-01,  1.9616913166284000e-02,  1.4025048100080602e+00,  6.6794083429144868e-01, -1.6243369295117247e-02, -5.6401816362175568e-02,  3.1102522765474563e-02,  4.6535178729703386e+00
    65,  1.4549e+01, -2.5251348678584395e-01,  2.9409576583769192e-01, -3.8396062359661171e-02,  3.1513220058442343e-01,  1.4838222512568279e-02,  5.6896024357424677e-02, -1.0928613375987850e-03,  2.9114464780394234e-01,  1.9616913166284000e-02,  1.4025048100080602e+00,  6.6794083429144868e-01, -1.6243369295117247e-02, -5.6401816362175568e-02,  3.1102522765474563e-02,  4.6535178729703386e+00
    66,  1.4549e+01, -2.5251348678584395e-01,  2.9409576583769192e-01, -2.8396062359661169e-02,  3.4664542064286574e-01,  1.4838222512568279e-02,  5.6896024357424677e-02, -1.0928613375987850e-03,  2.9114464780394234e-01,  1.9616913166284000e-02,  1.4025048100080602e+00,  6.6794083429144868e-01, -1.6243369295117247e-02, -5.6401816362175568e-02,  3.1102522765474563e-02,  4.6535178729703386e+00
    67,  1.4549e+01, -2.5251348678584395e-01,  2.9409576583769192e-01, -2.8396062359661169e-02,  2.8361898052598111e-01,  1.4838222512568279e-02,  5.6896024357424677e-02, -1.0928613375987850e-03,  2.9114464780394234e-01,  1.9616913166284000e-02,  1.4025048100080602e+00,  6.6794083429144868e-01, -1.6243369295117247e-02, -5.6401816362175568e-02,  3.1102522765474563e-02,  4.6535178729703386e+00
    68,  1.4549e+01, -2.5251348678584395e-01,  2.9409576583769192e-01, -2.8396062359661169e-02,  3.1513220058442343e-01,  2.4838222512568280e-02,  5.6896024357424677e-02, -1.0928613375987850e-03,  2.9114464780394234e-01,  1.9616913166284000e-02,  1.4025048100080602e+00,  6.6794083429144868e-01, -1.6243369295117247e-02, -5.6401816362175568e-02,  3.1102522765474563e-02,  4.6535178729703386e+00
    69,  1.4549e+01, -2.5251348678584395e-01,  2.9409576583769192e-01, -2.8396062359661169e-02,  3.1513220058442343e-01,  4.8382225125682791e-03,  5.6896024357424677e-02, -1.0928613375987850e-03,  2.9114464780394234e-01,  1.9616913166284000e-02,  1.4025048100080602e+00,  6.6794083429144868e-01, -1.6243369295117247e-02, -5.6401816362175568e-02,  3.1102522765474563e-02,  4.6535178729703386e+00
    70,  1.4549e+01, -2.5251348678584395e-01,  2.9409576583769192e-01, -2.8396062359661169e-02,  3.1513220058442343e-01,  1.4838222512568279e-02,  6.6896024357424672e-02, -1.0928613375987850e-03,  2.9114464780394234e-01,  1.9616913166284000e-02,  1.4025048100080602e+00,  6.6794083429144868e-01, -1.6243369295117247e-02, -5.6401816362175568e-02,  3.1102522765474563e-02,  4.6535178729703386e+00
    71,  1.4549e+01, -2.5251348678584395e-01,  2.9409576583769192e-01, -2.8396062359661169e-02,  3.1513220058442343e-01,  1.4838222512568279e-02,  4.6896024357424675e-02, -1.0928613375987850e-03,  2.9114464780394234e-01,  1.9616913166284000e-02,  1.4025048100080602e+00,  6.6794083429144868e-01, -1.6243369295117247e-02, -5.6401816362175568e-02,  3.1102522765474563e-02,  4.6535178729703386e+00
    72,  1.4549e+01, -2.5251348678584395e-01,  2.9409576583769192e-01, -2.8396062359661169e-02,  3.1513220058442343e-01,  1.4838222512568279e-02,  5.6896024357424677e-02,  8.9071386624012157e-03,  2.9114464780394234e-01,  1.9616913166284000e-02,  1.4025048100080602e+00,  6.6794083429144868e-01, -1.6243369295117247e-02, -5.6401816362175568e-02,  3.1102522765474563e-02,  4.6535178729703386e+00
    73,  1.4549e+01, -2.5251348678584395e-01,  2.9409576583769192e-01, -2.8396062359661169e-02,  3.1513220058442343e-01,  1.4838222512568279e-02,  5.6896024357424677e-02, -1.1092861337598785e-02,  2.9114464780394234e-01,  1.9616913166284000e-02,  1.4025048100080602e+00,  6.6794083429144868e-01, -1.6243369295117247e-02, -5.6401816362175568e-02,  3.1102522765474563e-02,  4.6535178729703386e+00
    74,  1.4549e+01, -2.5251348678584395e-01,  2.9409576583769192e-01, -2.8396062359661169e-02,  3.1513220058442343e-01,  1.4838222512568279e-02,  5.6896024357424677e-02, -1.0928613375987850e-03,  3.2025911258433659e-01,  1.9616913166284000e-02,  1.4025048100080602e+00,  6.6794083429144868e-01, -1.6243369295117247e-02, -5.6401816362175568e-02,  3.1102522765474563e-02,  4.6535178729703386e+00
    75,  1.4549e+01, -2.5251348678584395e-01,  2.9409576583769192e-01, -2.8396062359661169e-02,  3.1513220058442343e-01,  1.4838222512568279e-02,  5.6896024357424677e-02, -1.0928613375987850e-03,  2.6203018302354808e-01,  1.9616913166284000e-02,  1.4025048100080602e+00,  6.6794083429144868e-01, -1.6243369295117247e-02, -5.6401816362175568e-02,  3.1102522765474563e-02,  4.6535178729703386e+00
    76,  1.4549e+01, -2.5251348678584395e-01,  2.9409576583769192e-01, -2.8396062359661169e-02,  3.1513220058442343e-01,  1.4838222512568279e-02,  5.6896024357424677e-02, -1.0928613375987850e-03,  2.9114464780394234e-01,  2.9616913166284002e-02,  1.4025048100080602e+00,  6.6794083429144868e-01, -1.6243369295117247e-02, -5.6401816362175568e-02,  3.1102522765474563e-02,  4.6535178729703386e+00
    77,  1.4549e+01, -2.5251348678584395e-01,  2.9409576583769192e-01, -2.8396062359661169e-02,  3.1513220058442343e-01,  1.4838222512568279e-02,  5.6896024357424677e-02, -1.0928613375987850e-03,  2.9114464780394234e-01,  9.6169131662840000e-03,  1.4025048100080602e+00,  6.6794083429144868e-01, -1.6243369295117247e-02, -5.6401816362175568e-02,  3.1102522765474563e-02,  4.6535178729703386e+00
    78,  1.4549e+01, -2.5251348678584395e-01,  2.9409576583769192e-01, -2.8396062359661169e-02,  3.1513220058442343e-01,  1.4838222512568279e-02,  5.6896024357424677e-02, -1.0928613375987850e-03,  2.9114464780394234e-01,  1.9616913166284000e-02,  1.5427552910088662e+00,  6.6794083429144868e-01, -1.6243369295117247e-02, -5.6401816362175568e-02,  3.1102522765474563e-02,  4.6535178729703386e+00
    79,  1.4549e+01, -2.5251348678584395e-01,  2.9409576583769192e-01, -2.8396062359661169e-02,  3.1513220058442343e-01,  1.4838222512568279e-02,  5.6896024357424677e-02, -1.0928613375987850e-03,  2.9114464780394234e-01,  1.9616913166284000e-02,  1.2622543290072541e+00,  6.6794083429144868e-01, -1.6243369295117247e-02, -5.6401816362175568e-02,  3.1102522765474563e-02,  4.6535178729703386e+00
    80,  1.4549e+01, -2.5251348678584395e-01,  2.9409576583769192e-01, -2.8396062359661169e-02,  3.1513220058442343e-01,  1.4838222512568279e-02,  5.6896024357424677e-02, -1.0928613375987850e-03,  2.9114464780394234e-01,  1.9616913166284000e-02,  1.4025048100080602e+00,  7.3473491772059352e-01, -1.6243369295117247e-02, -5.6401816362175568e-02,  3.1102522765474563e-02,  4.6535178729703386e+00
    81,  1.4549e+01, -2.5251348678584395e-01,  2.9409576583769192e-01, -2.8396062359661169e-02,  3.1513220058442343e-01,  1.4838222512568279e-02,  5.6896024357424677e-02, -1.0928613375987850e-03,  2.9114464780394234e-01,  1.9616913166284000e-02,  1.4025048100080602e+00,  6.0114675086230385e-01, -1.6243369295117247e-02, -5.6401816362175568e-02,  3.1102522765474563e-02,  4.6535178729703386e+00
    82,  1.4549e+01, -2.5251348678584395e-01,  2.9409576583769192e-01, -2.8396062359661169e-02,  3.1513220058442343e-01,  1.4838222512568279e-02,  5.6896024357424677e-02, -1.0928613375987850e-03,  2.9114464780394234e-01,  1.9616913166284000e-02,  1.4025048100080602e+00,  6.6794083429144868e-01, -6.2433692951172470e-03, -5.6401816362175568e-02,  3.1102522765474563e-02,  4.6535178729703386e+00
    83,  1.4549e+01, -2.5251348678584395e-01,  2.9409576583769192e-01, -2.8396062359661169e-02,  3.1513220058442343e-01,  1.4838222512568279e-02,  5.6896024357424677e-02, -1.0928613375987850e-03,  2.9114464780394234e-01,  1.9616913166284000e-02,  1.4025048100080602e+00,  6.6794083429144868e-01, -2.6243369295117246e-02, -5.6401816362175568e-02,  3.1102522765474563e-02,  4.6535178729703386e+00
    84,  1.4549e+01, -2.5251348678584395e-01,  2.9409576583769192e-01, -2.8396062359661169e-02,  3.1513220058442343e-01,  1.4838222512568279e-02,  5.6896024357424677e-02, -1.0928613375987850e-03,  2.9114464780394234e-01,  1.9616913166284000e-02,  1.4025048100080602e+00,  6.6794083429144868e-01, -1.6243369295117247e-02, -4.6401816362175566e-02,  3.1102522765474563e-02,  4.6535178729703386e+00
    85,  1.4549e+01, -2.5251348678584395e-01,  2.9409576583769192e-01, -2.8396062359661169e-02,  3.1513220058442343e-01,  1.4838222512568279e-02,  5.6896024357424677e-02, -1.0928613375987850e-03,  2.9114464780394234e-01,  1.9616913166284000e-02,  1.4025048100080602e+00,  6.6794083429144868e-01, -1.6243369295117247e-02, -6.6401816362175570e-02,  3.1102522765474563e-02,  4.6535178729703386e+00
    86,  1.4549e+01, -2.5251348678584395e-01,  2.9409576583769192e-01, -2.8396062359661169e-02,  3.1513220058442343e-01,  1.4838222512568279e-02,  5.6896024357424677e-02, -1.0928613375987850e-03,  2.9114464780394234e-01,  1.9616913166284000e-02,  1.4025048100080602e+00,  6.6794083429144868e-01, -1.6243369295117247e-02, -5.6401816362175568e-02,  4.1102522765474561e-02,  4.6535178729703386e+00
    87,  1.4549e+01, -2.5251348678584395e-01,  2.9409576583769192e-01, -2.8396062359661169e-02,  3.1513220058442343e-01,  1.4838222512568279e-02,  5.6896024357424677e-02, -1.0928613375987850e-03,  2.9114464780394234e-01,  1.9616913166284000e-02,  1.4025048100080602e+00,  6.6794083429144868e-01, -1.6243369295117247e-02, -5.6401816362175568e-02,  2.1102522765474564e-02,  4.6535178729703386e+00
    88,  1.4549e+01, -2.5251348678584395e-01,  2.9409576583769192e-01, -2.8396062359661169e-02,  3.1513220058442343e-01,  1.4838222512568279e-02,  5.6896024357424677e-02, -1.0928613375987850e-03,  2.9114464780394234e-01,  1.9616913166284000e-02,  1.4025048100080602e+00,  6.6794083429144868e-01, -1.6243369295117247e-02, -5.6401816362175568e-02,  3.1102522765474563e-02,  5.1188696602673724e+00
    89,  1.4549e+01, -2.5251348678584395e-01,  2.9409576583769192e-01, -2.8396062359661169e-02,  3.1513220058442343e-01,  1.4838222512568279e-02,  5.6896024357424677e-02, -1.0928613375987850e-03,  2.9114464780394234e-01,  1.9616913166284000e-02,  1.4025048100080602e+00,  6.6794083429144868e-01, -1.6243369295117247e-02, -5.6401816362175568e-02,  3.1102522765474563e-02,  4.1881660856733047e+00
    90,  1.9584e+01, -2.2850381498587419e-01,  2.9482268096634845e-01, -2.5234126677321368e-02,  3.1558381524384022e-01,  1.4834930443338874e-02,  5.6895499128525998e-02, -1.0925530511885541e-03,  2.9109717103939553e-01,  1.9612158935585152e-02,  1.4024293959868441e+00,  6.6796287804809518e-01, -1.6218433124798839e-02, -5.6401729340330546e-02,  3.1101835716464476e-02,  4.6534976786841193e+00
    91,  1.9584e+01, -2.7928244053829071e-01,  2.9482268096634845e-01, -2.5234126677321368e-02,  3.1558381524384022e-01,  1.4834930443338874e-02,  5.6895499128525998e-02, -1.0925530511885541e-03,  2.9109717103939553e-01,  1.9612158935585152e-02,  1.4024293959868441e+00,  6.6796287804809518e-01, -1.6218433124798839e-02, -5.6401729340330546e-02,  3.1101835716464476e-02,  4.6534976786841193e+00
    92,  1.9584e+01, -2.5389312776208245e-01,  3.2430494906298329e-01, -2.5234126677321368e-02,  3.1558381524384022e-01,  1.4834930443338874e-02,  5.6895499128525998e-02, -1.0925530511885541e-03,  2.9109717103939553e-01,  1.9612158935585152e-02,  1.4024293959868441e+00,  6.6796287804809518e-01, -1.6218433124798839e-02, -5.6401729340330546e-02,  3.1101835716464476e-02,  4.6534976786841193e+00
    93,  1.9584e+01, -2.5389312776208245e-01,  2.6534041286971360e-01, -2.5234126677321368e-02,  3.1558381524384022e-01,  1.4834930443338874e-02,  5.6895499128525998e-02, -1.0925530511885541e-03,  2.9109717103939553e-01,  1.9612158935585152e-02,  1.4024293959868441e+00,  6.6796287804809518e-01, -1.6218433124798839e-02, -5.6401729340330546e-02,  3.1101835716464476e-02,  4.6534976786841193e+00
    94,  1.9584e+01, -2.5389312776208245e-01,  2.9482268096634845e-01, -1.5234126677321368e-02,  3.1558381524384022e-01,  1.4834930443338874e-02,  5.6895499128525998e-02, -1.0925530511885541e-03,  2.9109717103939553e-01,  1.9612158935585152e-02,  1.4024293959868441e+00,  6.6796287804809518e-01, -1.6218433124798839e-02, -5.6401729340330546e-02,  3.1101835716464476e-02,  4.6534976786841193e+00
    95,  1.9584e+01, -2.5389312776208245e-01,  2.9482268096634845e-01, -3.5234126677321370e-02,  3.1558381524384022e-01,  1.4834930443338874e-02,  5.6895499128525998e-02, -1.0925530511885541e-03,  2.9109717103939553e-01,  1.9612158935585152e-02,  1.4024293959868441e+00,  6.6796287804809518e-01, -1.6218433124798839e-02, -5.6401729340330546e-02,  3.1101835716464476e-02,  4.6534976786841193e+00
    96,  1.9584e+01, -2.5389312776208245e-01,  2.9482268096634845e-01, -2.5234126677321368e-02,  3.4714219676822422e-01,  1.4834930443338874e-02,  5.6895499128525998e-02, -1.0925530511885541e-03,  2.9109717103939553e-01,  1.9612158935585152e-02,  1.4024293959868441e+00,  6.6796287804809518e-01, -1.6218433124798839e-02, -5.6401729340330546e-02,  3.1101835716464476e-02,  4.6534976786841193e+00
    97,  1.9585e+01, -2.5389312776208245e-01,  2.9482268096634845e-01, -2.5234126677321368e-02,  2.8402543371945621e-01,  1.4834930443338874e-02,  5.6895499128525998e-02, -1.0925530511885541e-03,  2.9109717103939553e-01,  1.9612158935585152e-02,  1.4024293959868441e+00,  6.6796287804809518e-01, -1.6218433124798839e-02, -5.6401729340330546e-02,  3.1101835716464476e-02,  4.6534976786841193e+00
    98,  1.9585e+01, -2.5389312776208245e-01,  2.9482268096634845e-01, -2.5234126677321368e-02,  3.1558381524384022e-01,  2.4834930443338874e-02,  5.6895499128525998e-02, -1.0925530511885541e-03,  2.9109717103939553e-01,  1.9612158935585152e-02,  1.4024293959868441e+00,  6.6796287804809518e-01, -1.6218433124798839e-02, -5.6401729340330546e-02,  3.1101835716464476e-02,  4.6534976786841193e+00
    99,  1.9585e+01, -2.5389312776208245e-01,  2.9482268096634845e-01, -2.5234126677321368e-02,  3.1558381524384022e-01,  4.8349304433388737e-03,  5.6895499128525998e-02, -1.0925530511885541e-03,  2.9109717103939553e-01,  1.9612158935585152e-02,  1.4024293959868441e+00,  6.6796287804809518e-01, -1.6218433124798839e-02, -5.6401729340330546e-02,  3.1101835716464476e-02,  4.6534976786841193e+00
   100,  1.9585e+01, -2.5389312776208245e-01,  2.9482268096634845e-01, -2.5234126677321368e-02,  3.1558381524384022e-01,  1.4834930443338874e-02,  6.6895499128525993e-02, -1.0925530511885541e-03,  2.9109717103939553e-01,  1.9612158935585152e-02,  1.4024293959868441e+00,  6.6796287804809518e-01, -1.6218433124798839e-02, -5.6401729340330546e-02,  3.1101835716464476e-02,  4.6534976786841193e+00
   101,  1.9585e+01, -2.5389312776208245e-01,  2.9482268096634845e-01, -2.5234126677321368e-02,  3.1558381524384022e-01,  1.4834930443338874e-02,  4.6895499128525996e-02, -1.0925530511885541e-03,  2.9109717103939553e-01,  1.9612158935585152e-02,  1.4024293959868441e+00,  6.6796287804809518e-01, -1.6218433124798839e-02, -5.6401729340330546e-02,  3.1101835716464476e-02,  4.6534976786841193e+00
   102,  1.9585e+01, -2.5389312776208245e-01,  2.9482268096634845e-01, -2.5234126677321368e-02,  3.1558381524384022e-01,  1.4834930443338874e-02,  5.6895499128525998e-02,  8.9074469488114455e-03,  2.9109717103939553e-01,  1.9612158935585152e-02,  1.4024293959868441e+00,  6.6796287804809518e-01, -1.6218433124798839e-02, -5.6401729340330546e-02,  3.1101835716464476e-02,  4.6534976786841193e+00
   103,  1.9585e+01, -2.5389312776208245e-01,  2.9482268096634845e-01, -2.5234126677321368e-02,  3.1558381524384022e-01,  1.4834930443338874e-02,  5.6895499128525998e-02, -1.1092553051188555e-02,  2.9109717103939553e-01,  1.9612158935585152e-02,  1.4024293959868441e+00,  6.6796287804809518e-01, -1.6218433124798839e-02, -5.6401729340330546e-02,  3.1101835716464476e-02,  4.6534976786841193e+00
   104,  1.9585e+01, -2.5389312776208245e-01,  2.9482268096634845e-01, -2.5234126677321368e-02,  3.1558381524384022e-01,  1.4834930443338874e-02,  5.6895499128525998e-02, -1.0925530511885541e-03,  3.2020688814333509e-01,  1.9612158935585152e-02,  1.4024293959868441e+00,  6.6796287804809518e-01, -1.6218433124798839e-02, -5.6401729340330546e-02,  3.1101835716464476e-02,  4.6534976786841193e+00
   105,  1.9585e+01, -2.5389312776208245e-01,  2.9482268096634845e-01, -2.5234126677321368e-02,  3.1558381524384022e-01,  1.4834930443338874e-02,  5.6895499128525998e-02, -1.0925530511885541e-03,  2.6198745393545597e-01,  1.9612158935585152e-02,  1.4024293959868441e+00,  6.6796287804809518e-01, -1.6218433124798839e-02, -5.6401729340330546e-02,  3.1101835716464476e-02,  4.6534976786841193e+00
   106,  1.9585e+01, -2.5389312776208245e-01,  2.9482268096634845e-01, -2.5234126677321368e-02,  3.1558381524384022e-01,  1.4834930443338874e-02,  5.6895499128525998e-02, -1.0925530511885541e-03,  2.9109717103939553e-01,  2.9612158935585151e-02,  1.4024293959868441e+00,  6.6796287804809518e-01, -1.6218433124798839e-02, -5.6401729340330546e-02,  3.1101835716464476e-02,  4.6534976786841193e+00
   107,  1.9585e+01, -2.5389312776208245e-01,  2.9482268096634845e-01, -2.5234126677321368e-02,  3.1558381524384022e-01,  1.4834930443338874e-02,  5.6895499128525998e-02, -1.0925530511885541e-03,  2.9109717103939553e-01,  9.6121589355851519e-03,  1.4024293959868441e+00,  6.6796287804809518e-01, -1.6218433124798839e-02, -5.6401729340330546e-02,  3.1101835716464476e-02,  4.6534976786841193e+00
   108,  1.9585e+01, -2.5389312776208245e-01,  2.9482268096634845e-01, -2.5234126677321368e-02,  3.1558381524384022e-01,  1.4834930443338874e-02,  5.6895499128525998e-02, -1.0925530511885541e-03,  2.9109717103939553e-01,  1.9612158935585152e-02,  1.5426723355855285e+00,  6.6796287804809518e-01, -1.6218433124798839e-02, -5.6401729340330546e-02,  3.1101835716464476e-02,  4.6534976786841193e+00
   109,  1.9585e+01, -2.5389312776208245e-01,  2.9482268096634845e-01, -2.5234126677321368e-02,  3.1558381524384022e-01,  1.4834930443338874e-02,  5.6895499128525998e-02, -1.0925530511885541e-03,  2.9109717103939553e-01,  1.9612158935585152e-02,  1.2621864563881597e+00,  6.6796287804809518e-01, -1.6218433124798839e-02, -5.6401729340330546e-02,  3.1101835716464476e-02,  4.6534976786841193e+00
   110,  1.9585e+01, -2.5389312776208245e-01,  2.9482268096634845e-01, -2.5234126677321368e-02,  3.1558381524384022e-01,  1.4834930443338874e-02,  5.6895499128525998e-02, -1.0925530511885541e-03,  2.9109717103939553e-01,  1.9612158935585152e-02,  1.4024293959868441e+00,  7.3475916585290468e-01, -1.6218433124798839e-02, -5.6401729340330546e-02,  3.1101835716464476e-02,  4.6534976786841193e+00
   111,  1.9585e+01, -2.5389312776208245e-01,  2.9482268096634845e-01, -2.5234126677321368e-02,  3.1558381524384022e-01,  1.4834930443338874e-02,  5.6895499128525998e-02, -1.0925530511885541e-03,  2.9109717103939553e-01,  1.9612158935585152e-02,  1.4024293959868441e+00,  6.0116659024328567e-01, -1.6218433124798839e-02, -5.6401729340330546e-02,  3.1101835716464476e-02,  4.6534976786841193e+00
   112,  1.9585e+01, -2.5389312776208245e-01,  2.9482268096634845e-01, -2.5234126677321368e-02,  3.1558381524384022e-01,  1.4834930443338874e-02,  5.6895499128525998e-02, -1.0925530511885541e-03,  2.9109717103939553e-01,  1.9612158935585152e-02,  1.4024293959868441e+00,  6.6796287804809518e-01, -6.2184331247988386e-03, -5.6401729340330546e-02,  3.1101835716464476e-02,  4.6534976786841193e+00
   113,  1.9585e+01, -2.5389312776208245e-01,  2.9482268096634845e-01, -2.5234126677321368e-02,  3.1558381524384022e-01,  1.4834930443338874e-02,  5.6895499128525998e-02, -1.0925530511885541e-03,  2.9109717103939553e-01,  1.9612158935585152e-02,  1.4024293959868441e+00,  6.6796287804809518e-01, -2.6218433124798837e-02, -5.6401729340330546e-02,  3.1101835716464476e-02,  4.6534976786841193e+00
   114,  1.9585e+01, -2.5389312776208245e-01,  2.9482268096634845e-01, -2.5234126677321368e-02,  3.1558381524384022e-01,  1.4834930443338874e-02,  5.6895499128525998e-02, -1.0925530511885541e-03,  2.9109717103939553e-01,  1.9612158935585152e-02,  1.4024293959868441e+00,  6.6796287804809518e-01, -1.6218433124798839e-02, -4.6401729340330544e-02,  3.1101835716464476e-02,  4.6534976786841193e+00
   115,  1.9585e+01, -2.5389312776208245e-01,  2.9482268096634845e-01, -2.5234126677321368e-02,  3.1558381524384022e-01,  1.4834930443338874e-02,  5.6895499128525998e-02, -1.0925530511885541e-03,  2.9109717103939553e-01,  1.9612158935585152e-02,  1.4024293959868441e+00,  6.6796287804809518e-01, -1.6218433124798839e-02, -6.6401729340330548e-02,  3.1101835716464476e-02,  4.6534976786841193e+00
   116,  1.9585e+01, -2.5389312776208245e-01,  2.9482268096634845e-01, -2.5234126677321368e-02,  3.1558381524384022e-01,  1.4834930443338874e-02,  5.6895499128525998e-02, -1.0925530511885541e-03,  2.9109717103939553e-01,  1.9612158935585152e-02,  1.4024293959868441e+00,  6.6796287804809518e-01, -1.6218433124798839e-02, -5.6401729340330546e-02,  4.1101835716464474e-02,  4.6534976786841193e+00
   117,  1.9585e+01, -2.5389312776208245e-01,  2.9482268096634845e-01, -2.5234126677321368e-02,  3.1558381524384022e-01,  1.4834930443338874e-02,  5.6895499128525998e-02, -1.0925530511885541e-03,  2.9109717103939553e-01,  1.9612158935585152e-02,  1.4024293959868441e+00,  6.6796287804809518e-01, -1.6218433124798839e-02, -5.6401729340330546e-02,  2.1101835716464477e-02,  4.6534976786841193e+00
   118,  1.9585e+01, -2.5389312776208245e-01,  2.9482268096634845e-01, -2.5234126677321368e-02,  3.1558381524384022e-01,  1.4834930443338874e-02,  5.6895499128525998e-02, -1.0925530511885541e-03,  2.9109717103939553e-01,  1.9612158935585152e-02,  1.4024293959868441e+00,  6.6796287804809518e-01, -1.6218433124798839e-02, -5.6401729340330546e-02,  3.1101835716464476e-02,  5.1188474465525315e+00
   119,  1.9585e+01, -2.5389312776208245e-01,  2.9482268096634845e-01, -2.5234126677321368e-02,  3.1558381524384022e-01,  1.4834930443338874e-02,  5.6895499128525998e-02, -1.0925530511885541e-03,  2.9109717103939553e-01,  1.9612158935585152e-02,  1.4024293959868441e+00,  6.6796287804809518e-01, -1.6218433124798839e-02, -5.6401729340330546e-02,  3.1101835716464476e-02,  4.1881479108157071e+00
