Problem type:
least_squares
nparams:
15
function_evaluation,seconds,x(0),x(1),x(2),x(3),x(4),x(5),x(6),x(7),x(8),x(9),x(10),x(11),x(12),x(13),x(14),objective_function
     0,  1.4727e-01, -2.5389312776208245e-01,  2.9482268096634845e-01, -2.5234126677321368e-02,  3.1558381524384022e-01,  1.4834930443338874e-02,  5.6895499128525998e-02, -1.0925530511885541e-03,  2.9109717103939553e-01,  1.9612158935585152e-02,  1.4024293959868441e+00,  6.6796287804809518e-01, -1.6218433124798839e-02, -5.6401729340330546e-02,  3.1101835716464476e-02,  4.6534976786841193e+00,  1.7001445442623077e+04
     1,  4.8661e+00, -2.5292372230224619e-01,  2.5299197373020715e-01, -3.5838047935914066e-02,  4.6772014562154041e-01,  1.2794898944240225e-02,  4.0471462530504945e-02, -5.6941258203077112e-02,  5.6360723222553011e-01, -2.1639859094756582e+00,  8.1341832401288672e-02,  1.7219665263605983e+00,  2.6678729346589408e-01,  6.6087606927753673e-02,  5.9840349751867625e-02,  1.9547446139539435e+00,  3.9272045529139915e+05
     2,  5.0293e+00, -2.5773534695289407e-01,  2.9124690363047046e-01, -3.2163317250455820e-02,  3.3570243649354436e-01, -3.6984532071351519e-03,  5.2764769631761015e-02, -4.8599532798327388e-03,  1.4391477628514227e-03, -3.1285946421684807e-01,  9.5206542011305473e-01,  8.4151110242121741e-01,  3.6579257325067416e-01, -4.8434315400030528e-02,  3.5391188182973127e-02,  4.0453207591975620e+00,  1.5992483301296976e+04
     3,  9.9647e+00, -2.6604445169749696e-01,  3.1981750560738653e-01, -2.7367716508270599e-02,  4.2801012952759732e-01, -1.2568718791563065e-02,  4.6793159232489973e-02, -1.3354578478066067e-02,  4.1922312735772077e-01, -8.6741564960831108e-01,  7.1675216481968318e-01,  1.2923680471215251e+00,  3.3199422646588866e-01, -5.4950526927756919e-02,  5.7695921710544718e-02,  3.6070101206850000e+00,  1.7420539901161210e+04
     4,  1.0116e+01, -2.6852633558296224e-01,  3.1884654387654737e-01, -2.7286017345601595e-02,  4.0134756355845125e-01, -5.1352132146327877e-03,  4.3795880541878468e-02, -2.4036651337119019e-03,  7.2510385003493244e-02, -4.3296743757079870e-01,  9.2316886784215624e-01,  9.6945677559580412e-01,  3.9351922546253576e-01, -5.1316188275272831e-02,  3.8169159266272512e-02,  3.9178779829419401e+00,  1.7369822280917877e+04
     5,  1.0273e+01, -2.6889894092069538e-01,  3.1706053561169645e-01, -2.7324953689026127e-02,  3.8833565539763465e-01, -3.8817634819972588e-03,  5.2227171334093880e-02, -4.6140140415065461e-03,  4.4205050769768849e-03, -3.1852799505057400e-01,  9.5143215641836332e-01,  8.4781905519154699e-01,  3.6863663163743599e-01, -4.8595073369408055e-02,  3.5545868442651556e-02,  4.0416253055848159e+00,  1.7101028382641514e+04
     6,  1.0429e+01, -2.6343356492265324e-01,  2.9671381500869914e-01, -2.7762850905699257e-02,  3.4787329339605327e-01, -3.7069713164668305e-03,  5.2758648181677706e-02, -4.8543975922315970e-03,  1.4882517985533501e-03, -3.1307979610456188e-01,  9.5209159544920485e-01,  8.4139069797489074e-01,  3.6604030045889752e-01, -4.8435342011066251e-02,  3.5397252082128669e-02,  4.0460440825692512e+00,  1.4694687264685737e+04
     7,  1.5322e+01, -2.4840511848046332e-01,  2.9660477500244020e-01, -2.9656377745399694e-02,  3.4732734646493651e-01, -3.7324050161444047e-03,  5.2734324883875777e-02, -4.8595432927748018e-03,  1.3143161935934855e-03, -3.1355145833555015e-01,  9.5159668059514946e-01,  8.4148519562638446e-01,  3.6652883932288333e-01, -4.8425238746028547e-02,  3.5404323694275368e-02,  4.0459713985176240e+00,  1.4384205015972149e+04
     8,  2.0308e+01, -2.5836733634676406e-01,  3.0266423859513070e-01, -2.6524392295260248e-02,  3.5649389841532697e-01, -3.7447136492714519e-03,  5.2726213938210538e-02, -4.8473330278164953e-03,  1.4067210573404188e-03, -3.1383320984166491e-01,  9.5165351828798406e-01,  8.4123130822050440e-01,  3.6699531263398333e-01, -4.8430183529199547e-02,  3.5416161207946009e-02,  4.0465457870406158e+00,  1.4665693592417838e+04
     9,  2.0470e+01, -2.5090586305824497e-01,  2.9774004392116332e-01, -2.7270498349610504e-02,  3.4840548351640965e-01, -3.7343373092045954e-03,  5.2733018830147013e-02, -4.8587580742100447e-03,  1.3190532742411469e-03, -3.1358600014959948e-01,  9.5158693376310510e-01,  8.4145852987382730e-01,  3.6658051111684209e-01, -4.8425305098889350e-02,  3.5405542056374341e-02,  4.0460368889487066e+00,  1.4244361277668075e+04
    10,  2.5276e+01, -2.5111908188934012e-01,  2.9775279318414405e-01, -2.8186082471070698e-02,  3.4853304854869888e-01, -3.7346390268137731e-03,  5.2732785442424372e-02, -4.8586578390655165e-03,  1.3190062456046347e-03, -3.1359270875640022e-01,  9.5158365017504820e-01,  8.4145511667001061e-01,  3.6658937903101790e-01, -4.8425287265097192e-02,  3.5405726752514868e-02,  4.0460445368491627e+00,  1.4120319161923186e+04
    11,  3.0160e+01, -2.5274800966463901e-01,  2.9840524673296709e-01, -2.8414087394077078e-02,  3.4921213918744803e-01, -3.7369702835443786e-03,  5.2730859880500844e-02, -4.8579014653194344e-03,  1.3200770014228245e-03, -3.1364457939510348e-01,  9.5155259401547054e-01,  8.4143946280997839e-01,  3.6665666848380352e-01, -4.8425222915668809e-02,  3.5406969967005993e-02,  4.0460744489455536e+00,  1.4114028444848573e+04
    12,  3.4955e+01, -2.5310376051671857e-01,  2.9860545054335347e-01, -2.8379294254799809e-02,  3.4944867112323946e-01, -3.7378417032090266e-03,  5.2730137682357472e-02, -4.8576172514441362e-03,  1.3205867136303177e-03, -3.1366476879846145e-01,  9.5154200433389102e-01,  8.4143303506844891e-01,  3.6668224119851295e-01, -4.8425211515059012e-02,  3.5407413632012025e-02,  4.0460836232844946e+00,  1.4117156759625999e+04
    13,  3.5119e+01, -2.5283866440720371e-01,  2.9845446943116977e-01, -2.8399221896323434e-02,  3.4926811193332058e-01, -3.7371798505367220e-03,  5.2730686221323521e-02, -4.8578367675914079e-03,  1.3201666137661985e-03, -3.1364938767679534e-01,  9.5155000515495003e-01,  8.4143795806200405e-01,  3.6666273520079767e-01, -4.8425217881906416e-02,  3.5407074927119121e-02,  4.0460765988875336e+00,  1.4114742246565516e+04
    14,  3.5278e+01, -2.5277069185012579e-01,  2.9841751186787469e-01, -2.8409238143172484e-02,  3.4922579292866773e-01, -3.7370219498749505e-03,  5.2730817012690452e-02, -4.8578857932510596e-03,  1.3200957067661229e-03, -3.1364576145273443e-01,  9.5155195042841023e-01,  8.4143909766715974e-01,  3.6665815778257960e-01, -4.8425221481165112e-02,  3.5406995684106893e-02,  4.0460749686760549e+00,  1.4114205456609317e+04
    15,  3.5441e+01, -2.5275367557051015e-01,  2.9840831017233083e-01, -2.8412768035209052e-02,  3.4921552353266377e-01, -3.7369831408904201e-03,  5.2730849206662170e-02, -4.8578975852046104e-03,  1.3200813774129883e-03, -3.1364487332044266e-01,  9.5155243338815765e-01,  8.4143937247029532e-01,  3.6665703864184773e-01, -4.8425222544074421e-02,  3.5406976354205082e-02,  4.0460745773068956e+00,  1.4114072665227623e+04
    16,  3.5601e+01, -2.5274942569207265e-01,  2.9840601239655545e-01, -2.8413750003542241e-02,  3.4921298325566241e-01, -3.7369734938003424e-03,  5.2730857214987895e-02, -4.8579004978292024e-03,  1.3200780749742598e-03, -3.1364465276797476e-01,  9.5155255387707749e-01,  8.4143944029061868e-01,  3.6665676087568055e-01, -4.8425222821913964e-02,  3.5406971560928327e-02,  4.0460744809262215e+00,  1.4114039498113774e+04
    17,  3.5754e+01, -2.5274836364049741e-01,  2.9840543813620424e-01, -2.8414002559359289e-02,  3.4921235007476809e-01, -3.7369710858463751e-03,  5.2730859214311462e-02, -4.8579012236086086e-03,  1.3200772685031405e-03, -3.1364459773137437e-01,  9.5155258398205622e-01,  8.4143945718435165e-01,  3.6665669157232184e-01, -4.8425222892175782e-02,  3.5406970365302222e-02,  4.0460744569336615e+00,  1.4114031208049866e+04
    18,  3.5913e+01, -2.5274809815661820e-01,  2.9840529458297849e-01, -2.8414066154710545e-02,  3.4921219190111125e-01, -3.7369704841033894e-03,  5.2730859713965378e-02, -4.8579014049018867e-03,  1.3200770681107033e-03, -3.1364458397873429e-01,  9.5155259150719151e-01,  8.4143946140383685e-01,  3.6665667425533877e-01, -4.8425222909792141e-02,  3.5406970066568455e-02,  4.0460744509421360e+00,  1.4114029135639843e+04
    19,  3.6071e+01, -2.5274803178750893e-01,  2.9840525869541995e-01, -2.8414082082313653e-02,  3.4921215236535247e-01, -3.7369703336830990e-03,  5.2730859838867723e-02, -4.8579014502156828e-03,  1.3200770180896491e-03, -3.1364458054098382e-01,  9.5155259338840548e-01,  8.4143946245845957e-01,  3.6665666992665014e-01, -4.8425222914199428e-02,  3.5406969991895881e-02,  4.0460744494446717e+00,  1.4114028617543348e+04
