Problem type:
least_squares
nparams:
10
function_evaluation,seconds,x(0),x(1),x(2),x(3),x(4),x(5),x(6),x(7),x(8),x(9),objective_function
     0,  1.3168e-01, -2.0000000000000001e-01,  3.1552283591991015e-01,  3.8513799373694657e-01,  2.4814548489215112e-02,  5.8182022841747380e-02,  3.3102125622614281e-01,  1.5212195607154282e+00,  6.4318257010518587e-01, -5.5350817267121287e-02,  4.6600846243945480e+00,  2.9853983496553086e+04
     1,  3.1385e+00, -2.0000000000000001e-01,  2.9973019387692013e-01,  6.9488851106582317e-01, -9.5742186523472411e-02,  2.1940653373140417e-01, -1.1293819256478912e+00,  1.0730132034895492e+00, -1.2384925631100983e+00, -1.6225267070778596e-01,  3.2116893721557283e-01,  3.7181189636598456e+08
     2,  3.2741e+00, -2.0000000000000001e-01,  3.2096335115946800e-01,  3.0594424417704613e-01,  5.2067822608491729e-02, -9.8201068310924122e-04,  6.9507388745607579e-01,  1.5635798762308986e+00,  1.0639605459463766e+00, -2.2167182009907430e-02,  5.7691454197901431e+00,  3.2585509805426140e+04
     3,  3.4096e+00, -2.0000000000000001e-01,  3.1815065377290419e-01,  3.6613657786436032e-01,  2.3760287191457192e-02,  1.0599543685526711e-01,  4.4044446021673794e-01,  1.4632942480306437e+00,  7.0612866767199145e-01, -7.4107879831822807e-03,  4.9299379768764071e+00,  2.9998602603727461e+04
     4,  3.5445e+00, -2.0000000000000001e-01,  3.1722416980124674e-01,  3.8051406665559889e-01,  1.9148215778716733e-02,  5.7437434353207972e-02,  3.3851354211544665e-01,  1.4899865397518632e+00,  6.3245207752087496e-01, -5.6139799523126040e-02,  4.7298143884537334e+00,  2.9851691749839727e+04
     5,  6.4361e+00, -2.0000000000000001e-01,  3.1543991581746234e-01,  3.8206769405535385e-01,  1.8922515055189961e-02,  5.7150805068057642e-02,  3.4035231891706136e-01,  1.4857418054495892e+00,  6.2922115340767504e-01, -5.6117513440738037e-02,  4.7113321665649766e+00,  2.9842106104441864e+04
