Problem type:
least_squares
nparams:
10
function_evaluation,seconds,x(0),x(1),x(2),x(3),x(4),x(5),x(6),x(7),x(8),x(9),objective_function
     0,  1.3405e-01, -2.0000000000000001e-01,  3.1401909194788330e-01,  3.8324489395084610e-01,  1.8289800269791118e-02,  5.7054315049051070e-02,  3.4366260401655230e-01,  1.4774598683128484e+00,  6.2524938483827153e-01, -5.6224517637382676e-02,  4.6944355431295488e+00,  2.9839817836442526e+04
     1,  3.1620e+00, -2.0000000000000001e-01,  3.1575040296866125e-01,  3.7572587518018896e-01,  6.6125183144746003e-01, -4.6125427649951609e+00,  1.0136655088857189e+00,  1.2057441832033611e+00,  9.1475676097900027e-01, -1.5245803731559069e+00,  4.8961177552498301e+00,  1.6649694278942503e+05
     2,  3.2946e+00, -2.0000000000000001e-01,  3.1668295671641689e-01,  3.4884040702973951e-01, -1.1693030858572685e-01,  1.1384131274239586e+00,  2.1515811143613447e-01,  1.5770762127947220e+00,  6.7571628032020492e-01,  3.2755574257210107e-01,  5.1402885747832689e+00,  3.2138485033248358e+04
     3,  3.4279e+00, -2.0000000000000001e-01,  3.1577522610611436e-01,  3.6242466802304274e-01,  1.1966052517526297e-02,  1.6269547756629910e-01,  3.2131672465158878e-01,  1.5124986182783060e+00,  6.7809348956962134e-01,  3.3579438641522519e-03,  4.9737839310999927e+00,  3.0028566235865095e+04
     4,  3.5610e+00, -2.0000000000000001e-01,  3.1424486346007718e-01,  3.7955303069711516e-01,  1.9493613405798089e-02,  4.7865778150821769e-02,  2.8850886909039059e-01,  1.5069506450905772e+00,  6.1904271575809589e-01, -5.8373936916338354e-02,  4.7397623265355726e+00,  2.9845583170162943e+04
     5,  3.6958e+00, -2.0000000000000001e-01,  3.1418874254999479e-01,  3.8224099928770139e-01,  1.4206521942517552e-02,  6.0133170470175246e-02,  3.5230927426883496e-01,  1.4718309634021676e+00,  6.2906384579530095e-01, -6.2018245449235870e-02,  4.7085793671294649e+00,  2.9840003801401512e+04
     6,  3.8278e+00, -2.0000000000000001e-01,  3.1414228512415687e-01,  3.8296163317371179e-01,  1.7946706236706592e-02,  5.7236418647947984e-02,  3.4499725626698063e-01,  1.4751646281831801e+00,  6.2526116254977382e-01, -5.6328875983948749e-02,  4.6985044485372764e+00,  2.9839718618235049e+04
