Problem type:
least_squares
nparams:
15
function_evaluation,seconds,x(0),x(1),x(2),x(3),x(4),x(5),x(6),x(7),x(8),x(9),x(10),x(11),x(12),x(13),x(14),objective_function
     0,  1.5903e-01, -2.5274800966463901e-01,  2.9840524673296709e-01, -2.8414087394077078e-02,  3.4921213918744803e-01, -3.7369702835443786e-03,  5.2730859880500844e-02, -4.8579014653194344e-03,  1.3200770014228245e-03, -3.1364457939510348e-01,  9.5155259401547054e-01,  8.4143946280997839e-01,  3.6665666848380352e-01, -4.8425222915668809e-02,  3.5406969967005993e-02,  4.0460744489455536e+00,  1.4114028444848573e+04
     1,  5.1885e+00, -2.4656440211724609e-01,  2.8630827105036782e-01, -3.0260468477604975e-02,  4.0119785404460218e-01,  1.0805174660958924e-02,  8.1611132096840594e-03, -2.9020941812278666e-02,  7.2958329253522880e-01, -1.4936783029364207e+00,  2.2558565505722594e-01,  1.6177380011408897e+00,  3.8523064175555594e-01,  2.3145238719503886e-02,  3.0595633348527954e-02,  3.3734468448144015e+00,  1.5764650471112249e+04
     2,  5.3495e+00, -2.4927795503071082e-01,  2.9816749124784520e-01, -2.8721595731614771e-02,  3.6550199432793273e-01, -8.7956833345538658e-03,  3.9201350431360180e-02, -1.0179674662552492e-02,  2.2763543812813813e-02, -6.2883438260639934e-01,  7.8063312139537100e-01,  1.0179706631466314e+00,  5.1690658642053888e-01, -4.1697101511409360e-02,  4.1797342050204071e-02,  3.8552872850048567e+00,  1.3841879777034463e+04
     3,  1.0348e+01, -2.5092900764903275e-01,  3.1990363310667841e-01, -2.9382190776426759e-02,  3.4494985585040300e-01, -8.3299555483206181e-03,  3.2418843508747561e-02, -1.7810509823511643e-02,  7.0867815464388459e-02, -7.3987758356780076e-01,  8.1256328861888083e-01,  1.1931256450889782e+00,  5.7440073669862413e-01, -3.5868031838028613e-02,  4.8722169636842061e-02,  4.2081183786815570e+00,  1.4330552381266843e+04
     4,  1.0517e+01, -2.5053216740209705e-01,  3.1932412779415115e-01, -2.9316891076644522e-02,  3.6287342082798807e-01, -8.3836230161639172e-03,  3.6352844607286369e-02, -1.1229267888717927e-02,  4.7795307387695635e-02, -6.5669505681636275e-01,  7.9890477815828875e-01,  1.0350929497111210e+00,  5.3094507631790500e-01, -4.0386939804661341e-02,  4.4468588728737657e-02,  3.9461160176756227e+00,  1.4269379207142887e+04
     5,  1.0680e+01, -2.5065688555697996e-01,  3.1723394076542183e-01, -2.9298235175380369e-02,  3.6820662336799459e-01, -8.7322468947273746e-03,  3.8765764422128583e-02, -1.0215108460202356e-02,  2.9455825321439762e-02, -6.3597508433326944e-01,  7.8653584925924924e-01,  1.0149620179138521e+00,  5.2213334637372866e-01, -4.1537838768908333e-02,  4.2260774230563541e-02,  3.8672857205904640e+00,  1.4219262111791453e+04
     6,  1.0845e+01, -2.5191660686229456e-01,  3.0414238299229823e-01, -2.8833338118804289e-02,  3.6569349084867564e-01, -8.7957603300092991e-03,  3.9192273732935039e-02, -1.0178984213771055e-02,  2.2835132908893205e-02, -6.2894328967102231e-01,  7.8064213367183277e-01,  1.0179957894724030e+00,  5.1697719434507738e-01, -4.1694283786886416e-02,  4.1802768482101793e-02,  3.8555001640320232e+00,  1.3856305756844882e+04
     7,  1.1007e+01, -2.5037261036239439e-01,  2.9936763922133502e-01, -2.8536802404464174e-02,  3.6549542761710602e-01, -8.7959543760272214e-03,  3.9200014978638134e-02, -1.0179735300124957e-02,  2.2765785921571420e-02, -6.2884464867546808e-01,  7.8062221798751374e-01,  1.0179835781791680e+00,  5.1691001272660386e-01, -4.1696650919749827e-02,  4.1797803657715259e-02,  3.8553088740232577e+00,  1.3821082197367325e+04
     8,  1.6080e+01, -2.5049193267112346e-01,  3.0078081080451452e-01, -2.9006965914685181e-02,  3.6483894175545722e-01, -8.7967299921021657e-03,  3.9195043883427427e-02, -1.0180890054832772e-02,  2.2769270193573318e-02, -6.2888088559567723e-01,  7.8056923843281434e-01,  1.0180485566521615e+00,  5.1691090448575694e-01, -4.1694544119134168e-02,  4.1799309651433435e-02,  3.8553534359389423e+00,  1.3808814588152525e+04
