Problem type:
least_squares
nparams:
10
function_evaluation,seconds,x(0),x(1),x(2),x(3),x(4),x(5),x(6),x(7),x(8),x(9),objective_function
     0,  1.3184e-01, -2.0000000000000001e-01,  3.1414228512415687e-01,  3.8296163317371179e-01,  1.7946706236706592e-02,  5.7236418647947984e-02,  3.4499725626698063e-01,  1.4751646281831801e+00,  6.2526116254977382e-01, -5.6328875983948749e-02,  4.6985044485372764e+00,  2.9839718618235049e+04
     1,  3.1531e+00, -2.0000000000000001e-01,  3.0947607415077022e-01,  5.1565714710243515e-01,  1.3073085147760199e-01,  6.2222289046798496e-01,  4.4601500594432899e+00, -6.8137337798058750e-01,  1.4167073167862734e+00,  5.6569677531311624e-01,  3.2472484951688152e+00,  7.4226240189602002e+04
     2,  3.2866e+00, -2.0000000000000001e-01,  3.1296708062474704e-01,  4.1600236833531745e-01,  4.7892774432510971e-02,  1.9642099672764646e-01,  1.3739168096705079e+00,  9.3536965275580553e-01,  8.2299681131221636e-01,  1.0203888873989603e-01,  4.3375500153616455e+00,  3.0741015439771207e+04
     3,  3.4175e+00, -2.0000000000000001e-01,  3.1383971249859799e-01,  3.9109093069329876e-01,  2.7289945578414791e-02,  8.9974899499541738e-02,  6.0228152965641080e-01,  1.3395908420250331e+00,  6.7453785596879978e-01, -1.3646263695731374e-02,  4.6100904937983396e+00,  2.9893409375292638e+04
     4,  3.5500e+00, -2.0000000000000001e-01,  3.1405761241048014e-01,  3.8486951852582874e-01,  2.2736335590759760e-02,  6.3238001133003499e-02,  4.0897023178138964e-01,  1.4408456269022882e+00,  6.3728076127748334e-01, -4.1373143679160125e-02,  4.6781170051557348e+00,  2.9842491979008140e+04
     5,  3.6820e+00, -2.0000000000000001e-01,  3.1412790510683691e-01,  3.8309223887382182e-01,  9.8304445901312779e-03,  6.1883335487090449e-02,  3.5289796550569896e-01,  1.4706404873948966e+00,  6.2697732765673120e-01, -7.0729158465754810e-02,  4.6972361027212726e+00,  2.9839791174944119e+04
     6,  3.8316e+00, -2.0000000000000001e-01,  3.1412002931217908e-01,  3.8300982674531692e-01,  1.7409642391126690e-02,  5.7693670662871864e-02,  3.4887701581848857e-01,  1.4723722566065425e+00,  6.2566940714048025e-01, -5.6867758006126083e-02,  4.6982108001565512e+00,  2.9839686895508221e+04
