Problem type:
least_squares
nparams:
10
function_evaluation,seconds,x(0),x(1),x(2),x(3),x(4),x(5),x(6),x(7),x(8),x(9),objective_function
     0,  1.3965e-01, -2.0000000000000001e-01,  3.1543991581746234e-01,  3.8206769405535385e-01,  1.8922515055189961e-02,  5.7150805068057642e-02,  3.4035231891706136e-01,  1.4857418054495892e+00,  6.2922115340767504e-01, -5.6117513440738037e-02,  4.7113321665649766e+00,  2.9842106104441864e+04
     1,  3.1812e+00, -2.0000000000000001e-01,  2.8358546849309180e-01,  4.5056604110091020e-01,  2.5011872457354739e-01, -2.6377386462514543e+00, -3.0900012620793476e+00,  2.6334417478507590e+00, -7.8664046161149526e-01, -1.1704947842716136e+00,  3.4641510501115906e+00,  1.2589991443421076e+05
     2,  3.3213e+00, -2.0000000000000001e-01,  3.0843840839321263e-01,  3.8668896254455720e-01,  4.8490976034829075e-02, -4.1513464419379392e-01, -6.6365366502877832e-01,  1.8676221755279760e+00,  2.7282210761679765e-01, -2.7218988564644808e-01,  4.5566091113398350e+00,  3.1222370299379636e+04
     3,  3.4585e+00, -2.0000000000000001e-01,  3.1500551395182153e-01,  3.9180243046820945e-01,  1.9264147483782197e-02,  9.9918619147864096e-02,  5.9272614168553350e-01,  1.3530376753707976e+00,  6.7455318724875912e-01, -2.8723578732685509e-02,  4.5998126996062538e+00,  2.9892550290306172e+04
     4,  3.5961e+00, -2.0000000000000001e-01,  3.1383753032854078e-01,  3.8677709510357206e-01,  1.6795979346158476e-02,  5.8842630821481293e-02,  3.7279368719591877e-01,  1.4538116899292466e+00,  6.2009905449300762e-01, -5.7360705562577906e-02,  4.6483603042249264e+00,  2.9845852612070248e+04
     5,  3.7356e+00, -2.0000000000000001e-01,  3.1401909194788330e-01,  3.8324489395084610e-01,  1.8289800269791118e-02,  5.7054315049051070e-02,  3.4366260401655230e-01,  1.4774598683128484e+00,  6.2524938483827153e-01, -5.6224517637382676e-02,  4.6944355431295488e+00,  2.9839817836442526e+04
