       0.10000D+01       0.89963D-05       0.33116D-01       0.42831D+00       0.19495D-02
       0.20000D+01       0.10240D-04       0.31416D-01       0.43058D+00       0.11656D-01
       0.30000D+01       0.62870D-04       0.15887D-02       0.42964D+00       0.13372D-01
       0.40000D+01       0.59999D-04       0.39480D-01       0.42946D+00       0.11939D-01
       0.50000D+01       0.64183D-04       0.33990D-01       0.43011D+00       0.13579D-01
       0.60000D+01       0.83015D-04       0.60280D-02       0.42963D+00       0.16936D-01
       0.70000D+01       0.73636D-04       0.49354D-01       0.42962D+00       0.15154D-01
       0.80000D+01       0.80315D-04       0.39116D-01       0.42998D+00       0.14506D-01
       0.90000D+01       0.94439D-04       0.12600D-01       0.42961D+00       0.16855D-01
       0.10000D+02       0.91309D-04       0.60124D-01       0.42967D+00       0.15632D-01
       0.11000D+02       0.97961D-04       0.44113D-01       0.42990D+00       0.14971D-01
       0.12000D+02       0.11155D-03       0.20392D-01       0.42959D+00       0.16920D-01
       0.13000D+02       0.11533D-03       0.68337D-01       0.42969D+00       0.16398D-01
       0.14000D+02       0.11872D-03       0.45810D-01       0.42983D+00       0.15735D-01
       0.15000D+02       0.13521D-03       0.27603D-01       0.42955D+00       0.17453D-01
       0.16000D+02       0.13979D-03       0.71073D-01       0.42968D+00       0.17052D-01
       0.17000D+02       0.14057D-03       0.41724D-01       0.42976D+00       0.16382D-01
       0.18000D+02       0.15939D-03       0.31327D-01       0.42951D+00       0.17933D-01
       0.19000D+02       0.16126D-03       0.67732D-01       0.42964D+00       0.18351D-01
       0.20000D+02       0.16134D-03       0.32027D-01       0.42968D+00       0.17879D-01
       0.21000D+02       0.17735D-03       0.29850D-01       0.42945D+00       0.19261D-01
       0.22000D+02       0.17790D-03       0.60162D-01       0.42959D+00       0.19221D-01
       0.23000D+02       0.17744D-03       0.19661D-01       0.42959D+00       0.18825D-01
       0.24000D+02       0.18584D-03       0.24416D-01       0.42938D+00       0.20081D-01
       0.25000D+02       0.18606D-03       0.50801D-01       0.42952D+00       0.20407D-01
       0.26000D+02       0.18639D-03       0.76689D-02       0.42949D+00       0.20627D-01
       0.27000D+02       0.18718D-03       0.17575D-01       0.42930D+00       0.21736D-01
       0.28000D+02       0.18753D-03       0.41287D-01       0.42944D+00       0.21316D-01
       0.29000D+02       0.18696D-03      -0.26416D-02       0.42939D+00       0.21084D-01
       0.30000D+02       0.18381D-03       0.11188D-01       0.42921D+00       0.22102D-01
       0.31000D+02       0.18457D-03       0.32222D-01       0.42936D+00       0.22122D-01
       0.32000D+02       0.18269D-03      -0.11292D-01       0.42928D+00       0.21913D-01
       0.33000D+02       0.17854D-03       0.62122D-02       0.42913D+00       0.22830D-01
       0.34000D+02       0.17901D-03       0.23633D-01       0.42927D+00       0.22842D-01
       0.35000D+02       0.17692D-03      -0.18476D-01       0.42918D+00       0.22841D-01
       0.36000D+02       0.17346D-03       0.32832D-02       0.42904D+00       0.22972D-01
       0.37000D+02       0.17274D-03       0.15671D-01       0.42918D+00       0.22778D-01
       0.38000D+02       0.17128D-03      -0.23840D-01       0.42908D+00       0.22972D-01
       0.39000D+02       0.16906D-03       0.29722D-02       0.42896D+00       0.23110D-01
       0.40000D+02       0.16700D-03       0.89788D-02       0.42910D+00       0.22966D-01
       0.41000D+02       0.16653D-03      -0.26571D-01       0.42900D+00       0.23335D-01
       0.42000D+02       0.16534D-03       0.55821D-02       0.42889D+00       0.23666D-01
       0.43000D+02       0.16297D-03       0.44624D-02       0.42902D+00       0.23537D-01
       0.44000D+02       0.16175D-03      -0.26054D-01       0.42892D+00       0.23279D-01
       0.45000D+02       0.16087D-03       0.10864D-01       0.42883D+00       0.24405D-01
       0.46000D+02       0.15954D-03       0.27613D-02       0.42895D+00       0.24305D-01
       0.47000D+02       0.15778D-03      -0.22416D-01       0.42885D+00       0.23940D-01
       0.48000D+02       0.15662D-03       0.18045D-01       0.42879D+00       0.24392D-01
       0.49000D+02       0.15667D-03       0.39364D-02       0.42890D+00       0.24141D-01
       0.50000D+02       0.15463D-03      -0.16412D-01       0.42880D+00       0.23779D-01
       0.51000D+02       0.15338D-03       0.26247D-01       0.42875D+00       0.24407D-01
       0.52000D+02       0.15422D-03       0.75654D-02       0.42885D+00       0.24191D-01
       0.53000D+02       0.15253D-03      -0.87663D-02       0.42876D+00       0.24028D-01
       0.54000D+02       0.15185D-03       0.34981D-01       0.42874D+00       0.24422D-01
       0.55000D+02       0.15283D-03       0.13051D-01       0.42882D+00       0.24130D-01
       0.56000D+02       0.15249D-03       0.36529D-03       0.42874D+00       0.23971D-01
       0.57000D+02       0.15253D-03       0.44201D-01       0.42873D+00       0.24351D-01
       0.58000D+02       0.15329D-03       0.19714D-01       0.42881D+00       0.23982D-01
       0.59000D+02       0.15547D-03       0.11235D-01       0.42873D+00       0.23823D-01
       0.60000D+02       0.15566D-03       0.53777D-01       0.42874D+00       0.24752D-01
       0.61000D+02       0.15633D-03       0.26369D-01       0.42880D+00       0.24428D-01
       0.62000D+02       0.16116D-03       0.23572D-01       0.42874D+00       0.24268D-01
       0.63000D+02       0.16076D-03       0.62808D-01       0.42875D+00       0.25457D-01
       0.64000D+02       0.16157D-03       0.30841D-01       0.42881D+00       0.25228D-01
       0.65000D+02       0.16719D-03       0.35490D-01       0.42875D+00       0.24994D-01
       0.66000D+02       0.16650D-03       0.69339D-01       0.42878D+00       0.25679D-01
       0.67000D+02       0.16776D-03       0.30705D-01       0.42883D+00       0.25386D-01
       0.68000D+02       0.17179D-03       0.43669D-01       0.42878D+00       0.25173D-01
       0.69000D+02       0.17104D-03       0.70905D-01       0.42881D+00       0.25772D-01
       0.70000D+02       0.17249D-03       0.25596D-01       0.42885D+00       0.25512D-01
       0.71000D+02       0.17423D-03       0.45821D-01       0.42881D+00       0.25249D-01
       0.72000D+02       0.17366D-03       0.66270D-01       0.42885D+00       0.25772D-01
       0.73000D+02       0.17382D-03       0.17923D-01       0.42887D+00       0.25439D-01
       0.74000D+02       0.17407D-03       0.42765D-01       0.42884D+00       0.25146D-01
       0.75000D+02       0.17385D-03       0.56889D-01       0.42888D+00       0.25592D-01
       0.76000D+02       0.17282D-03       0.10380D-01       0.42890D+00       0.25309D-01
       0.77000D+02       0.17254D-03       0.37399D-01       0.42887D+00       0.25049D-01
       0.78000D+02       0.17228D-03       0.46048D-01       0.42892D+00       0.25214D-01
       0.79000D+02       0.17037D-03       0.43861D-02       0.42893D+00       0.25010D-01
       0.80000D+02       0.16987D-03       0.32815D-01       0.42891D+00       0.24761D-01
       0.81000D+02       0.16921D-03       0.37045D-01       0.42895D+00       0.24743D-01
       0.82000D+02       0.16786D-03       0.76344D-03       0.42895D+00       0.24642D-01
       0.83000D+02       0.16722D-03       0.31439D-01       0.42894D+00       0.24404D-01
       0.84000D+02       0.16629D-03       0.32078D-01       0.42899D+00       0.24380D-01
       0.85000D+02       0.16553D-03       0.15568D-03       0.42898D+00       0.24286D-01
       0.86000D+02       0.16443D-03       0.34614D-01       0.42897D+00       0.24066D-01
       0.87000D+02       0.16372D-03       0.31815D-01       0.42901D+00       0.24028D-01
       0.88000D+02       0.16333D-03       0.26913D-02       0.42900D+00       0.23948D-01
       0.89000D+02       0.16166D-03       0.42265D-01       0.42900D+00       0.23752D-01
       0.90000D+02       0.16148D-03       0.35417D-01       0.42904D+00       0.23624D-01
       0.91000D+02       0.16136D-03       0.78754D-02       0.42902D+00       0.23766D-01
       0.92000D+02       0.15980D-03       0.52753D-01       0.42903D+00       0.23631D-01
       0.93000D+02       0.15990D-03       0.40825D-01       0.42906D+00       0.23479D-01
       0.94000D+02       0.16015D-03       0.14943D-01       0.42904D+00       0.23619D-01
       0.95000D+02       0.15938D-03       0.63111D-01       0.42905D+00       0.23415D-01
       0.96000D+02       0.15968D-03       0.45139D-01       0.42908D+00       0.23254D-01
       0.97000D+02       0.16074D-03       0.22816D-01       0.42905D+00       0.23421D-01
       0.98000D+02       0.16097D-03       0.69858D-01       0.42907D+00       0.23281D-01
       0.99000D+02       0.16112D-03       0.45221D-01       0.42909D+00       0.23113D-01
       0.10000D+03       0.16345D-03       0.29265D-01       0.42906D+00       0.23305D-01
       0.10100D+03       0.16390D-03       0.70635D-01       0.42909D+00       0.23193D-01
       0.10200D+03       0.16396D-03       0.39215D-01       0.42910D+00       0.23038D-01
       0.10300D+03       0.16728D-03       0.31422D-01       0.42906D+00       0.23254D-01
       0.10400D+03       0.16751D-03       0.65715D-01       0.42909D+00       0.23274D-01
       0.10500D+03       0.16744D-03       0.28308D-01       0.42910D+00       0.23121D-01
       0.10600D+03       0.17047D-03       0.28469D-01       0.42906D+00       0.23353D-01
       0.10700D+03       0.17060D-03       0.57351D-01       0.42910D+00       0.23410D-01
       0.10800D+03       0.17064D-03       0.15802D-01       0.42910D+00       0.23399D-01
       0.10900D+03       0.17217D-03       0.22334D-01       0.42906D+00       0.23639D-01
       0.11000D+03       0.17232D-03       0.47819D-01       0.42909D+00       0.23567D-01
       0.11100D+03       0.17240D-03       0.42752D-02       0.42909D+00       0.23475D-01
       0.11200D+03       0.17237D-03       0.15487D-01       0.42904D+00       0.23720D-01
       0.11300D+03       0.17257D-03       0.38420D-01       0.42908D+00       0.23599D-01
       0.11400D+03       0.17243D-03      -0.54879D-02       0.42907D+00       0.23512D-01
       0.11500D+03       0.17156D-03       0.94614D-02       0.42903D+00       0.23758D-01
       0.11600D+03       0.17182D-03       0.29508D-01       0.42907D+00       0.23751D-01
       0.11700D+03       0.17130D-03      -0.13681D-01       0.42905D+00       0.23673D-01
       0.11800D+03       0.17022D-03       0.50559D-02       0.42901D+00       0.23696D-01
       0.11900D+03       0.17031D-03       0.21075D-01       0.42905D+00       0.23694D-01
       0.12000D+03       0.16979D-03      -0.20369D-01       0.42902D+00       0.23750D-01
       0.12100D+03       0.16889D-03       0.28839D-02       0.42898D+00       0.23785D-01
       0.12200D+03       0.16853D-03       0.13417D-01       0.42903D+00       0.23722D-01
       0.12300D+03       0.16835D-03      -0.25009D-01       0.42900D+00       0.23773D-01
       0.12400D+03       0.16777D-03       0.34687D-02       0.42896D+00       0.23811D-01
       0.12500D+03       0.16701D-03       0.73050D-02       0.42900D+00       0.23762D-01
       0.12600D+03       0.16667D-03      -0.26769D-01       0.42897D+00       0.23821D-01
       0.12700D+03       0.16632D-03       0.69634D-02       0.42894D+00       0.23927D-01
       0.12800D+03       0.16557D-03       0.36183D-02       0.42898D+00       0.23885D-01
       0.12900D+03       0.16505D-03      -0.25232D-01       0.42894D+00       0.23793D-01
       0.13000D+03       0.16468D-03       0.12933D-01       0.42892D+00       0.24175D-01
       0.13100D+03       0.16434D-03       0.28310D-02       0.42896D+00       0.24078D-01
       0.13200D+03       0.16361D-03      -0.20765D-01       0.42892D+00       0.23947D-01
       0.13300D+03       0.16311D-03       0.20514D-01       0.42890D+00       0.24112D-01
       0.13400D+03       0.16323D-03       0.48269D-02       0.42894D+00       0.24024D-01
       0.13500D+03       0.16239D-03      -0.14195D-01       0.42890D+00       0.23908D-01
       0.13600D+03       0.16191D-03       0.28908D-01       0.42888D+00       0.24135D-01
       0.13700D+03       0.16222D-03       0.90974D-02       0.42892D+00       0.24059D-01
       0.13800D+03       0.16160D-03      -0.61015D-02       0.42888D+00       0.23997D-01
       0.13900D+03       0.16137D-03       0.37788D-01       0.42888D+00       0.24148D-01
       0.14000D+03       0.16167D-03       0.15032D-01       0.42891D+00       0.24011D-01
       0.14100D+03       0.16170D-03       0.35430D-02       0.42887D+00       0.23947D-01
       0.14200D+03       0.16173D-03       0.47156D-01       0.42887D+00       0.24095D-01
       0.14300D+03       0.16197D-03       0.21860D-01       0.42890D+00       0.23965D-01
       0.14400D+03       0.16316D-03       0.14955D-01       0.42887D+00       0.23859D-01
       0.14500D+03       0.16315D-03       0.56708D-01       0.42887D+00       0.24240D-01
       0.14600D+03       0.16339D-03       0.28116D-01       0.42890D+00       0.24141D-01
       0.14700D+03       0.16561D-03       0.27456D-01       0.42887D+00       0.24078D-01
       0.14800D+03       0.16540D-03       0.65218D-01       0.42888D+00       0.24581D-01
       0.14900D+03       0.16578D-03       0.31372D-01       0.42890D+00       0.24527D-01
       0.15000D+03       0.16810D-03       0.38586D-01       0.42888D+00       0.24433D-01
       0.15100D+03       0.16776D-03       0.70459D-01       0.42889D+00       0.24729D-01
       0.15200D+03       0.16843D-03       0.29579D-01       0.42891D+00       0.24614D-01
       0.15300D+03       0.16990D-03       0.45007D-01       0.42889D+00       0.24492D-01
       0.15400D+03       0.16960D-03       0.70117D-01       0.42890D+00       0.24758D-01
       0.15500D+03       0.17011D-03       0.23342D-01       0.42892D+00       0.24636D-01
       0.15600D+03       0.17068D-03       0.45315D-01       0.42890D+00       0.24526D-01
       0.15700D+03       0.17049D-03       0.63731D-01       0.42892D+00       0.24761D-01
       0.15800D+03       0.17035D-03       0.15479D-01       0.42893D+00       0.24617D-01
       0.15900D+03       0.17039D-03       0.41195D-01       0.42891D+00       0.24490D-01
       0.16000D+03       0.17030D-03       0.53514D-01       0.42893D+00       0.24583D-01
       0.16100D+03       0.16967D-03       0.83128D-02       0.42894D+00       0.24474D-01
       0.16200D+03       0.16952D-03       0.35762D-01       0.42893D+00       0.24368D-01
       0.16300D+03       0.16936D-03       0.42927D-01       0.42895D+00       0.24448D-01
       0.16400D+03       0.16848D-03       0.29728D-02       0.42895D+00       0.24359D-01
       0.16500D+03       0.16823D-03       0.31957D-01       0.42894D+00       0.24246D-01
       0.16600D+03       0.16784D-03       0.35009D-01       0.42897D+00       0.24240D-01
       0.16700D+03       0.16727D-03       0.23259D-03       0.42896D+00       0.24189D-01
       0.16800D+03       0.16688D-03       0.31910D-01       0.42896D+00       0.24057D-01
       0.16900D+03       0.16642D-03       0.31504D-01       0.42898D+00       0.24045D-01
       0.17000D+03       0.16611D-03       0.61912D-03       0.42898D+00       0.24004D-01
       0.17100D+03       0.16547D-03       0.36555D-01       0.42897D+00       0.23907D-01
       0.17200D+03       0.16517D-03       0.32594D-01       0.42900D+00       0.23886D-01
       0.17300D+03       0.16499D-03       0.40505D-02       0.42899D+00       0.23846D-01
       0.17400D+03       0.16408D-03       0.45333D-01       0.42899D+00       0.23743D-01
       0.17500D+03       0.16404D-03       0.37024D-01       0.42901D+00       0.23671D-01
       0.17600D+03       0.16401D-03       0.99051D-02       0.42900D+00       0.23733D-01
       0.17700D+03       0.16323D-03       0.56145D-01       0.42900D+00       0.23644D-01
       0.17800D+03       0.16339D-03       0.42431D-01       0.42902D+00       0.23561D-01
       0.17900D+03       0.16358D-03       0.17374D-01       0.42901D+00       0.23639D-01
       0.18000D+03       0.16333D-03       0.65742D-01       0.42902D+00       0.23528D-01
       0.18100D+03       0.16345D-03       0.45750D-01       0.42903D+00       0.23440D-01
       0.18200D+03       0.16418D-03       0.25112D-01       0.42901D+00       0.23534D-01
       0.18300D+03       0.16437D-03       0.70783D-01       0.42903D+00       0.23458D-01
       0.18400D+03       0.16441D-03       0.44021D-01       0.42904D+00       0.23365D-01
       0.18500D+03       0.16590D-03       0.30496D-01       0.42902D+00       0.23472D-01
       0.18600D+03       0.16610D-03       0.69633D-01       0.42903D+00       0.23491D-01
       0.18700D+03       0.16612D-03       0.36216D-01       0.42904D+00       0.23414D-01
       0.18800D+03       0.16799D-03       0.31002D-01       0.42902D+00       0.23534D-01
       0.18900D+03       0.16809D-03       0.63368D-01       0.42904D+00       0.23515D-01
       0.19000D+03       0.16808D-03       0.24443D-01       0.42904D+00       0.23479D-01
       0.19100D+03       0.16957D-03       0.26779D-01       0.42902D+00       0.23609D-01
       0.19200D+03       0.16965D-03       0.54435D-01       0.42904D+00       0.23636D-01
       0.19300D+03       0.16968D-03       0.12051D-01       0.42904D+00       0.23625D-01
       0.19400D+03       0.17026D-03       0.20193D-01       0.42902D+00       0.23761D-01
       0.19500D+03       0.17036D-03       0.44857D-01       0.42904D+00       0.23723D-01
       0.19600D+03       0.17038D-03       0.10584D-02       0.42903D+00       0.23672D-01
       0.19700D+03       0.17021D-03       0.13484D-01       0.42901D+00       0.23812D-01
       0.19800D+03       0.17038D-03       0.35603D-01       0.42903D+00       0.23747D-01
       0.19900D+03       0.17019D-03      -0.81847D-02       0.42902D+00       0.23709D-01
       0.20000D+03       0.16963D-03       0.78920D-02       0.42900D+00       0.23851D-01
       0.20100D+03       0.16977D-03       0.26836D-01       0.42902D+00       0.23846D-01
       0.20200D+03       0.16945D-03      -0.15931D-01       0.42901D+00       0.23844D-01
       0.20300D+03       0.16884D-03       0.41149D-02       0.42899D+00       0.23858D-01
       0.20400D+03       0.16883D-03       0.18588D-01       0.42901D+00       0.23816D-01
       0.20500D+03       0.16855D-03      -0.22067D-01       0.42900D+00       0.23847D-01
       0.20600D+03       0.16807D-03       0.27528D-02       0.42897D+00       0.23868D-01
       0.20700D+03       0.16778D-03       0.11310D-01       0.42900D+00       0.23834D-01
       0.20800D+03       0.16768D-03      -0.25897D-01       0.42898D+00       0.23905D-01
       0.20900D+03       0.16738D-03       0.42500D-02       0.42896D+00       0.23968D-01
       0.21000D+03       0.16690D-03       0.58679D-02       0.42898D+00       0.23939D-01
       0.21100D+03       0.16667D-03      -0.26643D-01       0.42896D+00       0.23884D-01
       0.21200D+03       0.16647D-03       0.85864D-02       0.42894D+00       0.24122D-01
       0.21300D+03       0.16607D-03       0.30581D-02       0.42897D+00       0.24099D-01
       0.21400D+03       0.16572D-03      -0.24124D-01       0.42895D+00       0.24021D-01
       0.21500D+03       0.16546D-03       0.15157D-01       0.42893D+00       0.24288D-01
       0.21600D+03       0.16534D-03       0.31716D-02       0.42896D+00       0.24230D-01
       0.21700D+03       0.16486D-03      -0.18914D-01       0.42893D+00       0.24148D-01
       0.21800D+03       0.16454D-03       0.23058D-01       0.42892D+00       0.24249D-01
       0.21900D+03       0.16466D-03       0.59368D-02       0.42894D+00       0.24196D-01
       0.22000D+03       0.16415D-03      -0.11836D-01       0.42892D+00       0.24157D-01
       0.22100D+03       0.16388D-03       0.31613D-01       0.42891D+00       0.24294D-01
       0.22200D+03       0.16408D-03       0.10790D-01       0.42894D+00       0.24248D-01
       0.22300D+03       0.16378D-03      -0.32895D-02       0.42891D+00       0.24208D-01
       0.22400D+03       0.16368D-03       0.40643D-01       0.42891D+00       0.24306D-01
       0.22500D+03       0.16385D-03       0.17104D-01       0.42893D+00       0.24213D-01
       0.22600D+03       0.16405D-03       0.68973D-02       0.42891D+00       0.24171D-01
       0.22700D+03       0.16408D-03       0.50136D-01       0.42891D+00       0.24262D-01
       0.22800D+03       0.16423D-03       0.23960D-01       0.42893D+00       0.24178D-01
       0.22900D+03       0.16520D-03       0.18794D-01       0.42891D+00       0.24135D-01
       0.23000D+03       0.16517D-03       0.59548D-01       0.42891D+00       0.24361D-01
       0.23100D+03       0.16534D-03       0.29574D-01       0.42892D+00       0.24297D-01
       0.23200D+03       0.16683D-03       0.31217D-01       0.42891D+00       0.24233D-01
       0.23300D+03       0.16665D-03       0.67316D-01       0.42891D+00       0.24535D-01
       0.23400D+03       0.16693D-03       0.31394D-01       0.42893D+00       0.24449D-01
       0.23500D+03       0.16829D-03       0.41212D-01       0.42891D+00       0.24389D-01
       0.23600D+03       0.16808D-03       0.71027D-01       0.42892D+00       0.24574D-01
       0.23700D+03       0.16854D-03       0.28006D-01       0.42893D+00       0.24517D-01
       0.23800D+03       0.16930D-03       0.45730D-01       0.42892D+00       0.24441D-01
       0.23900D+03       0.16913D-03       0.68726D-01       0.42893D+00       0.24608D-01
       0.24000D+03       0.16937D-03       0.20939D-01       0.42894D+00       0.24519D-01
       0.24100D+03       0.16961D-03       0.44373D-01       0.42893D+00       0.24450D-01
       0.24200D+03       0.16953D-03       0.60815D-01       0.42894D+00       0.24597D-01
       0.24300D+03       0.16938D-03       0.13112D-01       0.42894D+00       0.24504D-01
       0.24400D+03       0.16935D-03       0.39501D-01       0.42893D+00       0.24423D-01
       0.24500D+03       0.16929D-03       0.50107D-01       0.42895D+00       0.24481D-01
       0.24600D+03       0.16873D-03       0.64228D-02       0.42895D+00       0.24414D-01
       0.24700D+03       0.16862D-03       0.34288D-01       0.42894D+00       0.24350D-01
       0.24800D+03       0.16847D-03       0.40073D-01       0.42896D+00       0.24351D-01
       0.24900D+03       0.16796D-03       0.18111D-02       0.42896D+00       0.24322D-01
       0.25000D+03       0.16778D-03       0.31470D-01       0.42895D+00       0.24243D-01
       0.25100D+03       0.16749D-03       0.33410D-01       0.42897D+00       0.24237D-01
       0.25200D+03       0.16717D-03       0.77746D-05       0.42897D+00       0.24203D-01
       0.25300D+03       0.16686D-03       0.32844D-01       0.42896D+00       0.24116D-01
       0.25400D+03       0.16657D-03       0.31384D-01       0.42898D+00       0.24105D-01
       0.25500D+03       0.16639D-03       0.13801D-02       0.42898D+00       0.24076D-01
       0.25600D+03       0.16590D-03       0.38905D-01       0.42898D+00       0.24012D-01
       0.25700D+03       0.16575D-03       0.33704D-01       0.42899D+00       0.23997D-01
       0.25800D+03       0.16565D-03       0.56435D-02       0.42898D+00       0.24034D-01
       0.25900D+03       0.16503D-03       0.48605D-01       0.42898D+00       0.23958D-01
       0.26000D+03       0.16503D-03       0.38731D-01       0.42900D+00       0.23905D-01
       0.26100D+03       0.16504D-03       0.12093D-01       0.42899D+00       0.23949D-01
       0.26200D+03       0.16460D-03       0.59421D-01       0.42899D+00       0.23876D-01
       0.26300D+03       0.16472D-03       0.43837D-01       0.42901D+00       0.23817D-01
       0.26400D+03       0.16494D-03       0.19843D-01       0.42900D+00       0.23871D-01
       0.26500D+03       0.16489D-03       0.67921D-01       0.42900D+00       0.23804D-01
       0.26600D+03       0.16495D-03       0.45861D-01       0.42901D+00       0.23742D-01
       0.26700D+03       0.16560D-03       0.27182D-01       0.42900D+00       0.23808D-01
       0.26800D+03       0.16576D-03       0.71089D-01       0.42901D+00       0.23759D-01
       0.26900D+03       0.16575D-03       0.42209D-01       0.42902D+00       0.23692D-01
       0.27000D+03       0.16689D-03       0.31234D-01       0.42900D+00       0.23768D-01
       0.27100D+03       0.16700D-03       0.68129D-01       0.42902D+00       0.23776D-01
       0.27200D+03       0.16700D-03       0.32825D-01       0.42902D+00       0.23719D-01
       0.27300D+03       0.16827D-03       0.30108D-01       0.42901D+00       0.23803D-01
       0.27400D+03       0.16835D-03       0.60768D-01       0.42902D+00       0.23785D-01
       0.27500D+03       0.16832D-03       0.20531D-01       0.42902D+00       0.23736D-01
       0.27600D+03       0.16919D-03       0.24865D-01       0.42900D+00       0.23827D-01
       0.27700D+03       0.16925D-03       0.51466D-01       0.42902D+00       0.23843D-01
       0.27800D+03       0.16933D-03       0.84491D-02       0.42902D+00       0.23852D-01
       0.27900D+03       0.16954D-03       0.18048D-01       0.42900D+00       0.23947D-01
       0.28000D+03       0.16962D-03       0.41932D-01       0.42902D+00       0.23896D-01
       0.28100D+03       0.16962D-03      -0.19857D-02       0.42901D+00       0.23862D-01
       0.28200D+03       0.16938D-03       0.11592D-01       0.42899D+00       0.23960D-01
       0.28300D+03       0.16950D-03       0.32833D-01       0.42901D+00       0.23955D-01
       0.28400D+03       0.16933D-03      -0.10741D-01       0.42900D+00       0.23926D-01
       0.28500D+03       0.16891D-03       0.64974D-02       0.42899D+00       0.24025D-01
       0.28600D+03       0.16899D-03       0.24211D-01       0.42900D+00       0.24022D-01
       0.28700D+03       0.16876D-03      -0.18030D-01       0.42899D+00       0.24018D-01
       0.28800D+03       0.16835D-03       0.34073D-02       0.42898D+00       0.24029D-01
       0.28900D+03       0.16828D-03       0.16190D-01       0.42900D+00       0.24001D-01
       0.29000D+03       0.16810D-03      -0.23544D-01       0.42898D+00       0.24022D-01
       0.29100D+03       0.16780D-03       0.29006D-02       0.42897D+00       0.24037D-01
       0.29200D+03       0.16754D-03       0.93816D-02       0.42899D+00       0.24013D-01
       0.29300D+03       0.16747D-03      -0.26483D-01       0.42897D+00       0.24062D-01
       0.29400D+03       0.16729D-03       0.53093D-02       0.42896D+00       0.24107D-01
       0.29500D+03       0.16694D-03       0.46885D-02       0.42898D+00       0.24086D-01
       0.29600D+03       0.16675D-03      -0.26196D-01       0.42896D+00       0.24046D-01
       0.29700D+03       0.16660D-03       0.10427D-01       0.42895D+00       0.24214D-01
       0.29800D+03       0.16638D-03       0.27838D-02       0.42897D+00       0.24199D-01
       0.29900D+03       0.16608D-03      -0.22754D-01       0.42895D+00       0.24143D-01
       0.30000D+03       0.16588D-03       0.17507D-01       0.42894D+00       0.24214D-01
       0.30100D+03       0.16585D-03       0.37696D-02       0.42896D+00       0.24173D-01
       0.30200D+03       0.16548D-03      -0.16886D-01       0.42894D+00       0.24114D-01
       0.30300D+03       0.16524D-03       0.25660D-01       0.42893D+00       0.24219D-01
       0.30400D+03       0.16536D-03       0.72477D-02       0.42895D+00       0.24182D-01
       0.30500D+03       0.16501D-03      -0.93410D-02       0.42893D+00       0.24154D-01
       0.30600D+03       0.16485D-03       0.34362D-01       0.42893D+00       0.24250D-01
       0.30700D+03       0.16499D-03       0.12625D-01       0.42894D+00       0.24199D-01
       0.30800D+03       0.16485D-03      -0.31935D-03       0.42893D+00       0.24170D-01
       0.30900D+03       0.16482D-03       0.43548D-01       0.42892D+00       0.24240D-01
       0.31000D+03       0.16493D-03       0.19235D-01       0.42894D+00       0.24171D-01
       0.31100D+03       0.16524D-03       0.10426D-01       0.42892D+00       0.24140D-01
       0.31200D+03       0.16526D-03       0.53116D-01       0.42892D+00       0.24318D-01
       0.31300D+03       0.16536D-03       0.25949D-01       0.42894D+00       0.24256D-01
       0.31400D+03       0.16623D-03       0.22700D-01       0.42892D+00       0.24225D-01
       0.31500D+03       0.16614D-03       0.62236D-01       0.42893D+00       0.24463D-01
       0.31600D+03       0.16628D-03       0.30658D-01       0.42894D+00       0.24420D-01
       0.31700D+03       0.16740D-03       0.34746D-01       0.42892D+00       0.24374D-01
       0.31800D+03       0.16726D-03       0.69021D-01       0.42893D+00       0.24519D-01
       0.31900D+03       0.16751D-03       0.30888D-01       0.42894D+00       0.24460D-01
       0.32000D+03       0.16840D-03       0.43287D-01       0.42893D+00       0.24417D-01
       0.32100D+03       0.16824D-03       0.70996D-01       0.42893D+00       0.24549D-01
       0.32200D+03       0.16857D-03       0.26068D-01       0.42894D+00       0.24499D-01
       0.32300D+03       0.16900D-03       0.45865D-01       0.42893D+00       0.24444D-01
       0.32400D+03       0.16888D-03       0.66774D-01       0.42894D+00       0.24563D-01
       0.32500D+03       0.16896D-03       0.18474D-01       0.42895D+00       0.24493D-01
       0.32600D+03       0.16905D-03       0.43088D-01       0.42894D+00       0.24428D-01
       0.32700D+03       0.16900D-03       0.57626D-01       0.42895D+00       0.24533D-01
       0.32800D+03       0.16880D-03       0.10862D-01       0.42895D+00       0.24469D-01
       0.32900D+03       0.16876D-03       0.37778D-01       0.42895D+00       0.24410D-01
       0.33000D+03       0.16871D-03       0.46771D-01       0.42896D+00       0.24452D-01
       0.33100D+03       0.16826D-03       0.47331D-02       0.42896D+00       0.24405D-01
       0.33200D+03       0.16815D-03       0.33052D-01       0.42895D+00       0.24346D-01
       0.33300D+03       0.16800D-03       0.37555D-01       0.42896D+00       0.24343D-01
       0.33400D+03       0.16767D-03       0.92242D-03       0.42896D+00       0.24320D-01
       0.33500D+03       0.16751D-03       0.31396D-01       0.42896D+00       0.24262D-01
       0.33600D+03       0.16728D-03       0.32269D-01       0.42897D+00       0.24257D-01
       0.33700D+03       0.16708D-03       0.94108D-04       0.42897D+00       0.24234D-01
       0.33800D+03       0.16680D-03       0.34241D-01       0.42897D+00       0.24178D-01
       0.33900D+03       0.16661D-03       0.31692D-01       0.42898D+00       0.24168D-01
       0.34000D+03       0.16650D-03       0.24226D-02       0.42898D+00       0.24147D-01
       0.34100D+03       0.16606D-03       0.41617D-01       0.42898D+00       0.24093D-01
       0.34200D+03       0.16600D-03       0.35081D-01       0.42899D+00       0.24059D-01
       0.34300D+03       0.16595D-03       0.74471D-02       0.42898D+00       0.24095D-01
       0.34400D+03       0.16550D-03       0.51993D-01       0.42898D+00       0.24060D-01
       0.34500D+03       0.16552D-03       0.40450D-01       0.42899D+00       0.24019D-01
       0.34600D+03       0.16556D-03       0.14412D-01       0.42899D+00       0.24054D-01
       0.34700D+03       0.16531D-03       0.62472D-01       0.42899D+00       0.23997D-01
       0.34800D+03       0.16538D-03       0.44943D-01       0.42900D+00       0.23952D-01
       0.34900D+03       0.16563D-03       0.22284D-01       0.42899D+00       0.23995D-01
       0.35000D+03       0.16567D-03       0.69570D-01       0.42900D+00       0.23954D-01
       0.35100D+03       0.16571D-03       0.45405D-01       0.42900D+00       0.23906D-01
       0.35200D+03       0.16632D-03       0.28929D-01       0.42899D+00       0.23958D-01
       0.35300D+03       0.16644D-03       0.70783D-01       0.42900D+00       0.23924D-01
       0.35400D+03       0.16646D-03       0.39819D-01       0.42901D+00       0.23878D-01
       0.35500D+03       0.16740D-03       0.31447D-01       0.42900D+00       0.23938D-01
       0.35600D+03       0.16747D-03       0.66196D-01       0.42900D+00       0.23942D-01
       0.35700D+03       0.16745D-03       0.29153D-01       0.42901D+00       0.23897D-01
       0.35800D+03       0.16838D-03       0.28807D-01       0.42900D+00       0.23962D-01
       0.35900D+03       0.16842D-03       0.57989D-01       0.42901D+00       0.23978D-01
       0.36000D+03       0.16844D-03       0.16654D-01       0.42901D+00       0.23973D-01
       0.36100D+03       0.16895D-03       0.22806D-01       0.42899D+00       0.24044D-01
       0.36200D+03       0.16900D-03       0.48482D-01       0.42901D+00       0.24021D-01
       0.36300D+03       0.16903D-03       0.50163D-02       0.42901D+00       0.23991D-01
       0.36400D+03       0.16907D-03       0.15946D-01       0.42899D+00       0.24065D-01
       0.36500D+03       0.16913D-03       0.39055D-01       0.42900D+00       0.24028D-01
       0.36600D+03       0.16910D-03      -0.48668D-02       0.42900D+00       0.24004D-01
       0.36700D+03       0.16885D-03       0.98332D-02       0.42899D+00       0.24080D-01
       0.36800D+03       0.16894D-03       0.30109D-01       0.42900D+00       0.24077D-01
       0.36900D+03       0.16879D-03      -0.13160D-01       0.42899D+00       0.24052D-01
       0.37000D+03       0.16845D-03       0.52957D-02       0.42898D+00       0.24058D-01
       0.37100D+03       0.16849D-03       0.21640D-01       0.42899D+00       0.24056D-01
       0.37200D+03       0.16832D-03      -0.19963D-01       0.42899D+00       0.24074D-01
       0.37300D+03       0.16803D-03       0.29501D-02       0.42897D+00       0.24084D-01
       0.37400D+03       0.16793D-03       0.13907D-01       0.42899D+00       0.24062D-01
       0.37500D+03       0.16780D-03      -0.24772D-01       0.42898D+00       0.24078D-01
       0.37600D+03       0.16760D-03       0.33333D-02       0.42897D+00       0.24090D-01
       0.37700D+03       0.16736D-03       0.76584D-02       0.42898D+00       0.24073D-01
       0.37800D+03       0.16731D-03      -0.26753D-01       0.42897D+00       0.24108D-01
       0.37900D+03       0.16718D-03       0.66338D-02       0.42896D+00       0.24143D-01
       0.38000D+03       0.16692D-03       0.37820D-02       0.42897D+00       0.24128D-01
       0.38100D+03       0.16675D-03      -0.25441D-01       0.42896D+00       0.24096D-01
       0.38200D+03       0.16663D-03       0.12458D-01       0.42895D+00       0.24226D-01
       0.38300D+03       0.16650D-03       0.27916D-02       0.42896D+00       0.24215D-01
       0.38400D+03       0.16624D-03      -0.21152D-01       0.42895D+00       0.24170D-01
       0.38500D+03       0.16607D-03       0.19957D-01       0.42894D+00       0.24226D-01
       0.38600D+03       0.16609D-03       0.46088D-02       0.42896D+00       0.24195D-01
       0.38700D+03       0.16580D-03      -0.14701D-01       0.42894D+00       0.24147D-01
       0.38800D+03       0.16562D-03       0.28311D-01       0.42894D+00       0.24227D-01
       0.38900D+03       0.16572D-03       0.87414D-02       0.42895D+00       0.24200D-01
       0.39000D+03       0.16548D-03      -0.67078D-02       0.42894D+00       0.24178D-01
       0.39100D+03       0.16538D-03       0.37158D-01       0.42894D+00       0.24231D-01
       0.39200D+03       0.16549D-03       0.14582D-01       0.42895D+00       0.24182D-01
       0.39300D+03       0.16546D-03       0.28196D-02       0.42893D+00       0.24159D-01
       0.39400D+03       0.16546D-03       0.46495D-01       0.42893D+00       0.24212D-01
       0.39500D+03       0.16554D-03       0.21384D-01       0.42894D+00       0.24160D-01
       0.39600D+03       0.16592D-03       0.14114D-01       0.42893D+00       0.24121D-01
       0.39700D+03       0.16592D-03       0.56061D-01       0.42893D+00       0.24260D-01
       0.39800D+03       0.16600D-03       0.27749D-01       0.42894D+00       0.24211D-01
       0.39900D+03       0.16678D-03       0.26597D-01       0.42893D+00       0.24188D-01
       0.40000D+03       0.16670D-03       0.64705D-01       0.42893D+00       0.24374D-01
       0.40100D+03       0.16684D-03       0.31297D-01       0.42894D+00       0.24345D-01
       0.40200D+03       0.16770D-03       0.37933D-01       0.42893D+00       0.24310D-01
       0.40300D+03       0.16758D-03       0.70255D-01       0.42894D+00       0.24422D-01
       0.40400D+03       0.16783D-03       0.29871D-01       0.42895D+00       0.24379D-01
       0.40500D+03       0.16841D-03       0.44763D-01       0.42894D+00       0.24333D-01
       0.40600D+03       0.16830D-03       0.70346D-01       0.42894D+00       0.24435D-01
       0.40700D+03       0.16850D-03       0.23861D-01       0.42895D+00       0.24391D-01
       0.40800D+03       0.16875D-03       0.45468D-01       0.42894D+00       0.24349D-01
       0.40900D+03       0.16867D-03       0.64333D-01       0.42895D+00       0.24440D-01
       0.41000D+03       0.16864D-03       0.16019D-01       0.42895D+00       0.24385D-01
       0.41100D+03       0.16867D-03       0.41559D-01       0.42895D+00       0.24336D-01
       0.41200D+03       0.16864D-03       0.54272D-01       0.42895D+00       0.24373D-01
       0.41300D+03       0.16841D-03       0.87590D-02       0.42896D+00       0.24331D-01
       0.41400D+03       0.16836D-03       0.36116D-01       0.42895D+00       0.24289D-01
       0.41500D+03       0.16830D-03       0.43602D-01       0.42896D+00       0.24321D-01
       0.41600D+03       0.16795D-03       0.32667D-02       0.42896D+00       0.24286D-01
       0.41700D+03       0.16786D-03       0.32118D-01       0.42896D+00       0.24241D-01
       0.41800D+03       0.16771D-03       0.35426D-01       0.42897D+00       0.24239D-01
       0.41900D+03       0.16748D-03       0.32469D-03       0.42897D+00       0.24219D-01
       0.42000D+03       0.16733D-03       0.31765D-01       0.42896D+00       0.24171D-01
       0.42100D+03       0.16715D-03       0.31592D-01       0.42897D+00       0.24166D-01
       0.42200D+03       0.16702D-03       0.48959D-03       0.42897D+00       0.24149D-01
       0.42300D+03       0.16676D-03       0.36085D-01       0.42897D+00       0.24111D-01
       0.42400D+03       0.16663D-03       0.32390D-01       0.42898D+00       0.24102D-01
       0.42500D+03       0.16655D-03       0.37265D-02       0.42898D+00       0.24085D-01
       0.42600D+03       0.16618D-03       0.44628D-01       0.42898D+00       0.24043D-01
       0.42700D+03       0.16616D-03       0.36654D-01       0.42898D+00       0.24013D-01
       0.42800D+03       0.16613D-03       0.94381D-02       0.42898D+00       0.24037D-01
       0.42900D+03       0.16582D-03       0.55395D-01       0.42898D+00       0.24006D-01
       0.43000D+03       0.16586D-03       0.42087D-01       0.42899D+00       0.23972D-01
       0.43100D+03       0.16591D-03       0.16827D-01       0.42898D+00       0.24003D-01
       0.43200D+03       0.16579D-03       0.65191D-01       0.42899D+00       0.23956D-01
       0.43300D+03       0.16584D-03       0.45654D-01       0.42899D+00       0.23918D-01
       0.43400D+03       0.16612D-03       0.24616D-01       0.42899D+00       0.23956D-01
       0.43500D+03       0.16619D-03       0.70630D-01       0.42899D+00       0.23923D-01
       0.43600D+03       0.16620D-03       0.44342D-01       0.42900D+00       0.23883D-01
       0.43700D+03       0.16681D-03       0.30262D-01       0.42899D+00       0.23927D-01
       0.43800D+03       0.16690D-03       0.69903D-01       0.42900D+00       0.23935D-01
       0.43900D+03       0.16690D-03       0.36922D-01       0.42900D+00       0.23903D-01
       0.44000D+03       0.16770D-03       0.31138D-01       0.42899D+00       0.23952D-01
       0.44100D+03       0.16774D-03       0.63916D-01       0.42900D+00       0.23943D-01
       0.44200D+03       0.16774D-03       0.25312D-01       0.42900D+00       0.23928D-01
       0.44300D+03       0.16841D-03       0.27178D-01       0.42899D+00       0.23983D-01
       0.44400D+03       0.16844D-03       0.55091D-01       0.42900D+00       0.23995D-01
       0.44500D+03       0.16846D-03       0.12875D-01       0.42900D+00       0.23989D-01
       0.44600D+03       0.16874D-03       0.20672D-01       0.42899D+00       0.24047D-01
       0.44700D+03       0.16879D-03       0.45514D-01       0.42900D+00       0.24030D-01
       0.44800D+03       0.16881D-03       0.17602D-02       0.42900D+00       0.24007D-01
       0.44900D+03       0.16874D-03       0.13921D-01       0.42899D+00       0.24067D-01
       0.45000D+03       0.16880D-03       0.36226D-01       0.42900D+00       0.24038D-01
       0.45100D+03       0.16875D-03      -0.75961D-02       0.42899D+00       0.24014D-01
       0.45200D+03       0.16851D-03       0.82273D-02       0.42898D+00       0.24076D-01
       0.45300D+03       0.16858D-03       0.27428D-01       0.42899D+00       0.24073D-01
       0.45400D+03       0.16844D-03      -0.15442D-01       0.42899D+00       0.24072D-01
       0.45500D+03       0.16817D-03       0.43051D-02       0.42898D+00       0.24078D-01
       0.45600D+03       0.16817D-03       0.19135D-01       0.42899D+00       0.24058D-01
       0.45700D+03       0.16805D-03      -0.21707D-01       0.42898D+00       0.24071D-01
       0.45800D+03       0.16783D-03       0.27582D-02       0.42897D+00       0.24080D-01
       0.45900D+03       0.16770D-03       0.11766D-01       0.42898D+00       0.24064D-01
       0.46000D+03       0.16766D-03      -0.25724D-01       0.42897D+00       0.24096D-01
       0.46100D+03       0.16752D-03       0.40515D-02       0.42896D+00       0.24124D-01
       0.46200D+03       0.16730D-03       0.61666D-02       0.42898D+00       0.24111D-01
       0.46300D+03       0.16720D-03      -0.26699D-01       0.42897D+00       0.24085D-01
       0.46400D+03       0.16711D-03       0.82050D-02       0.42896D+00       0.24193D-01
       0.46500D+03       0.16692D-03       0.31582D-02       0.42897D+00       0.24182D-01
       0.46600D+03       0.16676D-03      -0.24394D-01       0.42896D+00       0.24147D-01
       0.46700D+03       0.16664D-03       0.14649D-01       0.42895D+00       0.24269D-01
       0.46800D+03       0.16658D-03       0.30729D-02       0.42896D+00       0.24242D-01
       0.46900D+03       0.16635D-03      -0.19342D-01       0.42895D+00       0.24204D-01
       0.47000D+03       0.16620D-03       0.22485D-01       0.42895D+00       0.24251D-01
       0.47100D+03       0.16625D-03       0.56714D-02       0.42896D+00       0.24226D-01
       0.47200D+03       0.16601D-03      -0.12374D-01       0.42895D+00       0.24209D-01
       0.47300D+03       0.16588D-03       0.31007D-01       0.42894D+00       0.24272D-01
       0.47400D+03       0.16596D-03       0.10400D-01       0.42895D+00       0.24251D-01
       0.47500D+03       0.16581D-03      -0.39295D-02       0.42894D+00       0.24232D-01
       0.47600D+03       0.16575D-03       0.40003D-01       0.42894D+00       0.24278D-01
       0.47700D+03       0.16583D-03       0.16636D-01       0.42895D+00       0.24235D-01
       0.47800D+03       0.16590D-03       0.61344D-02       0.42894D+00       0.24215D-01
       0.47900D+03       0.16590D-03       0.49471D-01       0.42894D+00       0.24258D-01
       0.48000D+03       0.16597D-03       0.23499D-01       0.42895D+00       0.24219D-01
       0.48100D+03       0.16640D-03       0.17931D-01       0.42894D+00       0.24198D-01
       0.48200D+03       0.16639D-03       0.58926D-01       0.42894D+00       0.24306D-01
       0.48300D+03       0.16646D-03       0.29278D-01       0.42895D+00       0.24276D-01
       0.48400D+03       0.16716D-03       0.30394D-01       0.42894D+00       0.24245D-01
       0.48500D+03       0.16708D-03       0.66879D-01       0.42894D+00       0.24391D-01
       0.48600D+03       0.16721D-03       0.31435D-01       0.42895D+00       0.24349D-01
       0.48700D+03       0.16787D-03       0.40671D-01       0.42894D+00       0.24320D-01
       0.48800D+03       0.16777D-03       0.70951D-01       0.42894D+00       0.24411D-01
       0.48900D+03       0.16800D-03       0.28392D-01       0.42895D+00       0.24384D-01
       0.49000D+03       0.16839D-03       0.45622D-01       0.42894D+00       0.24347D-01
       0.49100D+03       0.16830D-03       0.69086D-01       0.42895D+00       0.24429D-01
       0.49200D+03       0.16843D-03       0.21483D-01       0.42895D+00       0.24387D-01
       0.49300D+03       0.16857D-03       0.44616D-01       0.42895D+00       0.24353D-01
       0.49400D+03       0.16852D-03       0.61493D-01       0.42895D+00       0.24425D-01
       0.49500D+03       0.16847D-03       0.13631D-01       0.42896D+00       0.24380D-01
       0.49600D+03       0.16846D-03       0.39884D-01       0.42895D+00       0.24341D-01
       0.49700D+03       0.16844D-03       0.50864D-01       0.42896D+00       0.24370D-01
       0.49800D+03       0.16817D-03       0.68275D-02       0.42896D+00       0.24336D-01
       0.49900D+03       0.16812D-03       0.34599D-01       0.42896D+00       0.24305D-01
       0.50000D+03       0.16804D-03       0.40682D-01       0.42896D+00       0.24305D-01
       0.50100D+03       0.16777D-03       0.20471D-02       0.42896D+00       0.24272D-01
       0.50200D+03       0.16769D-03       0.31544D-01       0.42896D+00       0.24233D-01
       0.50300D+03       0.16755D-03       0.33727D-01       0.42897D+00       0.24230D-01
       0.50400D+03       0.16738D-03       0.30981D-04       0.42897D+00       0.24213D-01
       0.50500D+03       0.16723D-03       0.32596D-01       0.42897D+00       0.24169D-01
       0.50600D+03       0.16708D-03       0.31373D-01       0.42897D+00       0.24164D-01
       0.50700D+03       0.16699D-03       0.11855D-02       0.42897D+00       0.24149D-01
       0.50800D+03       0.16674D-03       0.38348D-01       0.42897D+00       0.24117D-01
       0.50900D+03       0.16666D-03       0.33431D-01       0.42898D+00       0.24109D-01
       0.51000D+03       0.16660D-03       0.52694D-02       0.42898D+00       0.24126D-01
       0.51100D+03       0.16629D-03       0.47863D-01       0.42898D+00       0.24088D-01
       0.51200D+03       0.16629D-03       0.38346D-01       0.42898D+00       0.24061D-01
       0.51300D+03       0.16628D-03       0.11593D-01       0.42898D+00       0.24083D-01
       0.51400D+03       0.16604D-03       0.58707D-01       0.42898D+00       0.24050D-01
       0.51500D+03       0.16610D-03       0.43546D-01       0.42899D+00       0.24020D-01
       0.51600D+03       0.16620D-03       0.19293D-01       0.42898D+00       0.24047D-01
       0.51700D+03       0.16616D-03       0.67479D-01       0.42899D+00       0.24012D-01
       0.51800D+03       0.16619D-03       0.45883D-01       0.42899D+00       0.23979D-01
       0.51900D+03       0.16650D-03       0.26745D-01       0.42898D+00       0.24012D-01
       0.52000D+03       0.16658D-03       0.71074D-01       0.42899D+00       0.23986D-01
       0.52100D+03       0.16658D-03       0.42664D-01       0.42899D+00       0.23952D-01
       0.52200D+03       0.16715D-03       0.31114D-01       0.42899D+00       0.23990D-01
       0.52300D+03       0.16721D-03       0.68504D-01       0.42899D+00       0.23994D-01
       0.52400D+03       0.16721D-03       0.33609D-01       0.42900D+00       0.23965D-01
       0.52500D+03       0.16788D-03       0.30345D-01       0.42899D+00       0.24008D-01
       0.52600D+03       0.16790D-03       0.61366D-01       0.42899D+00       0.23999D-01
       0.52700D+03       0.16790D-03       0.21402D-01       0.42900D+00       0.23982D-01
       0.52800D+03       0.16838D-03       0.25307D-01       0.42899D+00       0.24029D-01
       0.52900D+03       0.16841D-03       0.52130D-01       0.42899D+00       0.24037D-01
       0.53000D+03       0.16845D-03       0.92378D-02       0.42899D+00       0.24041D-01
       0.53100D+03       0.16859D-03       0.18524D-01       0.42899D+00       0.24091D-01
       0.53200D+03       0.16863D-03       0.42580D-01       0.42899D+00       0.24063D-01
       0.53300D+03       0.16864D-03      -0.13218D-02       0.42899D+00       0.24045D-01
       0.53400D+03       0.16853D-03       0.12002D-01       0.42898D+00       0.24096D-01
       0.53500D+03       0.16859D-03       0.33446D-01       0.42899D+00       0.24093D-01
       0.53600D+03       0.16851D-03      -0.10183D-01       0.42899D+00       0.24077D-01
       0.53700D+03       0.16829D-03       0.67922D-02       0.42898D+00       0.24130D-01
       0.53800D+03       0.16834D-03       0.24792D-01       0.42899D+00       0.24128D-01
       0.53900D+03       0.16822D-03      -0.17576D-01       0.42898D+00       0.24125D-01
       0.54000D+03       0.16799D-03       0.35439D-02       0.42897D+00       0.24131D-01
       0.54100D+03       0.16797D-03       0.16716D-01       0.42898D+00       0.24116D-01
       0.54200D+03       0.16787D-03      -0.23235D-01       0.42898D+00       0.24127D-01
       0.54300D+03       0.16770D-03       0.28431D-02       0.42897D+00       0.24134D-01
       0.54400D+03       0.16757D-03       0.97947D-02       0.42898D+00       0.24122D-01
       0.54500D+03       0.16753D-03      -0.26379D-01       0.42897D+00       0.24147D-01
       0.54600D+03       0.16743D-03       0.50497D-02       0.42896D+00       0.24171D-01
       0.54700D+03       0.16724D-03       0.49281D-02       0.42897D+00       0.24160D-01
       0.54800D+03       0.16714D-03      -0.26323D-01       0.42897D+00       0.24138D-01
       0.54900D+03       0.16706D-03       0.99994D-02       0.42896D+00       0.24229D-01
       0.55000D+03       0.16693D-03       0.28203D-02       0.42897D+00       0.24221D-01
       0.55100D+03       0.16678D-03      -0.23081D-01       0.42896D+00       0.24190D-01
       0.55200D+03       0.16667D-03       0.16973D-01       0.42895D+00       0.24229D-01
       0.55300D+03       0.16665D-03       0.36149D-02       0.42896D+00       0.24207D-01
       0.55400D+03       0.16644D-03      -0.17352D-01       0.42895D+00       0.24174D-01
       0.55500D+03       0.16631D-03       0.25076D-01       0.42895D+00       0.24232D-01
       0.55600D+03       0.16637D-03       0.69391D-02       0.42896D+00       0.24211D-01
       0.55700D+03       0.16617D-03      -0.99089D-02       0.42895D+00       0.24196D-01
       0.55800D+03       0.16608D-03       0.33746D-01       0.42895D+00       0.24249D-01
       0.55900D+03       0.16615D-03       0.12205D-01       0.42895D+00       0.24231D-01
       0.56000D+03       0.16607D-03      -0.99554D-03       0.42895D+00       0.24215D-01
       0.56100D+03       0.16604D-03       0.42897D-01       0.42894D+00       0.24254D-01
       0.56200D+03       0.16610D-03       0.18756D-01       0.42895D+00       0.24216D-01
       0.56300D+03       0.16625D-03       0.96248D-02       0.42894D+00       0.24199D-01
       0.56400D+03       0.16626D-03       0.52453D-01       0.42894D+00       0.24222D-01
       0.56500D+03       0.16632D-03       0.25519D-01       0.42895D+00       0.24188D-01
       0.56600D+03       0.16678D-03       0.21827D-01       0.42894D+00       0.24171D-01
       0.56700D+03       0.16673D-03       0.61653D-01       0.42894D+00       0.24304D-01
       0.56800D+03       0.16680D-03       0.30453D-01       0.42895D+00       0.24280D-01
       0.56900D+03       0.16742D-03       0.33985D-01       0.42894D+00       0.24254D-01
       0.57000D+03       0.16735D-03       0.68679D-01       0.42895D+00       0.24336D-01
       0.57100D+03       0.16748D-03       0.31046D-01       0.42895D+00       0.24303D-01
       0.57200D+03       0.16799D-03       0.42876D-01       0.42894D+00       0.24279D-01
       0.57300D+03       0.16790D-03       0.71056D-01       0.42895D+00       0.24354D-01
       0.57400D+03       0.16809D-03       0.26527D-01       0.42895D+00       0.24327D-01
       0.57500D+03       0.16835D-03       0.45884D-01       0.42895D+00       0.24296D-01
       0.57600D+03       0.16828D-03       0.67254D-01       0.42895D+00       0.24364D-01
       0.57700D+03       0.16833D-03       0.19024D-01       0.42896D+00       0.24325D-01
       0.57800D+03       0.16841D-03       0.43399D-01       0.42895D+00       0.24297D-01
       0.57900D+03       0.16838D-03       0.58355D-01       0.42896D+00       0.24358D-01
       0.58000D+03       0.16828D-03       0.11352D-01       0.42896D+00       0.24322D-01
       0.58100D+03       0.16826D-03       0.38160D-01       0.42895D+00       0.24288D-01
       0.58200D+03       0.16823D-03       0.47504D-01       0.42896D+00       0.24312D-01
       0.58300D+03       0.16798D-03       0.50911D-02       0.42896D+00       0.24285D-01
       0.58400D+03       0.16792D-03       0.33303D-01       0.42896D+00       0.24252D-01
       0.58500D+03       0.16784D-03       0.38084D-01       0.42897D+00       0.24251D-01
       0.58600D+03       0.16764D-03       0.10958D-02       0.42897D+00       0.24238D-01
       0.58700D+03       0.16756D-03       0.31375D-01       0.42896D+00       0.24205D-01
       0.58800D+03       0.16743D-03       0.32483D-01       0.42897D+00       0.24202D-01
       0.58900D+03       0.16731D-03       0.47895D-04       0.42897D+00       0.24189D-01
       0.59000D+03       0.16715D-03       0.33890D-01       0.42897D+00       0.24157D-01
       0.59100D+03       0.16704D-03       0.31588D-01       0.42897D+00       0.24152D-01
       0.59200D+03       0.16697D-03       0.21668D-02       0.42897D+00       0.24140D-01
       0.59300D+03       0.16672D-03       0.40985D-01       0.42897D+00       0.24108D-01
       0.59400D+03       0.16668D-03       0.34754D-01       0.42898D+00       0.24086D-01
       0.59500D+03       0.16665D-03       0.70281D-02       0.42898D+00       0.24107D-01
       0.59600D+03       0.16639D-03       0.51233D-01       0.42898D+00       0.24087D-01
       0.59700D+03       0.16639D-03       0.40070D-01       0.42898D+00       0.24063D-01
       0.59800D+03       0.16641D-03       0.13886D-01       0.42898D+00       0.24083D-01
       0.59900D+03       0.16625D-03       0.61817D-01       0.42898D+00       0.24051D-01
       0.60000D+03       0.16629D-03       0.44728D-01       0.42899D+00       0.24024D-01
       0.60100D+03       0.16642D-03       0.21746D-01       0.42898D+00       0.24049D-01
       0.60200D+03       0.16644D-03       0.69252D-01       0.42898D+00       0.24023D-01
       0.60300D+03       0.16646D-03       0.45558D-01       0.42899D+00       0.23995D-01
       0.60400D+03       0.16680D-03       0.28572D-01       0.42898D+00       0.24025D-01
       0.60500D+03       0.16687D-03       0.70903D-01       0.42899D+00       0.24004D-01
       0.60600D+03       0.16688D-03       0.40399D-01       0.42899D+00       0.23973D-01
       0.60700D+03       0.16742D-03       0.31445D-01       0.42898D+00       0.24008D-01
       0.60800D+03       0.16747D-03       0.66660D-01       0.42899D+00       0.24010D-01
       0.60900D+03       0.16746D-03       0.29990D-01       0.42899D+00       0.23984D-01
       0.61000D+03       0.16801D-03       0.29128D-01       0.42898D+00       0.24023D-01
       0.61100D+03       0.16804D-03       0.58620D-01       0.42899D+00       0.24013D-01
       0.61200D+03       0.16804D-03       0.17511D-01       0.42899D+00       0.24001D-01
       0.61300D+03       0.16837D-03       0.23273D-01       0.42898D+00       0.24043D-01
       0.61400D+03       0.16840D-03       0.49147D-01       0.42899D+00       0.24029D-01
       0.61500D+03       0.16842D-03       0.57661D-02       0.42899D+00       0.24011D-01
       0.61600D+03       0.16846D-03       0.16409D-01       0.42898D+00       0.24054D-01
       0.61700D+03       0.16850D-03       0.39692D-01       0.42899D+00       0.24033D-01
       0.61800D+03       0.16848D-03      -0.42383D-02       0.42899D+00       0.24018D-01
       0.61900D+03       0.16835D-03       0.10213D-01       0.42898D+00       0.24063D-01
       0.62000D+03       0.16840D-03       0.30712D-01       0.42899D+00       0.24061D-01
       0.62100D+03       0.16831D-03      -0.12633D-01       0.42898D+00       0.24046D-01
       0.62200D+03       0.16811D-03       0.55458D-02       0.42898D+00       0.24050D-01
       0.62300D+03       0.16814D-03       0.22208D-01       0.42898D+00       0.24049D-01
       0.62400D+03       0.16804D-03      -0.19548D-01       0.42898D+00       0.24059D-01
       0.62500D+03       0.16786D-03       0.30295D-02       0.42897D+00       0.24065D-01
       0.62600D+03       0.16781D-03       0.14405D-01       0.42898D+00       0.24052D-01
       0.62700D+03       0.16773D-03      -0.24521D-01       0.42897D+00       0.24062D-01
       0.62800D+03       0.16761D-03       0.32121D-02       0.42897D+00       0.24069D-01
       0.62900D+03       0.16747D-03       0.80232D-02       0.42898D+00       0.24058D-01
       0.63000D+03       0.16744D-03      -0.26720D-01       0.42897D+00       0.24080D-01
       0.63100D+03       0.16736D-03       0.63165D-02       0.42896D+00       0.24101D-01
       0.63200D+03       0.16720D-03       0.39598D-02       0.42897D+00       0.24092D-01
       0.63300D+03       0.16710D-03      -0.25635D-01       0.42896D+00       0.24073D-01
       0.63400D+03       0.16703D-03       0.11990D-01       0.42896D+00       0.24151D-01
       0.63500D+03       0.16694D-03       0.27658D-02       0.42897D+00       0.24145D-01
       0.63600D+03       0.16679D-03      -0.21528D-01       0.42896D+00       0.24118D-01
       0.63700D+03       0.16669D-03       0.19403D-01       0.42895D+00       0.24152D-01
       0.63800D+03       0.16670D-03       0.44018D-02       0.42896D+00       0.24133D-01
       0.63900D+03       0.16652D-03      -0.15201D-01       0.42895D+00       0.24104D-01
       0.64000D+03       0.16640D-03       0.27717D-01       0.42895D+00       0.24153D-01
       0.64100D+03       0.16646D-03       0.83936D-02       0.42896D+00       0.24136D-01
       0.64200D+03       0.16631D-03      -0.73069D-02       0.42895D+00       0.24123D-01
       0.64300D+03       0.16625D-03       0.36531D-01       0.42895D+00       0.24156D-01
       0.64400D+03       0.16631D-03       0.14136D-01       0.42896D+00       0.24126D-01
       0.64500D+03       0.16628D-03       0.21049D-02       0.42895D+00       0.24112D-01
       0.64600D+03       0.16627D-03       0.45835D-01       0.42895D+00       0.24145D-01
       0.64700D+03       0.16632D-03       0.20906D-01       0.42895D+00       0.24113D-01
       0.64800D+03       0.16654D-03       0.13279D-01       0.42895D+00       0.24089D-01
       0.64900D+03       0.16653D-03       0.55410D-01       0.42895D+00       0.24174D-01
       0.65000D+03       0.16658D-03       0.27368D-01       0.42895D+00       0.24145D-01
       0.65100D+03       0.16705D-03       0.25734D-01       0.42895D+00       0.24130D-01
       0.65200D+03       0.16700D-03       0.64178D-01       0.42895D+00       0.24245D-01
       0.65300D+03       0.16708D-03       0.31196D-01       0.42895D+00       0.24227D-01
       0.65400D+03       0.16762D-03       0.37258D-01       0.42895D+00       0.24206D-01
       0.65500D+03       0.16754D-03       0.70024D-01       0.42895D+00       0.24275D-01
       0.65600D+03       0.16769D-03       0.30140D-01       0.42895D+00       0.24248D-01
       0.65700D+03       0.16807D-03       0.44487D-01       0.42895D+00       0.24229D-01
       0.65800D+03       0.16800D-03       0.70545D-01       0.42895D+00       0.24292D-01
       0.65900D+03       0.16813D-03       0.24371D-01       0.42896D+00       0.24266D-01
       0.66000D+03       0.16829D-03       0.45599D-01       0.42895D+00       0.24239D-01
       0.66100D+03       0.16825D-03       0.64915D-01       0.42896D+00       0.24297D-01
       0.66200D+03       0.16824D-03       0.16562D-01       0.42896D+00       0.24262D-01
       0.66300D+03       0.16827D-03       0.41916D-01       0.42895D+00       0.24232D-01
       0.66400D+03       0.16825D-03       0.55028D-01       0.42896D+00       0.24255D-01
       0.66500D+03       0.16812D-03       0.92137D-02       0.42896D+00       0.24228D-01
       0.66600D+03       0.16809D-03       0.36476D-01       0.42896D+00       0.24200D-01
       0.66700D+03       0.16806D-03       0.44289D-01       0.42896D+00       0.24220D-01
       0.66800D+03       0.16784D-03       0.35730D-02       0.42896D+00       0.24198D-01
       0.66900D+03       0.16778D-03       0.32297D-01       0.42896D+00       0.24170D-01
       0.67000D+03       0.16769D-03       0.35864D-01       0.42897D+00       0.24169D-01
       0.67100D+03       0.16754D-03       0.43196D-03       0.42897D+00       0.24157D-01
       0.67200D+03       0.16746D-03       0.31643D-01       0.42897D+00       0.24126D-01
       0.67300D+03       0.16734D-03       0.31703D-01       0.42897D+00       0.24124D-01
       0.67400D+03       0.16725D-03       0.37504D-03       0.42897D+00       0.24114D-01
       0.67500D+03       0.16710D-03       0.35637D-01       0.42897D+00       0.24089D-01
       0.67600D+03       0.16702D-03       0.32203D-01       0.42897D+00       0.24084D-01
       0.67700D+03       0.16696D-03       0.34144D-02       0.42897D+00       0.24074D-01
       0.67800D+03       0.16673D-03       0.43935D-01       0.42897D+00       0.24047D-01
       0.67900D+03       0.16671D-03       0.36291D-01       0.42898D+00       0.24029D-01
       0.68000D+03       0.16669D-03       0.89794D-02       0.42898D+00       0.24048D-01
       0.68100D+03       0.16648D-03       0.54641D-01       0.42898D+00       0.24029D-01
       0.68200D+03       0.16650D-03       0.41734D-01       0.42898D+00       0.24007D-01
       0.68300D+03       0.16653D-03       0.16283D-01       0.42898D+00       0.24026D-01
       0.68400D+03       0.16644D-03       0.64619D-01       0.42898D+00       0.23997D-01
       0.68500D+03       0.16647D-03       0.45535D-01       0.42898D+00       0.23973D-01
       0.68600D+03       0.16663D-03       0.24110D-01       0.42898D+00       0.23997D-01
       0.68700D+03       0.16667D-03       0.70447D-01       0.42898D+00       0.23976D-01
       0.68800D+03       0.16669D-03       0.44632D-01       0.42899D+00       0.23950D-01
       0.68900D+03       0.16705D-03       0.30005D-01       0.42898D+00       0.23977D-01
       0.69000D+03       0.16711D-03       0.70146D-01       0.42899D+00       0.23963D-01
       0.69100D+03       0.16711D-03       0.37607D-01       0.42899D+00       0.23938D-01
       0.69200D+03       0.16761D-03       0.31251D-01       0.42898D+00       0.23970D-01
       0.69300D+03       0.16764D-03       0.64450D-01       0.42899D+00       0.23964D-01
       0.69400D+03       0.16764D-03       0.26177D-01       0.42899D+00       0.23955D-01
       0.69500D+03       0.16808D-03       0.27565D-01       0.42898D+00       0.23990D-01
       0.69600D+03       0.16810D-03       0.55744D-01       0.42899D+00       0.23997D-01
       0.69700D+03       0.16811D-03       0.13707D-01       0.42899D+00       0.23994D-01
       0.69800D+03       0.16832D-03       0.21151D-01       0.42898D+00       0.24031D-01
       0.69900D+03       0.16834D-03       0.46173D-01       0.42899D+00       0.24020D-01
       0.70000D+03       0.16836D-03       0.24705D-02       0.42899D+00       0.24005D-01
       0.70100D+03       0.16833D-03       0.14364D-01       0.42898D+00       0.24044D-01
       0.70200D+03       0.16837D-03       0.36852D-01       0.42899D+00       0.24024D-01
       0.70300D+03       0.16834D-03      -0.70004D-02       0.42898D+00       0.24009D-01
       0.70400D+03       0.16819D-03       0.85710D-02       0.42898D+00       0.24049D-01
       0.70500D+03       0.16824D-03       0.28022D-01       0.42898D+00       0.24047D-01
       0.70600D+03       0.16815D-03      -0.14946D-01       0.42898D+00       0.24046D-01
       0.70700D+03       0.16798D-03       0.45066D-02       0.42897D+00       0.24050D-01
       0.70800D+03       0.16798D-03       0.19687D-01       0.42898D+00       0.24037D-01
       0.70900D+03       0.16790D-03      -0.21336D-01       0.42898D+00       0.24046D-01
       0.71000D+03       0.16775D-03       0.27773D-02       0.42897D+00       0.24052D-01
       0.71100D+03       0.16768D-03       0.12229D-01       0.42898D+00       0.24041D-01
       0.71200D+03       0.16765D-03      -0.25537D-01       0.42897D+00       0.24062D-01
       0.71300D+03       0.16756D-03       0.38668D-02       0.42897D+00       0.24080D-01
       0.71400D+03       0.16742D-03       0.64778D-02       0.42897D+00       0.24071D-01
       0.71500D+03       0.16736D-03      -0.26739D-01       0.42897D+00       0.24055D-01
       0.71600D+03       0.16729D-03       0.78346D-02       0.42896D+00       0.24125D-01
       0.71700D+03       0.16717D-03       0.32725D-02       0.42897D+00       0.24118D-01
       0.71800D+03       0.16707D-03      -0.24651D-01       0.42896D+00       0.24095D-01
       0.71900D+03       0.16699D-03       0.14148D-01       0.42896D+00       0.24175D-01
       0.72000D+03       0.16694D-03       0.29871D-02       0.42897D+00       0.24157D-01
       0.72100D+03       0.16680D-03      -0.19762D-01       0.42896D+00       0.24133D-01
       0.72200D+03       0.16670D-03       0.21916D-01       0.42895D+00       0.24163D-01
       0.72300D+03       0.16673D-03       0.54162D-02       0.42896D+00       0.24147D-01
       0.72400D+03       0.16657D-03      -0.12904D-01       0.42895D+00       0.24136D-01
       0.72500D+03       0.16648D-03       0.30402D-01       0.42895D+00       0.24178D-01
       0.72600D+03       0.16654D-03       0.10017D-01       0.42896D+00       0.24164D-01
       0.72700D+03       0.16642D-03      -0.45618D-02       0.42895D+00       0.24152D-01
       0.72800D+03       0.16638D-03       0.39364D-01       0.42895D+00       0.24182D-01
       0.72900D+03       0.16644D-03       0.16171D-01       0.42896D+00       0.24154D-01
       0.73000D+03       0.16646D-03       0.53802D-02       0.42895D+00       0.24141D-01
       0.73100D+03       0.16647D-03       0.48806D-01       0.42895D+00       0.24170D-01
       0.73200D+03       0.16651D-03       0.23034D-01       0.42895D+00       0.24144D-01
       0.73300D+03       0.16678D-03       0.17071D-01       0.42895D+00       0.24131D-01
       0.73400D+03       0.16677D-03       0.58297D-01       0.42895D+00       0.24205D-01
       0.73500D+03       0.16681D-03       0.28965D-01       0.42895D+00       0.24186D-01
       0.73600D+03       0.16727D-03       0.29562D-01       0.42895D+00       0.24166D-01
       0.73700D+03       0.16721D-03       0.66424D-01       0.42895D+00       0.24262D-01
       0.73800D+03       0.16729D-03       0.31449D-01       0.42895D+00       0.24234D-01
       0.73900D+03       0.16774D-03       0.40105D-01       0.42895D+00       0.24215D-01
       0.74000D+03       0.16767D-03       0.70845D-01       0.42895D+00       0.24275D-01
       0.74100D+03       0.16782D-03       0.28758D-01       0.42896D+00       0.24251D-01
       0.74200D+03       0.16809D-03       0.45483D-01       0.42895D+00       0.24226D-01
       0.74300D+03       0.16803D-03       0.69418D-01       0.42895D+00       0.24281D-01
       0.74400D+03       0.16813D-03       0.22023D-01       0.42896D+00       0.24256D-01
       0.74500D+03       0.16823D-03       0.44841D-01       0.42895D+00       0.24234D-01
       0.74600D+03       0.16819D-03       0.62155D-01       0.42896D+00       0.24283D-01
       0.74700D+03       0.16814D-03       0.14155D-01       0.42896D+00       0.24253D-01
       0.74800D+03       0.16814D-03       0.40265D-01       0.42896D+00       0.24226D-01
       0.74900D+03       0.16813D-03       0.51623D-01       0.42896D+00       0.24246D-01
       0.75000D+03       0.16798D-03       0.72419D-02       0.42896D+00       0.24224D-01
       0.75100D+03       0.16795D-03       0.34920D-01       0.42896D+00       0.24203D-01
       0.75200D+03       0.16790D-03       0.41307D-01       0.42896D+00       0.24220D-01
       0.75300D+03       0.16772D-03       0.22964D-02       0.42896D+00       0.24198D-01
       0.75400D+03       0.16766D-03       0.31638D-01       0.42896D+00       0.24172D-01
       0.75500D+03       0.16757D-03       0.34067D-01       0.42897D+00       0.24170D-01
       0.75600D+03       0.16746D-03       0.69694D-04       0.42897D+00       0.24159D-01
       0.75700D+03       0.16736D-03       0.32370D-01       0.42897D+00       0.24129D-01
       0.75800D+03       0.16726D-03       0.31383D-01       0.42897D+00       0.24126D-01
       0.75900D+03       0.16720D-03       0.10051D-02       0.42897D+00       0.24117D-01
       0.76000D+03       0.16704D-03       0.37810D-01       0.42897D+00       0.24095D-01
       0.76100D+03       0.16698D-03       0.33172D-01       0.42897D+00       0.24090D-01
       0.76200D+03       0.16694D-03       0.49060D-02       0.42897D+00       0.24101D-01
       0.76300D+03       0.16673D-03       0.47127D-01       0.42897D+00       0.24076D-01
       0.76400D+03       0.16672D-03       0.37963D-01       0.42898D+00       0.24059D-01
       0.76500D+03       0.16672D-03       0.11100D-01       0.42898D+00       0.24073D-01
       0.76600D+03       0.16655D-03       0.57982D-01       0.42898D+00       0.24051D-01
       0.76700D+03       0.16658D-03       0.43241D-01       0.42898D+00       0.24031D-01
       0.76800D+03       0.16664D-03       0.18742D-01       0.42898D+00       0.24049D-01
       0.76900D+03       0.16660D-03       0.67011D-01       0.42898D+00       0.24024D-01
       0.77000D+03       0.16663D-03       0.45878D-01       0.42898D+00       0.24003D-01
       0.77100D+03       0.16682D-03       0.26293D-01       0.42898D+00       0.24025D-01
       0.77200D+03       0.16687D-03       0.71029D-01       0.42898D+00       0.24007D-01
       0.77300D+03       0.16687D-03       0.43091D-01       0.42899D+00       0.23984D-01
       0.77400D+03       0.16725D-03       0.30968D-01       0.42898D+00       0.24009D-01
       0.77500D+03       0.16729D-03       0.68857D-01       0.42898D+00       0.24012D-01
       0.77600D+03       0.16729D-03       0.34378D-01       0.42899D+00       0.23993D-01
       0.77700D+03       0.16774D-03       0.30561D-01       0.42898D+00       0.24021D-01
       0.77800D+03       0.16777D-03       0.61954D-01       0.42899D+00       0.24016D-01
       0.77900D+03       0.16776D-03       0.22275D-01       0.42899D+00       0.24005D-01
       0.78000D+03       0.16810D-03       0.25741D-01       0.42898D+00       0.24036D-01
       0.78100D+03       0.16812D-03       0.52793D-01       0.42899D+00       0.24042D-01
       0.78200D+03       0.16815D-03       0.10035D-01       0.42899D+00       0.24045D-01
       0.78300D+03       0.16826D-03       0.19002D-01       0.42898D+00       0.24078D-01
       0.78400D+03       0.16829D-03       0.43230D-01       0.42899D+00       0.24059D-01
       0.78500D+03       0.16829D-03      -0.64961D-03       0.42898D+00       0.24047D-01
       0.78600D+03       0.16823D-03       0.12420D-01       0.42898D+00       0.24081D-01
       0.78700D+03       0.16827D-03       0.34062D-01       0.42898D+00       0.24080D-01
       0.78800D+03       0.16822D-03      -0.96183D-02       0.42898D+00       0.24069D-01
       0.78900D+03       0.16807D-03       0.70963D-02       0.42898D+00       0.24104D-01
       0.79000D+03       0.16811D-03       0.25375D-01       0.42898D+00       0.24103D-01
       0.79100D+03       0.16803D-03      -0.17114D-01       0.42898D+00       0.24102D-01
       0.79200D+03       0.16787D-03       0.36928D-02       0.42897D+00       0.24106D-01
       0.79300D+03       0.16786D-03       0.17246D-01       0.42898D+00       0.24095D-01
       0.79400D+03       0.16779D-03      -0.22915D-01       0.42897D+00       0.24102D-01
       0.79500D+03       0.16768D-03       0.27998D-02       0.42897D+00       0.24107D-01
       0.79600D+03       0.16759D-03       0.10218D-01       0.42898D+00       0.24099D-01
       0.79700D+03       0.16756D-03      -0.26260D-01       0.42897D+00       0.24117D-01
       0.79800D+03       0.16749D-03       0.48035D-02       0.42897D+00       0.24133D-01
       0.79900D+03       0.16736D-03       0.51813D-02       0.42897D+00       0.24125D-01
       0.80000D+03       0.16730D-03      -0.26434D-01       0.42897D+00       0.24110D-01
       0.80100D+03       0.16724D-03       0.95815D-02       0.42896D+00       0.24173D-01
       0.80200D+03       0.16715D-03       0.28709D-02       0.42897D+00       0.24167D-01
       0.80300D+03       0.16704D-03      -0.23395D-01       0.42896D+00       0.24146D-01
       0.80400D+03       0.16697D-03       0.16445D-01       0.42896D+00       0.24173D-01
       0.80500D+03       0.16695D-03       0.34723D-02       0.42896D+00       0.24157D-01
       0.80600D+03       0.16681D-03      -0.17810D-01       0.42896D+00       0.24135D-01
       0.80700D+03       0.16672D-03       0.24494D-01       0.42896D+00       0.24175D-01
       0.80800D+03       0.16676D-03       0.66397D-02       0.42896D+00       0.24161D-01
       0.80900D+03       0.16662D-03      -0.10470D-01       0.42896D+00       0.24150D-01
       0.81000D+03       0.16655D-03       0.33131D-01       0.42895D+00       0.24187D-01
       0.81100D+03       0.16660D-03       0.11791D-01       0.42896D+00       0.24175D-01
       0.81200D+03       0.16654D-03      -0.16635D-02       0.42895D+00       0.24164D-01
       0.81300D+03       0.16651D-03       0.42247D-01       0.42895D+00       0.24191D-01
       0.81400D+03       0.16655D-03       0.18280D-01       0.42896D+00       0.24165D-01
       0.81500D+03       0.16664D-03       0.88321D-02       0.42895D+00       0.24153D-01
       0.81600D+03       0.16665D-03       0.51789D-01       0.42895D+00       0.24169D-01
       0.81700D+03       0.16669D-03       0.25081D-01       0.42896D+00       0.24146D-01
       0.81800D+03       0.16699D-03       0.20955D-01       0.42895D+00       0.24134D-01
       0.81900D+03       0.16696D-03       0.61060D-01       0.42895D+00       0.24226D-01
       0.82000D+03       0.16701D-03       0.30226D-01       0.42896D+00       0.24208D-01
       0.82100D+03       0.16744D-03       0.33209D-01       0.42895D+00       0.24191D-01
       0.82200D+03       0.16738D-03       0.68314D-01       0.42895D+00       0.24247D-01
       0.82300D+03       0.16747D-03       0.31179D-01       0.42896D+00       0.24224D-01
       0.82400D+03       0.16784D-03       0.42434D-01       0.42895D+00       0.24208D-01
       0.82500D+03       0.16777D-03       0.71085D-01       0.42895D+00       0.24260D-01
       0.82600D+03       0.16790D-03       0.26971D-01       0.42896D+00       0.24242D-01
       0.82700D+03       0.16810D-03       0.45875D-01       0.42895D+00       0.24221D-01
       0.82800D+03       0.16805D-03       0.67709D-01       0.42896D+00       0.24268D-01
       0.82900D+03       0.16810D-03       0.19575D-01       0.42896D+00       0.24242D-01
       0.83000D+03       0.16815D-03       0.43697D-01       0.42896D+00       0.24223D-01
       0.83100D+03       0.16813D-03       0.59075D-01       0.42896D+00       0.24265D-01
       0.83200D+03       0.16807D-03       0.11849D-01       0.42896D+00       0.24240D-01
       0.83300D+03       0.16806D-03       0.38544D-01       0.42896D+00       0.24217D-01
       0.83400D+03       0.16804D-03       0.48243D-01       0.42896D+00       0.24234D-01
       0.83500D+03       0.16787D-03       0.54600D-02       0.42896D+00       0.24215D-01
       0.83600D+03       0.16783D-03       0.33569D-01       0.42896D+00       0.24191D-01
       0.83700D+03       0.16778D-03       0.38632D-01       0.42897D+00       0.24191D-01
       0.83800D+03       0.16763D-03       0.12836D-02       0.42897D+00       0.24182D-01
       0.83900D+03       0.16758D-03       0.31376D-01       0.42896D+00       0.24159D-01
       0.84000D+03       0.16749D-03       0.32720D-01       0.42897D+00       0.24158D-01
       0.84100D+03       0.16740D-03       0.17142D-04       0.42897D+00       0.24147D-01
       0.84200D+03       0.16730D-03       0.33562D-01       0.42897D+00       0.24121D-01
       0.84300D+03       0.16721D-03       0.31504D-01       0.42897D+00       0.24118D-01
       0.84400D+03       0.16716D-03       0.19243D-02       0.42897D+00       0.24109D-01
       0.84500D+03       0.16699D-03       0.40368D-01       0.42897D+00       0.24087D-01
       0.84600D+03       0.16696D-03       0.34438D-01       0.42898D+00       0.24071D-01
       0.84700D+03       0.16693D-03       0.66186D-02       0.42897D+00       0.24086D-01
       0.84800D+03       0.16675D-03       0.50475D-01       0.42897D+00       0.24073D-01
       0.84900D+03       0.16675D-03       0.39688D-01       0.42898D+00       0.24056D-01
       0.85000D+03       0.16676D-03       0.13364D-01       0.42898D+00       0.24070D-01
       0.85100D+03       0.16664D-03       0.61147D-01       0.42898D+00       0.24047D-01
       0.85200D+03       0.16667D-03       0.44493D-01       0.42898D+00       0.24028D-01
       0.85300D+03       0.16675D-03       0.21204D-01       0.42898D+00       0.24045D-01
       0.85400D+03       0.16676D-03       0.68905D-01       0.42898D+00       0.24028D-01
       0.85500D+03       0.16677D-03       0.45681D-01       0.42898D+00       0.24008D-01
       0.85600D+03       0.16700D-03       0.28196D-01       0.42898D+00       0.24028D-01
       0.85700D+03       0.16705D-03       0.70993D-01       0.42898D+00       0.24014D-01
       0.85800D+03       0.16706D-03       0.40952D-01       0.42898D+00       0.23992D-01
       0.85900D+03       0.16744D-03       0.31417D-01       0.42898D+00       0.24016D-01
       0.86000D+03       0.16747D-03       0.67106D-01       0.42898D+00       0.24018D-01
       0.86100D+03       0.16746D-03       0.30818D-01       0.42898D+00       0.24000D-01
       0.86200D+03       0.16786D-03       0.29432D-01       0.42898D+00       0.24027D-01
       0.86300D+03       0.16788D-03       0.59246D-01       0.42898D+00       0.24020D-01
       0.86400D+03       0.16788D-03       0.18373D-01       0.42898D+00       0.24004D-01
       0.86500D+03       0.16813D-03       0.23737D-01       0.42898D+00       0.24033D-01
       0.86600D+03       0.16815D-03       0.49812D-01       0.42898D+00       0.24023D-01
       0.86700D+03       0.16817D-03       0.65248D-02       0.42898D+00       0.24010D-01
       0.86800D+03       0.16821D-03       0.16875D-01       0.42898D+00       0.24041D-01
       0.86900D+03       0.16823D-03       0.40331D-01       0.42898D+00       0.24025D-01
       0.87000D+03       0.16823D-03      -0.36020D-02       0.42898D+00       0.24015D-01
       0.87100D+03       0.16813D-03       0.10599D-01       0.42898D+00       0.24047D-01
       0.87200D+03       0.16817D-03       0.31318D-01       0.42898D+00       0.24045D-01
       0.87300D+03       0.16811D-03      -0.12099D-01       0.42898D+00       0.24035D-01
       0.87400D+03       0.16797D-03       0.58063D-02       0.42897D+00       0.24038D-01
       0.87500D+03       0.16800D-03       0.22779D-01       0.42898D+00       0.24037D-01
       0.87600D+03       0.16793D-03      -0.19123D-01       0.42898D+00       0.24044D-01
       0.87700D+03       0.16780D-03       0.31220D-02       0.42897D+00       0.24048D-01
       0.87800D+03       0.16776D-03       0.14909D-01       0.42898D+00       0.24039D-01
       0.87900D+03       0.16771D-03      -0.24257D-01       0.42897D+00       0.24046D-01
       0.88000D+03       0.16762D-03       0.31051D-02       0.42897D+00       0.24051D-01
       0.88100D+03       0.16752D-03       0.83994D-02       0.42897D+00       0.24044D-01
       0.88200D+03       0.16749D-03      -0.26672D-01       0.42897D+00       0.24059D-01
       0.88300D+03       0.16744D-03       0.60117D-02       0.42896D+00       0.24074D-01
       0.88400D+03       0.16732D-03       0.41516D-02       0.42897D+00       0.24067D-01
       0.88500D+03       0.16725D-03      -0.25815D-01       0.42897D+00       0.24054D-01
       0.88600D+03       0.16720D-03       0.11531D-01       0.42896D+00       0.24110D-01
       0.88700D+03       0.16714D-03       0.27537D-02       0.42897D+00       0.24105D-01
       0.88800D+03       0.16703D-03      -0.21893D-01       0.42896D+00       0.24086D-01
       0.88900D+03       0.16696D-03       0.18854D-01       0.42896D+00       0.24111D-01
       0.89000D+03       0.16696D-03       0.42061D-02       0.42896D+00       0.24097D-01
       0.89100D+03       0.16683D-03      -0.15693D-01       0.42896D+00       0.24077D-01
       0.89200D+03       0.16675D-03       0.27124D-01       0.42896D+00       0.24112D-01
       0.89300D+03       0.16679D-03       0.80541D-02       0.42896D+00       0.24100D-01
       0.89400D+03       0.16667D-03      -0.78990D-02       0.42896D+00       0.24090D-01
       0.89500D+03       0.16663D-03       0.35906D-01       0.42895D+00       0.24114D-01
       0.89600D+03       0.16667D-03       0.13696D-01       0.42896D+00       0.24096D-01
       0.89700D+03       0.16664D-03       0.13990D-02       0.42895D+00       0.24086D-01
       0.89800D+03       0.16664D-03       0.45176D-01       0.42895D+00       0.24110D-01
       0.89900D+03       0.16667D-03       0.20426D-01       0.42896D+00       0.24087D-01
       0.90000D+03       0.16681D-03       0.12452D-01       0.42895D+00       0.24070D-01
       0.90100D+03       0.16681D-03       0.54755D-01       0.42895D+00       0.24132D-01
       0.90200D+03       0.16684D-03       0.26975D-01       0.42896D+00       0.24110D-01
       0.90300D+03       0.16717D-03       0.24866D-01       0.42895D+00       0.24100D-01
       0.90400D+03       0.16713D-03       0.63636D-01       0.42895D+00       0.24183D-01
       0.90500D+03       0.16719D-03       0.31071D-01       0.42896D+00       0.24170D-01
       0.90600D+03       0.16758D-03       0.36562D-01       0.42895D+00       0.24154D-01
       0.90700D+03       0.16752D-03       0.69768D-01       0.42895D+00       0.24205D-01
       0.90800D+03       0.16763D-03       0.30385D-01       0.42896D+00       0.24185D-01
       0.90900D+03       0.16791D-03       0.44181D-01       0.42895D+00       0.24171D-01
       0.91000D+03       0.16786D-03       0.70712D-01       0.42896D+00       0.24217D-01
       0.91100D+03       0.16796D-03       0.24872D-01       0.42896D+00       0.24198D-01
       0.91200D+03       0.16809D-03       0.45706D-01       0.42896D+00       0.24179D-01
       0.91300D+03       0.16805D-03       0.65476D-01       0.42896D+00       0.24221D-01
       0.91400D+03       0.16806D-03       0.17108D-01       0.42896D+00       0.24196D-01
       0.91500D+03       0.16808D-03       0.42265D-01       0.42896D+00       0.24174D-01
       0.91600D+03       0.16807D-03       0.55781D-01       0.42896D+00       0.24191D-01
       0.91700D+03       0.16798D-03       0.96767D-02       0.42896D+00       0.24169D-01
       0.91800D+03       0.16796D-03       0.36844D-01       0.42896D+00       0.24149D-01
       0.91900D+03       0.16794D-03       0.44989D-01       0.42896D+00       0.24164D-01
       0.92000D+03       0.16778D-03       0.38912D-02       0.42896D+00       0.24148D-01
       0.92100D+03       0.16774D-03       0.32493D-01       0.42896D+00       0.24127D-01
       0.92200D+03       0.16768D-03       0.36324D-01       0.42897D+00       0.24126D-01
       0.92300D+03       0.16756D-03       0.55419D-03       0.42897D+00       0.24118D-01
       0.92400D+03       0.16750D-03       0.31544D-01       0.42897D+00       0.24097D-01
       0.92500D+03       0.16742D-03       0.31837D-01       0.42897D+00       0.24095D-01
       0.92600D+03       0.16735D-03       0.27553D-03       0.42897D+00       0.24088D-01
       0.92700D+03       0.16724D-03       0.35209D-01       0.42897D+00       0.24070D-01
       0.92800D+03       0.16718D-03       0.32033D-01       0.42897D+00       0.24067D-01
       0.92900D+03       0.16714D-03       0.31143D-02       0.42897D+00       0.24059D-01
       0.93000D+03       0.16697D-03       0.43254D-01       0.42897D+00       0.24040D-01
       0.93100D+03       0.16695D-03       0.35933D-01       0.42898D+00       0.24027D-01
       0.93200D+03       0.16694D-03       0.85290D-02       0.42897D+00       0.24041D-01
       0.93300D+03       0.16678D-03       0.53883D-01       0.42897D+00       0.24027D-01
       0.93400D+03       0.16679D-03       0.41373D-01       0.42898D+00       0.24011D-01
       0.93500D+03       0.16681D-03       0.15741D-01       0.42898D+00       0.24025D-01
       0.93600D+03       0.16674D-03       0.64027D-01       0.42898D+00       0.24003D-01
       0.93700D+03       0.16676D-03       0.45392D-01       0.42898D+00       0.23986D-01
       0.93800D+03       0.16687D-03       0.23596D-01       0.42898D+00       0.24003D-01
       0.93900D+03       0.16689D-03       0.70233D-01       0.42898D+00       0.23989D-01
       0.94000D+03       0.16690D-03       0.44892D-01       0.42898D+00       0.23971D-01
       0.94100D+03       0.16716D-03       0.29724D-01       0.42898D+00       0.23991D-01
       0.94200D+03       0.16720D-03       0.70363D-01       0.42898D+00       0.23980D-01
       0.94300D+03       0.16720D-03       0.38271D-01       0.42898D+00       0.23962D-01
       0.94400D+03       0.16757D-03       0.31339D-01       0.42898D+00       0.23985D-01
       0.94500D+03       0.16759D-03       0.64970D-01       0.42898D+00       0.23981D-01
       0.94600D+03       0.16759D-03       0.27038D-01       0.42898D+00       0.23975D-01
       0.94700D+03       0.16793D-03       0.27939D-01       0.42898D+00       0.24000D-01
       0.94800D+03       0.16794D-03       0.56394D-01       0.42898D+00       0.24006D-01
       0.94900D+03       0.16795D-03       0.14544D-01       0.42898D+00       0.24004D-01
       0.95000D+03       0.16811D-03       0.21628D-01       0.42898D+00       0.24031D-01
       0.95100D+03       0.16813D-03       0.46834D-01       0.42898D+00       0.24022D-01
       0.95200D+03       0.16814D-03       0.31897D-02       0.42898D+00       0.24011D-01
       0.95300D+03       0.16813D-03       0.14812D-01       0.42898D+00       0.24040D-01
       0.95400D+03       0.16816D-03       0.37481D-01       0.42898D+00       0.24025D-01
       0.95500D+03       0.16814D-03      -0.63976D-02       0.42898D+00       0.24014D-01
       0.95600D+03       0.16804D-03       0.89231D-02       0.42898D+00       0.24044D-01
       0.95700D+03       0.16807D-03       0.28618D-01       0.42898D+00       0.24042D-01
       0.95800D+03       0.16801D-03      -0.14442D-01       0.42898D+00       0.24042D-01
       0.95900D+03       0.16788D-03       0.47193D-02       0.42897D+00       0.24044D-01
       0.96000D+03       0.16789D-03       0.20242D-01       0.42898D+00       0.24044D-01
       0.96100D+03       0.16782D-03      -0.20955D-01       0.42897D+00       0.24051D-01
       0.96200D+03       0.16772D-03       0.28102D-02       0.42897D+00       0.24055D-01
       0.96300D+03       0.16767D-03       0.12701D-01       0.42898D+00       0.24047D-01
       0.96400D+03       0.16764D-03      -0.25335D-01       0.42897D+00       0.24053D-01
       0.96500D+03       0.16757D-03       0.36963D-02       0.42897D+00       0.24066D-01
       0.96600D+03       0.16747D-03       0.68014D-02       0.42897D+00       0.24060D-01
       0.96700D+03       0.16742D-03      -0.26763D-01       0.42897D+00       0.24048D-01
       0.96800D+03       0.16738D-03       0.74756D-02       0.42896D+00       0.24100D-01
       0.96900D+03       0.16728D-03       0.34010D-02       0.42897D+00       0.24094D-01
       0.97000D+03       0.16721D-03      -0.24895D-01       0.42896D+00       0.24077D-01
       0.97100D+03       0.16716D-03       0.13654D-01       0.42896D+00       0.24137D-01
       0.97200D+03       0.16712D-03       0.29145D-02       0.42897D+00       0.24124D-01
       0.97300D+03       0.16701D-03      -0.20173D-01       0.42896D+00       0.24106D-01
       0.97400D+03       0.16694D-03       0.21350D-01       0.42896D+00       0.24128D-01
       0.97500D+03       0.16696D-03       0.51713D-02       0.42896D+00       0.24116D-01
       0.97600D+03       0.16684D-03      -0.13428D-01       0.42896D+00       0.24108D-01
       0.97700D+03       0.16677D-03       0.29800D-01       0.42896D+00       0.24139D-01
       0.97800D+03       0.16681D-03       0.96414D-02       0.42896D+00       0.24129D-01
       0.97900D+03       0.16672D-03      -0.51864D-02       0.42896D+00       0.24120D-01
       0.98000D+03       0.16669D-03       0.38729D-01       0.42895D+00       0.24141D-01
       0.98100D+03       0.16673D-03       0.15710D-01       0.42896D+00       0.24121D-01
       0.98200D+03       0.16674D-03       0.46349D-02       0.42895D+00       0.24112D-01
       0.98300D+03       0.16674D-03       0.48142D-01       0.42895D+00       0.24133D-01
       0.98400D+03       0.16677D-03       0.22564D-01       0.42896D+00       0.24114D-01
       0.98500D+03       0.16695D-03       0.16216D-01       0.42895D+00       0.24104D-01
       0.98600D+03       0.16695D-03       0.57662D-01       0.42895D+00       0.24159D-01
       0.98700D+03       0.16698D-03       0.28635D-01       0.42896D+00       0.24145D-01
       0.98800D+03       0.16732D-03       0.28721D-01       0.42895D+00       0.24136D-01
       0.98900D+03       0.16727D-03       0.65952D-01       0.42895D+00       0.24208D-01
       0.99000D+03       0.16733D-03       0.31437D-01       0.42896D+00       0.24186D-01
       0.99100D+03       0.16767D-03       0.39512D-01       0.42895D+00       0.24172D-01
       0.99200D+03       0.16762D-03       0.70711D-01       0.42896D+00       0.24217D-01
       0.99300D+03       0.16773D-03       0.29104D-01       0.42896D+00       0.24199D-01
       0.99400D+03       0.16794D-03       0.45314D-01       0.42896D+00       0.24181D-01
       0.99500D+03       0.16790D-03       0.69721D-01       0.42896D+00       0.24222D-01
       0.99600D+03       0.16797D-03       0.22558D-01       0.42896D+00       0.24204D-01
       0.99700D+03       0.16805D-03       0.45046D-01       0.42896D+00       0.24187D-01
       0.99800D+03       0.16803D-03       0.62802D-01       0.42896D+00       0.24224D-01
       0.99900D+03       0.16800D-03       0.14684D-01       0.42896D+00       0.24202D-01
       0.10000D+04       0.16800D-03       0.40643D-01       0.42896D+00       0.24182D-01
       0.10010D+04       0.16799D-03       0.52383D-01       0.42896D+00       0.24197D-01
       0.10020D+04       0.16788D-03       0.76657D-02       0.42896D+00       0.24180D-01
       0.10030D+04       0.16786D-03       0.35252D-01       0.42896D+00       0.24164D-01
       0.10040D+04       0.16783D-03       0.41948D-01       0.42897D+00       0.24177D-01
       0.10050D+04       0.16769D-03       0.25588D-02       0.42897D+00       0.24163D-01
       0.10060D+04       0.16765D-03       0.31752D-01       0.42896D+00       0.24145D-01
       0.10070D+04       0.16758D-03       0.34429D-01       0.42897D+00       0.24144D-01
       0.10080D+04       0.16749D-03       0.12378D-03       0.42897D+00       0.24136D-01
