       0.10000D+01       0.00000D+00       0.18224D-03       0.55368D+00       0.54173D+00
       0.20000D+01       0.13565D-01      -0.14115D-01       0.55736D+00       0.54640D+00
       0.30000D+01       0.13969D-01      -0.95704D-02       0.55639D+00       0.54526D+00
       0.40000D+01       0.12447D-01      -0.26960D-01       0.55664D+00       0.54557D+00
       0.50000D+01       0.10953D-01      -0.10376D-01       0.55673D+00       0.54570D+00
       0.60000D+01       0.11473D-01      -0.15609D-01       0.55638D+00       0.54527D+00
       0.70000D+01       0.14313D-01       0.60005D-04       0.55701D+00       0.54605D+00
       0.80000D+01       0.12605D-01      -0.40923D-03       0.55660D+00       0.54552D+00
       0.90000D+01       0.12479D-01      -0.93842D-02       0.55716D+00       0.54621D+00
       0.10000D+02       0.12546D-01      -0.66159D-02       0.55685D+00       0.54583D+00
       0.11000D+02       0.13327D-01      -0.25835D-01       0.55699D+00       0.54601D+00
       0.12000D+02       0.12318D-01      -0.12355D-01       0.55692D+00       0.54594D+00
       0.13000D+02       0.12100D-01      -0.20313D-01       0.55678D+00       0.54578D+00
       0.14000D+02       0.13891D-01      -0.16214D-02       0.55701D+00       0.54606D+00
       0.15000D+02       0.13272D-01      -0.26434D-02       0.55680D+00       0.54578D+00
       0.16000D+02       0.12477D-01      -0.51331D-02       0.55712D+00       0.54617D+00
       0.17000D+02       0.12241D-01      -0.36169D-02       0.55693D+00       0.54594D+00
       0.18000D+02       0.13420D-01      -0.23149D-01       0.55706D+00       0.54611D+00
       0.19000D+02       0.12976D-01      -0.12902D-01       0.55698D+00       0.54601D+00
       0.20000D+02       0.12498D-01      -0.24023D-01       0.55691D+00       0.54594D+00
       0.21000D+02       0.13344D-01      -0.43971D-02       0.55702D+00       0.54607D+00
       0.22000D+02       0.13196D-01      -0.62554D-02       0.55688D+00       0.54589D+00
       0.23000D+02       0.12735D-01      -0.18331D-02       0.55709D+00       0.54615D+00
       0.24000D+02       0.12335D-01      -0.10475D-02       0.55695D+00       0.54597D+00
       0.25000D+02       0.13324D-01      -0.19090D-01       0.55709D+00       0.54614D+00
       0.26000D+02       0.13244D-01      -0.11949D-01       0.55700D+00       0.54604D+00
       0.27000D+02       0.12803D-01      -0.26303D-01       0.55698D+00       0.54602D+00
       0.28000D+02       0.12950D-01      -0.74246D-02       0.55702D+00       0.54607D+00
       0.29000D+02       0.12987D-01      -0.10651D-01       0.55693D+00       0.54595D+00
       0.30000D+02       0.13086D-01      -0.29077D-04       0.55708D+00       0.52759D+00
       0.31000D+02       0.12668D-01       0.17295D-03       0.55697D+00       0.54600D+00
       0.32000D+02       0.13136D-01      -0.14263D-01       0.55709D+00       0.54615D+00
       0.33000D+02       0.13183D-01      -0.96546D-02       0.55701D+00       0.54606D+00
       0.34000D+02       0.13020D-01      -0.26968D-01       0.55702D+00       0.54607D+00
       0.35000D+02       0.12793D-01      -0.10298D-01       0.55703D+00       0.54607D+00
       0.36000D+02       0.12834D-01      -0.15460D-01       0.55696D+00       0.54599D+00
       0.37000D+02       0.13325D-01       0.84673D-04       0.55707D+00       0.54612D+00
       0.38000D+02       0.12990D-01      -0.36650D-03       0.55698D+00       0.54601D+00
       0.39000D+02       0.12962D-01      -0.95220D-02       0.55710D+00       0.54615D+00
       0.40000D+02       0.12971D-01      -0.67078D-02       0.55702D+00       0.54606D+00
       0.41000D+02       0.13158D-01      -0.25893D-01       0.55705D+00       0.54610D+00
       0.42000D+02       0.12873D-01      -0.12315D-01       0.55703D+00       0.54608D+00
       0.43000D+02       0.12799D-01      -0.20181D-01       0.55699D+00       0.54603D+00
       0.44000D+02       0.13354D-01      -0.15490D-02       0.55706D+00       0.54611D+00
       0.45000D+02       0.13156D-01      -0.25529D-02       0.55699D+00       0.54602D+00
       0.46000D+02       0.12885D-01      -0.52516D-02       0.55709D+00       0.54615D+00
       0.47000D+02       0.12796D-01      -0.37055D-02       0.55702D+00       0.54606D+00
       0.48000D+02       0.13220D-01      -0.23252D-01       0.55707D+00       0.54613D+00
       0.49000D+02       0.13048D-01      -0.12907D-01       0.55704D+00       0.54609D+00
       0.50000D+02       0.12858D-01      -0.23931D-01       0.55701D+00       0.54606D+00
       0.51000D+02       0.13207D-01      -0.43065D-02       0.55705D+00       0.54611D+00
       0.52000D+02       0.13143D-01      -0.61313D-02       0.55699D+00       0.54603D+00
       0.53000D+02       0.12939D-01      -0.19129D-02       0.55708D+00       0.54614D+00
       0.54000D+02       0.12760D-01      -0.11102D-02       0.55702D+00       0.54606D+00
       0.55000D+02       0.13204D-01      -0.19230D-01       0.55708D+00       0.54614D+00
       0.56000D+02       0.13166D-01      -0.11999D-01       0.55704D+00       0.54609D+00
       0.57000D+02       0.12957D-01      -0.26257D-01       0.55703D+00       0.54608D+00
       0.58000D+02       0.13033D-01      -0.73327D-02       0.55705D+00       0.54610D+00
       0.59000D+02       0.13048D-01      -0.10511D-01       0.55700D+00       0.54604D+00
       0.60000D+02       0.13089D-01      -0.59698D-04       0.55708D+00       0.53686D+00
       0.61000D+02       0.12877D-01       0.16199D-03       0.55702D+00       0.54607D+00
       0.62000D+02       0.13122D-01      -0.14412D-01       0.55709D+00       0.54614D+00
       0.63000D+02       0.13147D-01      -0.97382D-02       0.55704D+00       0.54609D+00
       0.64000D+02       0.13055D-01      -0.26973D-01       0.55705D+00       0.54610D+00
       0.65000D+02       0.12937D-01      -0.10219D-01       0.55705D+00       0.54610D+00
       0.66000D+02       0.12958D-01      -0.15311D-01       0.55701D+00       0.54606D+00
       0.67000D+02       0.13222D-01       0.10766D-03       0.55707D+00       0.54613D+00
       0.68000D+02       0.13035D-01      -0.32529D-03       0.55702D+00       0.54606D+00
       0.69000D+02       0.13026D-01      -0.96602D-02       0.55709D+00       0.54615D+00
       0.70000D+02       0.13031D-01      -0.67998D-02       0.55705D+00       0.54609D+00
       0.71000D+02       0.13132D-01      -0.25950D-01       0.55706D+00       0.54612D+00
       0.72000D+02       0.12966D-01      -0.12273D-01       0.55705D+00       0.54610D+00
       0.73000D+02       0.12924D-01      -0.20048D-01       0.55702D+00       0.54607D+00
       0.74000D+02       0.13253D-01      -0.14777D-02       0.55707D+00       0.54612D+00
       0.75000D+02       0.13133D-01      -0.24637D-02       0.55702D+00       0.54607D+00
       0.76000D+02       0.12972D-01      -0.53709D-02       0.55709D+00       0.54614D+00
       0.77000D+02       0.12918D-01      -0.37944D-02       0.55704D+00       0.54609D+00
       0.78000D+02       0.13173D-01      -0.23353D-01       0.55707D+00       0.54613D+00
       0.79000D+02       0.13065D-01      -0.12911D-01       0.55705D+00       0.54611D+00
       0.80000D+02       0.12948D-01      -0.23837D-01       0.55704D+00       0.54609D+00
       0.81000D+02       0.13171D-01      -0.42160D-02       0.55706D+00       0.54612D+00
       0.82000D+02       0.13129D-01      -0.60078D-02       0.55702D+00       0.54607D+00
       0.83000D+02       0.12996D-01      -0.19942D-02       0.55708D+00       0.54614D+00
       0.84000D+02       0.12882D-01      -0.11742D-02       0.55704D+00       0.54609D+00
       0.85000D+02       0.13168D-01      -0.19368D-01       0.55708D+00       0.54614D+00
       0.86000D+02       0.13142D-01      -0.12049D-01       0.55705D+00       0.54611D+00
       0.87000D+02       0.13005D-01      -0.26208D-01       0.55705D+00       0.54610D+00
       0.88000D+02       0.13059D-01      -0.72407D-02       0.55706D+00       0.54612D+00
       0.89000D+02       0.13068D-01      -0.10370D-01       0.55703D+00       0.54608D+00
       0.90000D+02       0.13090D-01      -0.91859D-04       0.55708D+00       0.53995D+00
       0.91000D+02       0.12948D-01       0.14936D-03       0.55704D+00       0.54609D+00
       0.92000D+02       0.13118D-01      -0.14561D-01       0.55708D+00       0.54614D+00
       0.93000D+02       0.13134D-01      -0.98212D-02       0.55706D+00       0.54611D+00
       0.94000D+02       0.13068D-01      -0.26977D-01       0.55706D+00       0.54611D+00
       0.95000D+02       0.12990D-01      -0.10139D-01       0.55706D+00       0.54611D+00
       0.96000D+02       0.13005D-01      -0.15162D-01       0.55703D+00       0.54608D+00
       0.97000D+02       0.13183D-01       0.12896D-03       0.55707D+00       0.54613D+00
       0.98000D+02       0.13053D-01      -0.28559D-03       0.55704D+00       0.54609D+00
       0.99000D+02       0.13051D-01      -0.97989D-02       0.55708D+00       0.54614D+00
       0.10000D+03       0.13055D-01      -0.68916D-02       0.55705D+00       0.54611D+00
       0.10100D+03       0.13122D-01      -0.26005D-01       0.55707D+00       0.54612D+00
       0.10200D+03       0.13005D-01      -0.12230D-01       0.55706D+00       0.54611D+00
       0.10300D+03       0.12976D-01      -0.19914D-01       0.55704D+00       0.54609D+00
       0.10400D+03       0.13209D-01      -0.14074D-02       0.55707D+00       0.54613D+00
       0.10500D+03       0.13123D-01      -0.23758D-02       0.55704D+00       0.54609D+00
       0.10600D+03       0.13009D-01      -0.54911D-02       0.55708D+00       0.54614D+00
       0.10700D+03       0.12972D-01      -0.38835D-02       0.55705D+00       0.54611D+00
       0.10800D+03       0.13153D-01      -0.23454D-01       0.55707D+00       0.54613D+00
       0.10900D+03       0.13073D-01      -0.12914D-01       0.55706D+00       0.54612D+00
       0.11000D+03       0.12990D-01      -0.23742D-01       0.55705D+00       0.54610D+00
       0.11100D+03       0.13155D-01      -0.41257D-02       0.55707D+00       0.54612D+00
       0.11200D+03       0.13123D-01      -0.58851D-02       0.55704D+00       0.54609D+00
       0.11300D+03       0.13023D-01      -0.20769D-02       0.55708D+00       0.54614D+00
       0.11400D+03       0.12940D-01      -0.12394D-02       0.55705D+00       0.54610D+00
       0.11500D+03       0.13151D-01      -0.19506D-01       0.55708D+00       0.54614D+00
       0.11600D+03       0.13131D-01      -0.12097D-01       0.55706D+00       0.54612D+00
       0.11700D+03       0.13029D-01      -0.26159D-01       0.55705D+00       0.54611D+00
       0.11800D+03       0.13073D-01      -0.71487D-02       0.55706D+00       0.54612D+00
       0.11900D+03       0.13079D-01      -0.10231D-01       0.55704D+00       0.54609D+00
       0.12000D+03       0.13090D-01      -0.12556D-03       0.55708D+00       0.54150D+00
       0.12100D+03       0.12984D-01       0.13505D-03       0.55705D+00       0.54610D+00
       0.12200D+03       0.13115D-01      -0.14709D-01       0.55708D+00       0.54614D+00
       0.12300D+03       0.13127D-01      -0.99036D-02       0.55706D+00       0.54612D+00
       0.12400D+03       0.13075D-01      -0.26980D-01       0.55706D+00       0.54612D+00
       0.12500D+03       0.13018D-01      -0.10059D-01       0.55706D+00       0.54612D+00
       0.12600D+03       0.13029D-01      -0.15013D-01       0.55704D+00       0.54610D+00
       0.12700D+03       0.13162D-01       0.14857D-03       0.55707D+00       0.54613D+00
       0.12800D+03       0.13062D-01      -0.24740D-03       0.55705D+00       0.54610D+00
       0.12900D+03       0.13064D-01      -0.99379D-02       0.55708D+00       0.54614D+00
       0.13000D+03       0.13068D-01      -0.69835D-02       0.55706D+00       0.54611D+00
       0.13100D+03       0.13116D-01      -0.26059D-01       0.55707D+00       0.54613D+00
       0.13200D+03       0.13026D-01      -0.12186D-01       0.55706D+00       0.54612D+00
       0.13300D+03       0.13005D-01      -0.19779D-01       0.55705D+00       0.54610D+00
       0.13400D+03       0.13186D-01      -0.13382D-02       0.55707D+00       0.54613D+00
       0.13500D+03       0.13117D-01      -0.22893D-02       0.55705D+00       0.54610D+00
       0.13600D+03       0.13030D-01      -0.56120D-02       0.55708D+00       0.54614D+00
       0.13700D+03       0.13002D-01      -0.39729D-02       0.55706D+00       0.54611D+00
       0.13800D+03       0.13141D-01      -0.23553D-01       0.55707D+00       0.54613D+00
       0.13900D+03       0.13078D-01      -0.12915D-01       0.55706D+00       0.54612D+00
       0.14000D+03       0.13013D-01      -0.23646D-01       0.55705D+00       0.54611D+00
       0.14100D+03       0.13145D-01      -0.40356D-02       0.55707D+00       0.54613D+00
       0.14200D+03       0.13119D-01      -0.57631D-02       0.55705D+00       0.54610D+00
       0.14300D+03       0.13038D-01      -0.21609D-02       0.55708D+00       0.54614D+00
       0.14400D+03       0.12974D-01      -0.13058D-02       0.55706D+00       0.54611D+00
       0.14500D+03       0.13142D-01      -0.19643D-01       0.55708D+00       0.54614D+00
       0.14600D+03       0.13124D-01      -0.12144D-01       0.55706D+00       0.54612D+00
       0.14700D+03       0.13043D-01      -0.26108D-01       0.55706D+00       0.54611D+00
       0.14800D+03       0.13080D-01      -0.70566D-02       0.55707D+00       0.54612D+00
       0.14900D+03       0.13085D-01      -0.10091D-01       0.55705D+00       0.54610D+00
       0.15000D+03       0.13091D-01      -0.16079D-03       0.55708D+00       0.54243D+00
       0.15100D+03       0.13006D-01       0.11908D-03       0.55706D+00       0.54611D+00
       0.15200D+03       0.13114D-01      -0.14858D-01       0.55708D+00       0.54614D+00
       0.15300D+03       0.13123D-01      -0.99853D-02       0.55706D+00       0.54612D+00
       0.15400D+03       0.13079D-01      -0.26981D-01       0.55706D+00       0.54612D+00
       0.15500D+03       0.13035D-01      -0.99775D-02       0.55707D+00       0.54612D+00
       0.15600D+03       0.13044D-01      -0.14864D-01       0.55705D+00       0.54610D+00
       0.15700D+03       0.13149D-01       0.16650D-03       0.55707D+00       0.54613D+00
       0.15800D+03       0.13068D-01      -0.21074D-03       0.55705D+00       0.54611D+00
       0.15900D+03       0.13073D-01      -0.10077D-01       0.55708D+00       0.54614D+00
       0.16000D+03       0.13076D-01      -0.70753D-02       0.55706D+00       0.54612D+00
       0.16100D+03       0.13113D-01      -0.26112D-01       0.55707D+00       0.54613D+00
       0.16200D+03       0.13039D-01      -0.12141D-01       0.55707D+00       0.54612D+00
       0.16300D+03       0.13023D-01      -0.19643D-01       0.55705D+00       0.54611D+00
       0.16400D+03       0.13171D-01      -0.12702D-02       0.55707D+00       0.54613D+00
       0.16500D+03       0.13114D-01      -0.22041D-02       0.55705D+00       0.54611D+00
       0.16600D+03       0.13044D-01      -0.57338D-02       0.55708D+00       0.54614D+00
       0.16700D+03       0.13022D-01      -0.40626D-02       0.55706D+00       0.54612D+00
       0.16800D+03       0.13134D-01      -0.23651D-01       0.55707D+00       0.54613D+00
       0.16900D+03       0.13081D-01      -0.12915D-01       0.55707D+00       0.54612D+00
       0.17000D+03       0.13028D-01      -0.23548D-01       0.55706D+00       0.54611D+00
       0.17100D+03       0.13139D-01      -0.39457D-02       0.55707D+00       0.54613D+00
       0.17200D+03       0.13117D-01      -0.56418D-02       0.55705D+00       0.54611D+00
       0.17300D+03       0.13049D-01      -0.22464D-02       0.55708D+00       0.54614D+00
       0.17400D+03       0.12996D-01      -0.13735D-02       0.55706D+00       0.54611D+00
       0.17500D+03       0.13135D-01      -0.19779D-01       0.55708D+00       0.54614D+00
       0.17600D+03       0.13119D-01      -0.12189D-01       0.55707D+00       0.54612D+00
       0.17700D+03       0.13052D-01      -0.26055D-01       0.55706D+00       0.54612D+00
       0.17800D+03       0.13086D-01      -0.69644D-02       0.55707D+00       0.54613D+00
       0.17900D+03       0.13089D-01      -0.99520D-02       0.55705D+00       0.54611D+00
       0.18000D+03       0.13091D-01      -0.19756D-03       0.55708D+00       0.54614D+00
       0.18100D+03       0.13021D-01       0.10142D-03       0.55706D+00       0.54611D+00
       0.18200D+03       0.13113D-01      -0.15007D-01       0.55708D+00       0.54614D+00
       0.18300D+03       0.13120D-01      -0.10066D-01       0.55707D+00       0.54612D+00
       0.18400D+03       0.13082D-01      -0.26980D-01       0.55707D+00       0.54612D+00
       0.18500D+03       0.13046D-01      -0.98956D-02       0.55707D+00       0.54613D+00
       0.18600D+03       0.13055D-01      -0.14716D-01       0.55705D+00       0.54611D+00
       0.18700D+03       0.13140D-01       0.18274D-03       0.55708D+00       0.54613D+00
       0.18800D+03       0.13072D-01      -0.17560D-03       0.55706D+00       0.54611D+00
       0.18900D+03       0.13078D-01      -0.10217D-01       0.55708D+00       0.54614D+00
       0.19000D+03       0.13082D-01      -0.71671D-02       0.55707D+00       0.54612D+00
       0.19100D+03       0.13110D-01      -0.26163D-01       0.55707D+00       0.54613D+00
       0.19200D+03       0.13048D-01      -0.12094D-01       0.55707D+00       0.54612D+00
       0.19300D+03       0.13035D-01      -0.19507D-01       0.55706D+00       0.54611D+00
       0.19400D+03       0.13160D-01      -0.12034D-02       0.55707D+00       0.54613D+00
       0.19500D+03       0.13111D-01      -0.21203D-02       0.55706D+00       0.54611D+00
       0.19600D+03       0.13053D-01      -0.58563D-02       0.55708D+00       0.54614D+00
       0.19700D+03       0.13035D-01      -0.41525D-02       0.55706D+00       0.54612D+00
       0.19800D+03       0.13129D-01      -0.23747D-01       0.55707D+00       0.54613D+00
       0.19900D+03       0.13083D-01      -0.12914D-01       0.55707D+00       0.54613D+00
       0.20000D+03       0.13039D-01      -0.23449D-01       0.55706D+00       0.54612D+00
       0.20100D+03       0.13135D-01      -0.38561D-02       0.55707D+00       0.54613D+00
       0.20200D+03       0.13115D-01      -0.55213D-02       0.55706D+00       0.54611D+00
       0.20300D+03       0.13056D-01      -0.23332D-02       0.55708D+00       0.54614D+00
       0.20400D+03       0.13012D-01      -0.14423D-02       0.55706D+00       0.54612D+00
       0.20500D+03       0.13130D-01      -0.19914D-01       0.55708D+00       0.54614D+00
       0.20600D+03       0.13116D-01      -0.12233D-01       0.55707D+00       0.54612D+00
       0.20700D+03       0.13058D-01      -0.26001D-01       0.55706D+00       0.54612D+00
       0.20800D+03       0.13089D-01      -0.68723D-02       0.55707D+00       0.54613D+00
       0.20900D+03       0.13091D-01      -0.98133D-02       0.55706D+00       0.54611D+00
       0.21000D+03       0.13091D-01      -0.23585D-03       0.55708D+00       0.54614D+00
       0.21100D+03       0.13031D-01       0.82095D-04       0.55706D+00       0.54612D+00
       0.21200D+03       0.13112D-01      -0.15156D-01       0.55708D+00       0.54614D+00
       0.21300D+03       0.13118D-01      -0.10147D-01       0.55707D+00       0.54612D+00
       0.21400D+03       0.13084D-01      -0.26977D-01       0.55707D+00       0.54613D+00
       0.21500D+03       0.13055D-01      -0.98129D-02       0.55707D+00       0.54613D+00
       0.21600D+03       0.13062D-01      -0.14567D-01       0.55706D+00       0.54611D+00
       0.21700D+03       0.13134D-01       0.19729D-03       0.55708D+00       0.54613D+00
       0.21800D+03       0.13075D-01      -0.14199D-03       0.55706D+00       0.54611D+00
       0.21900D+03       0.13082D-01      -0.10357D-01       0.55708D+00       0.54614D+00
       0.22000D+03       0.13086D-01      -0.72588D-02       0.55707D+00       0.54612D+00
       0.22100D+03       0.13108D-01      -0.26212D-01       0.55707D+00       0.54613D+00
       0.22200D+03       0.13055D-01      -0.12046D-01       0.55707D+00       0.54613D+00
       0.22300D+03       0.13045D-01      -0.19369D-01       0.55706D+00       0.54612D+00
       0.22400D+03       0.13152D-01      -0.11379D-02       0.55707D+00       0.54613D+00
       0.22500D+03       0.13109D-01      -0.20380D-02       0.55706D+00       0.54611D+00
       0.22600D+03       0.13060D-01      -0.59796D-02       0.55708D+00       0.54614D+00
       0.22700D+03       0.13045D-01      -0.42426D-02       0.55707D+00       0.54612D+00
       0.22800D+03       0.13125D-01      -0.23842D-01       0.55708D+00       0.54613D+00
       0.22900D+03       0.13084D-01      -0.12911D-01       0.55707D+00       0.54613D+00
       0.23000D+03       0.13047D-01      -0.23349D-01       0.55706D+00       0.54612D+00
       0.23100D+03       0.13131D-01      -0.37668D-02       0.55707D+00       0.54613D+00
       0.23200D+03       0.13113D-01      -0.54017D-02       0.55706D+00       0.54611D+00
       0.23300D+03       0.13061D-01      -0.24214D-02       0.55708D+00       0.54614D+00
       0.23400D+03       0.13023D-01      -0.15122D-02       0.55706D+00       0.54612D+00
       0.23500D+03       0.13127D-01      -0.20048D-01       0.55708D+00       0.54614D+00
       0.23600D+03       0.13114D-01      -0.12276D-01       0.55707D+00       0.54613D+00
       0.23700D+03       0.13063D-01      -0.25946D-01       0.55707D+00       0.54612D+00
       0.23800D+03       0.13092D-01      -0.67800D-02       0.55707D+00       0.54613D+00
       0.23900D+03       0.13093D-01      -0.96751D-02       0.55706D+00       0.54611D+00
       0.24000D+03       0.13091D-01      -0.27567D-03       0.55708D+00       0.54614D+00
       0.24100D+03       0.13039D-01       0.61090D-04       0.55706D+00       0.54612D+00
       0.24200D+03       0.13111D-01      -0.15305D-01       0.55708D+00       0.54614D+00
       0.24300D+03       0.13117D-01      -0.10226D-01       0.55707D+00       0.54613D+00
       0.24400D+03       0.13086D-01      -0.26973D-01       0.55707D+00       0.54613D+00
       0.24500D+03       0.13061D-01      -0.97297D-02       0.55707D+00       0.54613D+00
       0.24600D+03       0.13067D-01      -0.14419D-01       0.55706D+00       0.54612D+00
       0.24700D+03       0.13129D-01       0.21016D-03       0.55708D+00       0.54614D+00
       0.24800D+03       0.13077D-01      -0.10990D-03       0.55706D+00       0.54612D+00
       0.24900D+03       0.13085D-01      -0.10498D-01       0.55708D+00       0.54614D+00
       0.25000D+03       0.13089D-01      -0.73504D-02       0.55707D+00       0.54613D+00
       0.25100D+03       0.13107D-01      -0.26260D-01       0.55707D+00       0.54613D+00
       0.25200D+03       0.13060D-01      -0.11996D-01       0.55707D+00       0.54613D+00
       0.25300D+03       0.13052D-01      -0.19231D-01       0.55706D+00       0.54612D+00
       0.25400D+03       0.13146D-01      -0.10735D-02       0.55707D+00       0.54613D+00
       0.25500D+03       0.13108D-01      -0.19570D-02       0.55706D+00       0.54612D+00
       0.25600D+03       0.13065D-01      -0.61035D-02       0.55708D+00       0.54614D+00
       0.25700D+03       0.13053D-01      -0.43329D-02       0.55707D+00       0.54612D+00
       0.25800D+03       0.13122D-01      -0.23936D-01       0.55708D+00       0.54613D+00
       0.25900D+03       0.13085D-01      -0.12907D-01       0.55707D+00       0.54613D+00
       0.26000D+03       0.13053D-01      -0.23247D-01       0.55706D+00       0.54612D+00
       0.26100D+03       0.13129D-01      -0.36777D-02       0.55707D+00       0.54613D+00
       0.26200D+03       0.13112D-01      -0.52828D-02       0.55706D+00       0.54612D+00
       0.26300D+03       0.13065D-01      -0.25109D-02       0.55708D+00       0.54614D+00
       0.26400D+03       0.13032D-01      -0.15832D-02       0.55707D+00       0.54612D+00
       0.26500D+03       0.13124D-01      -0.20181D-01       0.55708D+00       0.54614D+00
       0.26600D+03       0.13112D-01      -0.12317D-01       0.55707D+00       0.54613D+00
       0.26700D+03       0.13067D-01      -0.25889D-01       0.55707D+00       0.54612D+00
       0.26800D+03       0.13094D-01      -0.66878D-02       0.55707D+00       0.54613D+00
       0.26900D+03       0.13095D-01      -0.95372D-02       0.55706D+00       0.54612D+00
       0.27000D+03       0.13091D-01      -0.31701D-03       0.55708D+00       0.54614D+00
       0.27100D+03       0.13045D-01       0.38409D-04       0.55707D+00       0.54612D+00
       0.27200D+03       0.13111D-01      -0.15454D-01       0.55708D+00       0.54614D+00
       0.27300D+03       0.13115D-01      -0.10305D-01       0.55707D+00       0.54613D+00
       0.27400D+03       0.13087D-01      -0.26967D-01       0.55707D+00       0.54613D+00
       0.27500D+03       0.13066D-01      -0.96458D-02       0.55707D+00       0.54613D+00
       0.27600D+03       0.13072D-01      -0.14270D-01       0.55706D+00       0.54612D+00
       0.27700D+03       0.13125D-01       0.22135D-03       0.55708D+00       0.54614D+00
       0.27800D+03       0.13078D-01      -0.79351D-04       0.55706D+00       0.54612D+00
       0.27900D+03       0.13088D-01      -0.10639D-01       0.55708D+00       0.54614D+00
       0.28000D+03       0.13091D-01      -0.74419D-02       0.55707D+00       0.54613D+00
       0.28100D+03       0.13106D-01      -0.26307D-01       0.55707D+00       0.54613D+00
       0.28200D+03       0.13064D-01      -0.11945D-01       0.55707D+00       0.54613D+00
       0.28300D+03       0.13057D-01      -0.19092D-01       0.55706D+00       0.54612D+00
       0.28400D+03       0.13141D-01      -0.10104D-02       0.55707D+00       0.54613D+00
       0.28500D+03       0.13106D-01      -0.18774D-02       0.55706D+00       0.54612D+00
       0.28600D+03       0.13069D-01      -0.62282D-02       0.55708D+00       0.54614D+00
       0.28700D+03       0.13059D-01      -0.44234D-02       0.55707D+00       0.54613D+00
       0.28800D+03       0.13119D-01      -0.24028D-01       0.55708D+00       0.54613D+00
       0.28900D+03       0.13086D-01      -0.12901D-01       0.55707D+00       0.54613D+00
       0.29000D+03       0.13058D-01      -0.23144D-01       0.55707D+00       0.54612D+00
       0.29100D+03       0.13127D-01      -0.35890D-02       0.55707D+00       0.54613D+00
       0.29200D+03       0.13111D-01      -0.51648D-02       0.55706D+00       0.54612D+00
       0.29300D+03       0.13069D-01      -0.26018D-02       0.55708D+00       0.54614D+00
       0.29400D+03       0.13040D-01      -0.16553D-02       0.55707D+00       0.54612D+00
       0.29500D+03       0.13122D-01      -0.20314D-01       0.55708D+00       0.54614D+00
       0.29600D+03       0.13110D-01      -0.12357D-01       0.55707D+00       0.54613D+00
       0.29700D+03       0.13070D-01      -0.25831D-01       0.55707D+00       0.54613D+00
       0.29800D+03       0.13096D-01      -0.65955D-02       0.55707D+00       0.54613D+00
       0.29900D+03       0.13096D-01      -0.93998D-02       0.55706D+00       0.54612D+00
       0.30000D+03       0.13092D-01      -0.35987D-03       0.55708D+00       0.54614D+00
       0.30100D+03       0.13050D-01       0.14052D-04       0.55707D+00       0.54612D+00
       0.30200D+03       0.13110D-01      -0.15603D-01       0.55708D+00       0.54614D+00
       0.30300D+03       0.13114D-01      -0.10383D-01       0.55707D+00       0.54613D+00
       0.30400D+03       0.13088D-01      -0.26960D-01       0.55707D+00       0.54613D+00
       0.30500D+03       0.13070D-01      -0.95613D-02       0.55707D+00       0.54613D+00
       0.30600D+03       0.13075D-01      -0.14122D-01       0.55706D+00       0.54612D+00
       0.30700D+03       0.13122D-01       0.23087D-03       0.55708D+00       0.54614D+00
       0.30800D+03       0.13080D-01      -0.50335D-04       0.55707D+00       0.54612D+00
       0.30900D+03       0.13090D-01      -0.10781D-01       0.55708D+00       0.54614D+00
       0.31000D+03       0.13093D-01      -0.75334D-02       0.55707D+00       0.54613D+00
       0.31100D+03       0.13105D-01      -0.26352D-01       0.55707D+00       0.54613D+00
       0.31200D+03       0.13067D-01      -0.11893D-01       0.55707D+00       0.54613D+00
       0.31300D+03       0.13061D-01      -0.18952D-01       0.55706D+00       0.54612D+00
       0.31400D+03       0.13137D-01      -0.94869D-03       0.55707D+00       0.54613D+00
       0.31500D+03       0.13105D-01      -0.17993D-02       0.55706D+00       0.54612D+00
       0.31600D+03       0.13073D-01      -0.63536D-02       0.55708D+00       0.54614D+00
       0.31700D+03       0.13063D-01      -0.45140D-02       0.55707D+00       0.54613D+00
       0.31800D+03       0.13117D-01      -0.24120D-01       0.55708D+00       0.54613D+00
       0.31900D+03       0.13087D-01      -0.12894D-01       0.55707D+00       0.54613D+00
       0.32000D+03       0.13062D-01      -0.23040D-01       0.55707D+00       0.54612D+00
       0.32100D+03       0.13125D-01      -0.35006D-02       0.55707D+00       0.54613D+00
       0.32200D+03       0.13111D-01      -0.50476D-02       0.55706D+00       0.54612D+00
       0.32300D+03       0.13071D-01      -0.26940D-02       0.55708D+00       0.54614D+00
       0.32400D+03       0.13045D-01      -0.17285D-02       0.55707D+00       0.54613D+00
       0.32500D+03       0.13120D-01      -0.20445D-01       0.55708D+00       0.54614D+00
       0.32600D+03       0.13109D-01      -0.12396D-01       0.55707D+00       0.54613D+00
       0.32700D+03       0.13072D-01      -0.25771D-01       0.55707D+00       0.54613D+00
       0.32800D+03       0.13097D-01      -0.65033D-02       0.55707D+00       0.54613D+00
       0.32900D+03       0.13097D-01      -0.92628D-02       0.55706D+00       0.54612D+00
       0.33000D+03       0.13092D-01      -0.40425D-03       0.55708D+00       0.54614D+00
       0.33100D+03       0.13054D-01      -0.11975D-04       0.55707D+00       0.54612D+00
       0.33200D+03       0.13110D-01      -0.15752D-01       0.55708D+00       0.54614D+00
       0.33300D+03       0.13113D-01      -0.10460D-01       0.55707D+00       0.54613D+00
       0.33400D+03       0.13088D-01      -0.26951D-01       0.55707D+00       0.54613D+00
       0.33500D+03       0.13073D-01      -0.94762D-02       0.55707D+00       0.54613D+00
       0.33600D+03       0.13078D-01      -0.13974D-01       0.55706D+00       0.54612D+00
       0.33700D+03       0.13119D-01       0.23870D-03       0.55708D+00       0.54614D+00
       0.33800D+03       0.13081D-01      -0.22858D-04       0.55707D+00       0.54612D+00
       0.33900D+03       0.13091D-01      -0.10922D-01       0.55708D+00       0.54614D+00
       0.34000D+03       0.13094D-01      -0.76247D-02       0.55707D+00       0.54613D+00
       0.34100D+03       0.13104D-01      -0.26395D-01       0.55707D+00       0.54613D+00
       0.34200D+03       0.13070D-01      -0.11840D-01       0.55707D+00       0.54613D+00
       0.34300D+03       0.13065D-01      -0.18812D-01       0.55707D+00       0.54612D+00
       0.34400D+03       0.13134D-01      -0.88825D-03       0.55707D+00       0.54613D+00
       0.34500D+03       0.13105D-01      -0.17226D-02       0.55707D+00       0.54612D+00
       0.34600D+03       0.13076D-01      -0.64796D-02       0.55708D+00       0.54614D+00
       0.34700D+03       0.13068D-01      -0.46048D-02       0.55707D+00       0.54613D+00
       0.34800D+03       0.13116D-01      -0.24209D-01       0.55708D+00       0.54613D+00
       0.34900D+03       0.13087D-01      -0.12886D-01       0.55707D+00       0.54613D+00
       0.35000D+03       0.13065D-01      -0.22934D-01       0.55707D+00       0.54612D+00
       0.35100D+03       0.13124D-01      -0.34125D-02       0.55707D+00       0.54613D+00
       0.35200D+03       0.13110D-01      -0.49313D-02       0.55706D+00       0.54612D+00
       0.35300D+03       0.13074D-01      -0.27875D-02       0.55708D+00       0.54614D+00
       0.35400D+03       0.13050D-01      -0.18026D-02       0.55707D+00       0.54613D+00
       0.35500D+03       0.13119D-01      -0.20575D-01       0.55708D+00       0.54614D+00
       0.35600D+03       0.13108D-01      -0.12433D-01       0.55707D+00       0.54613D+00
       0.35700D+03       0.13074D-01      -0.25710D-01       0.55707D+00       0.54613D+00
       0.35800D+03       0.13098D-01      -0.64110D-02       0.55707D+00       0.54613D+00
       0.35900D+03       0.13098D-01      -0.91263D-02       0.55706D+00       0.54612D+00
       0.36000D+03       0.13092D-01      -0.45014D-03       0.55708D+00       0.54614D+00
       0.36100D+03       0.13057D-01      -0.39670D-04       0.55707D+00       0.54613D+00
       0.36200D+03       0.13110D-01      -0.15901D-01       0.55708D+00       0.54614D+00
       0.36300D+03       0.13113D-01      -0.10536D-01       0.55707D+00       0.54613D+00
       0.36400D+03       0.13089D-01      -0.26940D-01       0.55707D+00       0.54613D+00
       0.36500D+03       0.13076D-01      -0.93907D-02       0.55707D+00       0.54613D+00
       0.36600D+03       0.13081D-01      -0.13826D-01       0.55707D+00       0.54612D+00
       0.36700D+03       0.13117D-01       0.24487D-03       0.55708D+00       0.54614D+00
       0.36800D+03       0.13082D-01       0.30771D-05       0.55707D+00       0.54612D+00
       0.36900D+03       0.13093D-01      -0.11064D-01       0.55708D+00       0.54614D+00
       0.37000D+03       0.13096D-01      -0.77159D-02       0.55707D+00       0.54613D+00
       0.37100D+03       0.13103D-01      -0.26437D-01       0.55707D+00       0.54613D+00
       0.37200D+03       0.13072D-01      -0.11785D-01       0.55707D+00       0.54613D+00
       0.37300D+03       0.13068D-01      -0.18670D-01       0.55707D+00       0.54612D+00
       0.37400D+03       0.13131D-01      -0.82917D-03       0.55708D+00       0.54613D+00
       0.37500D+03       0.13104D-01      -0.16473D-02       0.55707D+00       0.54612D+00
       0.37600D+03       0.13078D-01      -0.66063D-02       0.55708D+00       0.54614D+00
       0.37700D+03       0.13071D-01      -0.46957D-02       0.55707D+00       0.54613D+00
       0.37800D+03       0.13114D-01      -0.24298D-01       0.55708D+00       0.54613D+00
       0.37900D+03       0.13088D-01      -0.12876D-01       0.55707D+00       0.54613D+00
       0.38000D+03       0.13068D-01      -0.22827D-01       0.55707D+00       0.54613D+00
       0.38100D+03       0.13123D-01      -0.33248D-02       0.55707D+00       0.54613D+00
       0.38200D+03       0.13109D-01      -0.48160D-02       0.55707D+00       0.54612D+00
       0.38300D+03       0.13076D-01      -0.28824D-02       0.55708D+00       0.54614D+00
       0.38400D+03       0.13055D-01      -0.18777D-02       0.55707D+00       0.54613D+00
       0.38500D+03       0.13117D-01      -0.20705D-01       0.55708D+00       0.54614D+00
       0.38600D+03       0.13107D-01      -0.12469D-01       0.55707D+00       0.54613D+00
       0.38700D+03       0.13076D-01      -0.25647D-01       0.55707D+00       0.54613D+00
       0.38800D+03       0.13099D-01      -0.63187D-02       0.55707D+00       0.54613D+00
       0.38900D+03       0.13099D-01      -0.89902D-02       0.55707D+00       0.54612D+00
       0.39000D+03       0.13092D-01      -0.49755D-03       0.55708D+00       0.54614D+00
       0.39100D+03       0.13060D-01      -0.69029D-04       0.55707D+00       0.54613D+00
       0.39200D+03       0.13110D-01      -0.16050D-01       0.55708D+00       0.54614D+00
       0.39300D+03       0.13112D-01      -0.10612D-01       0.55707D+00       0.54613D+00
       0.39400D+03       0.13089D-01      -0.26928D-01       0.55707D+00       0.54613D+00
       0.39500D+03       0.13078D-01      -0.93046D-02       0.55707D+00       0.54613D+00
       0.39600D+03       0.13083D-01      -0.13678D-01       0.55707D+00       0.54612D+00
       0.39700D+03       0.13115D-01       0.24938D-03       0.55708D+00       0.54614D+00
       0.39800D+03       0.13082D-01       0.27463D-04       0.55707D+00       0.54612D+00
       0.39900D+03       0.13094D-01      -0.11207D-01       0.55708D+00       0.54614D+00
       0.40000D+03       0.13097D-01      -0.78070D-02       0.55707D+00       0.54613D+00
       0.40100D+03       0.13103D-01      -0.26478D-01       0.55707D+00       0.54613D+00
       0.40200D+03       0.13074D-01      -0.11729D-01       0.55707D+00       0.54613D+00
       0.40300D+03       0.13071D-01      -0.18528D-01       0.55707D+00       0.54612D+00
       0.40400D+03       0.13129D-01      -0.77148D-03       0.55708D+00       0.54613D+00
       0.40500D+03       0.13103D-01      -0.15734D-02       0.55707D+00       0.54612D+00
       0.40600D+03       0.13080D-01      -0.67336D-02       0.55708D+00       0.54614D+00
       0.40700D+03       0.13074D-01      -0.47868D-02       0.55707D+00       0.54613D+00
       0.40800D+03       0.13113D-01      -0.24385D-01       0.55708D+00       0.54613D+00
       0.40900D+03       0.13088D-01      -0.12865D-01       0.55707D+00       0.54613D+00
       0.41000D+03       0.13070D-01      -0.22719D-01       0.55707D+00       0.54613D+00
       0.41100D+03       0.13122D-01      -0.32374D-02       0.55707D+00       0.54613D+00
       0.41200D+03       0.13109D-01      -0.47015D-02       0.55707D+00       0.54612D+00
       0.41300D+03       0.13077D-01      -0.29784D-02       0.55708D+00       0.54614D+00
       0.41400D+03       0.13058D-01      -0.19537D-02       0.55707D+00       0.54613D+00
       0.41500D+03       0.13116D-01      -0.20833D-01       0.55708D+00       0.54614D+00
       0.41600D+03       0.13106D-01      -0.12503D-01       0.55707D+00       0.54613D+00
       0.41700D+03       0.13078D-01      -0.25584D-01       0.55707D+00       0.54613D+00
       0.41800D+03       0.13100D-01      -0.62264D-02       0.55707D+00       0.54613D+00
       0.41900D+03       0.13099D-01      -0.88545D-02       0.55707D+00       0.54612D+00
       0.42000D+03       0.13092D-01      -0.54646D-03       0.55708D+00       0.54614D+00
       0.42100D+03       0.13063D-01      -0.10005D-03       0.55707D+00       0.54613D+00
       0.42200D+03       0.13109D-01      -0.16198D-01       0.55708D+00       0.54614D+00
       0.42300D+03       0.13111D-01      -0.10686D-01       0.55707D+00       0.54613D+00
       0.42400D+03       0.13090D-01      -0.26914D-01       0.55707D+00       0.54613D+00
       0.42500D+03       0.13080D-01      -0.92180D-02       0.55707D+00       0.54613D+00
       0.42600D+03       0.13084D-01      -0.13531D-01       0.55707D+00       0.54612D+00
       0.42700D+03       0.13114D-01       0.25221D-03       0.55708D+00       0.54614D+00
       0.42800D+03       0.13083D-01       0.50294D-04       0.55707D+00       0.54612D+00
       0.42900D+03       0.13095D-01      -0.11350D-01       0.55708D+00       0.54614D+00
       0.43000D+03       0.13098D-01      -0.78980D-02       0.55707D+00       0.54613D+00
       0.43100D+03       0.13102D-01      -0.26517D-01       0.55707D+00       0.54613D+00
       0.43200D+03       0.13076D-01      -0.11672D-01       0.55707D+00       0.54613D+00
       0.43300D+03       0.13073D-01      -0.18386D-01       0.55707D+00       0.54612D+00
       0.43400D+03       0.13127D-01      -0.71519D-03       0.55708D+00       0.54613D+00
       0.43500D+03       0.13103D-01      -0.15010D-02       0.55707D+00       0.54612D+00
       0.43600D+03       0.13082D-01      -0.68616D-02       0.55708D+00       0.54614D+00
       0.43700D+03       0.13076D-01      -0.48780D-02       0.55707D+00       0.54613D+00
       0.43800D+03       0.13112D-01      -0.24471D-01       0.55708D+00       0.54613D+00
       0.43900D+03       0.13089D-01      -0.12853D-01       0.55707D+00       0.54613D+00
       0.44000D+03       0.13072D-01      -0.22610D-01       0.55707D+00       0.54613D+00
       0.44100D+03       0.13121D-01      -0.31505D-02       0.55707D+00       0.54613D+00
       0.44200D+03       0.13108D-01      -0.45880D-02       0.55707D+00       0.54612D+00
       0.44300D+03       0.13079D-01      -0.30758D-02       0.55708D+00       0.54614D+00
       0.44400D+03       0.13061D-01      -0.20307D-02       0.55707D+00       0.54613D+00
       0.44500D+03       0.13115D-01      -0.20960D-01       0.55708D+00       0.54614D+00
       0.44600D+03       0.13105D-01      -0.12537D-01       0.55707D+00       0.54613D+00
       0.44700D+03       0.13079D-01      -0.25518D-01       0.55707D+00       0.54613D+00
       0.44800D+03       0.13101D-01      -0.61342D-02       0.55707D+00       0.54613D+00
       0.44900D+03       0.13100D-01      -0.87193D-02       0.55707D+00       0.54612D+00
       0.45000D+03       0.13092D-01      -0.59689D-03       0.55708D+00       0.54614D+00
       0.45100D+03       0.13065D-01      -0.13272D-03       0.55707D+00       0.54613D+00
       0.45200D+03       0.13109D-01      -0.16347D-01       0.55708D+00       0.54614D+00
       0.45300D+03       0.13111D-01      -0.10760D-01       0.55707D+00       0.54613D+00
       0.45400D+03       0.13090D-01      -0.26898D-01       0.55707D+00       0.54613D+00
       0.45500D+03       0.13082D-01      -0.91309D-02       0.55707D+00       0.54613D+00
       0.45600D+03       0.13086D-01      -0.13383D-01       0.55707D+00       0.54612D+00
       0.45700D+03       0.13112D-01       0.25340D-03       0.55708D+00       0.54614D+00
       0.45800D+03       0.13083D-01       0.71568D-04       0.55707D+00       0.54613D+00
       0.45900D+03       0.13096D-01      -0.11493D-01       0.55708D+00       0.54614D+00
       0.46000D+03       0.13098D-01      -0.79888D-02       0.55707D+00       0.54613D+00
       0.46100D+03       0.13102D-01      -0.26554D-01       0.55707D+00       0.54613D+00
       0.46200D+03       0.13077D-01      -0.11614D-01       0.55707D+00       0.54613D+00
       0.46300D+03       0.13075D-01      -0.18243D-01       0.55707D+00       0.54612D+00
       0.46400D+03       0.13125D-01      -0.66033D-03       0.55708D+00       0.54613D+00
       0.46500D+03       0.13102D-01      -0.14301D-02       0.55707D+00       0.54612D+00
       0.46600D+03       0.13083D-01      -0.69901D-02       0.55708D+00       0.54614D+00
       0.46700D+03       0.13079D-01      -0.49693D-02       0.55707D+00       0.54613D+00
       0.46800D+03       0.13111D-01      -0.24555D-01       0.55708D+00       0.54613D+00
       0.46900D+03       0.13089D-01      -0.12839D-01       0.55707D+00       0.54613D+00
       0.47000D+03       0.13074D-01      -0.22499D-01       0.55707D+00       0.54613D+00
       0.47100D+03       0.13120D-01      -0.30641D-02       0.55707D+00       0.54613D+00
       0.47200D+03       0.13108D-01      -0.44754D-02       0.55707D+00       0.54612D+00
       0.47300D+03       0.13080D-01      -0.31744D-02       0.55708D+00       0.54614D+00
       0.47400D+03       0.13064D-01      -0.21085D-02       0.55707D+00       0.54613D+00
       0.47500D+03       0.13114D-01      -0.21086D-01       0.55708D+00       0.54614D+00
       0.47600D+03       0.13105D-01      -0.12568D-01       0.55707D+00       0.54613D+00
       0.47700D+03       0.13080D-01      -0.25452D-01       0.55707D+00       0.54613D+00
       0.47800D+03       0.13101D-01      -0.60419D-02       0.55707D+00       0.54613D+00
       0.47900D+03       0.13100D-01      -0.85845D-02       0.55707D+00       0.54612D+00
       0.48000D+03       0.13092D-01      -0.64882D-03       0.55708D+00       0.54614D+00
       0.48100D+03       0.13067D-01      -0.16704D-03       0.55707D+00       0.54613D+00
       0.48200D+03       0.13109D-01      -0.16495D-01       0.55708D+00       0.54614D+00
       0.48300D+03       0.13110D-01      -0.10832D-01       0.55707D+00       0.54613D+00
       0.48400D+03       0.13091D-01      -0.26881D-01       0.55707D+00       0.54613D+00
       0.48500D+03       0.13084D-01      -0.90434D-02       0.55707D+00       0.54613D+00
       0.48600D+03       0.13087D-01      -0.13236D-01       0.55707D+00       0.54612D+00
       0.48700D+03       0.13111D-01       0.25293D-03       0.55708D+00       0.54613D+00
       0.48800D+03       0.13084D-01       0.91280D-04       0.55707D+00       0.54613D+00
       0.48900D+03       0.13096D-01      -0.11637D-01       0.55708D+00       0.54614D+00
       0.49000D+03       0.13099D-01      -0.80794D-02       0.55707D+00       0.54613D+00
       0.49100D+03       0.13102D-01      -0.26590D-01       0.55707D+00       0.54613D+00
       0.49200D+03       0.13079D-01      -0.11554D-01       0.55707D+00       0.54613D+00
       0.49300D+03       0.13077D-01      -0.18099D-01       0.55707D+00       0.54613D+00
       0.49400D+03       0.13124D-01      -0.60693D-03       0.55708D+00       0.54613D+00
       0.49500D+03       0.13102D-01      -0.13606D-02       0.55707D+00       0.54612D+00
       0.49600D+03       0.13085D-01      -0.71192D-02       0.55708D+00       0.54614D+00
       0.49700D+03       0.13081D-01      -0.50606D-02       0.55707D+00       0.54613D+00
       0.49800D+03       0.13110D-01      -0.24638D-01       0.55708D+00       0.54613D+00
       0.49900D+03       0.13089D-01      -0.12824D-01       0.55707D+00       0.54613D+00
       0.50000D+03       0.13075D-01      -0.22387D-01       0.55707D+00       0.54613D+00
       0.50100D+03       0.13119D-01      -0.29781D-02       0.55707D+00       0.54613D+00
       0.50200D+03       0.13108D-01      -0.43639D-02       0.55707D+00       0.54612D+00
       0.50300D+03       0.13081D-01      -0.32742D-02       0.55708D+00       0.54614D+00
       0.50400D+03       0.13066D-01      -0.21872D-02       0.55707D+00       0.54613D+00
       0.50500D+03       0.13114D-01      -0.21211D-01       0.55708D+00       0.54613D+00
       0.50600D+03       0.13104D-01      -0.12599D-01       0.55707D+00       0.54613D+00
       0.50700D+03       0.13081D-01      -0.25383D-01       0.55707D+00       0.54613D+00
       0.50800D+03       0.13102D-01      -0.59497D-02       0.55707D+00       0.54613D+00
       0.50900D+03       0.13101D-01      -0.84502D-02       0.55707D+00       0.54612D+00
       0.51000D+03       0.13092D-01      -0.70226D-03       0.55708D+00       0.54614D+00
       0.51100D+03       0.13069D-01      -0.20299D-03       0.55707D+00       0.54613D+00
       0.51200D+03       0.13109D-01      -0.16643D-01       0.55708D+00       0.54614D+00
       0.51300D+03       0.13110D-01      -0.10904D-01       0.55707D+00       0.54613D+00
       0.51400D+03       0.13091D-01      -0.26862D-01       0.55707D+00       0.54613D+00
       0.51500D+03       0.13085D-01      -0.89555D-02       0.55707D+00       0.54613D+00
       0.51600D+03       0.13088D-01      -0.13089D-01       0.55707D+00       0.54613D+00
       0.51700D+03       0.13110D-01       0.25082D-03       0.55708D+00       0.54613D+00
       0.51800D+03       0.13084D-01       0.10942D-03       0.55707D+00       0.54613D+00
       0.51900D+03       0.13097D-01      -0.11781D-01       0.55708D+00       0.54614D+00
       0.52000D+03       0.13100D-01      -0.81699D-02       0.55707D+00       0.54613D+00
       0.52100D+03       0.13101D-01      -0.26625D-01       0.55707D+00       0.54613D+00
       0.52200D+03       0.13080D-01      -0.11493D-01       0.55707D+00       0.54613D+00
       0.52300D+03       0.13079D-01      -0.17955D-01       0.55707D+00       0.54613D+00
       0.52400D+03       0.13122D-01      -0.55500D-03       0.55708D+00       0.54613D+00
       0.52500D+03       0.13101D-01      -0.12926D-02       0.55707D+00       0.54613D+00
       0.52600D+03       0.13086D-01      -0.72490D-02       0.55708D+00       0.54614D+00
       0.52700D+03       0.13082D-01      -0.51521D-02       0.55707D+00       0.54613D+00
       0.52800D+03       0.13110D-01      -0.24720D-01       0.55708D+00       0.54613D+00
       0.52900D+03       0.13089D-01      -0.12807D-01       0.55707D+00       0.54613D+00
       0.53000D+03       0.13077D-01      -0.22274D-01       0.55707D+00       0.54613D+00
       0.53100D+03       0.13118D-01      -0.28926D-02       0.55708D+00       0.54613D+00
       0.53200D+03       0.13107D-01      -0.42533D-02       0.55707D+00       0.54612D+00
       0.53300D+03       0.13082D-01      -0.33753D-02       0.55708D+00       0.54614D+00
       0.53400D+03       0.13069D-01      -0.22666D-02       0.55707D+00       0.54613D+00
       0.53500D+03       0.13113D-01      -0.21335D-01       0.55708D+00       0.54613D+00
       0.53600D+03       0.13103D-01      -0.12628D-01       0.55707D+00       0.54613D+00
       0.53700D+03       0.13082D-01      -0.25314D-01       0.55707D+00       0.54613D+00
       0.53800D+03       0.13103D-01      -0.58575D-02       0.55707D+00       0.54613D+00
       0.53900D+03       0.13101D-01      -0.83164D-02       0.55707D+00       0.54613D+00
       0.54000D+03       0.13092D-01      -0.75720D-03       0.55708D+00       0.54614D+00
       0.54100D+03       0.13070D-01      -0.24057D-03       0.55707D+00       0.54613D+00
       0.54200D+03       0.13109D-01      -0.16791D-01       0.55708D+00       0.54614D+00
       0.54300D+03       0.13109D-01      -0.10975D-01       0.55707D+00       0.54613D+00
       0.54400D+03       0.13091D-01      -0.26841D-01       0.55707D+00       0.54613D+00
       0.54500D+03       0.13086D-01      -0.88673D-02       0.55707D+00       0.54613D+00
       0.54600D+03       0.13089D-01      -0.12943D-01       0.55707D+00       0.54613D+00
       0.54700D+03       0.13109D-01       0.24707D-03       0.55708D+00       0.54613D+00
       0.54800D+03       0.13085D-01       0.12599D-03       0.55707D+00       0.54613D+00
       0.54900D+03       0.13098D-01      -0.11925D-01       0.55708D+00       0.54614D+00
       0.55000D+03       0.13100D-01      -0.82601D-02       0.55707D+00       0.54613D+00
       0.55100D+03       0.13101D-01      -0.26658D-01       0.55707D+00       0.54613D+00
       0.55200D+03       0.13081D-01      -0.11431D-01       0.55707D+00       0.54613D+00
       0.55300D+03       0.13080D-01      -0.17810D-01       0.55707D+00       0.54613D+00
       0.55400D+03       0.13121D-01      -0.50456D-03       0.55708D+00       0.54613D+00
       0.55500D+03       0.13101D-01      -0.12261D-02       0.55707D+00       0.54613D+00
       0.55600D+03       0.13087D-01      -0.73792D-02       0.55708D+00       0.54614D+00
       0.55700D+03       0.13084D-01      -0.52436D-02       0.55707D+00       0.54613D+00
       0.55800D+03       0.13109D-01      -0.24800D-01       0.55708D+00       0.54613D+00
       0.55900D+03       0.13090D-01      -0.12789D-01       0.55707D+00       0.54613D+00
       0.56000D+03       0.13078D-01      -0.22160D-01       0.55707D+00       0.54613D+00
       0.56100D+03       0.13118D-01      -0.28076D-02       0.55708D+00       0.54613D+00
       0.56200D+03       0.13107D-01      -0.41438D-02       0.55707D+00       0.54613D+00
       0.56300D+03       0.13083D-01      -0.34775D-02       0.55708D+00       0.54614D+00
       0.56400D+03       0.13071D-01      -0.23469D-02       0.55707D+00       0.54613D+00
       0.56500D+03       0.13112D-01      -0.21458D-01       0.55708D+00       0.54613D+00
       0.56600D+03       0.13103D-01      -0.12655D-01       0.55707D+00       0.54613D+00
       0.56700D+03       0.13083D-01      -0.25243D-01       0.55707D+00       0.54613D+00
       0.56800D+03       0.13103D-01      -0.57653D-02       0.55707D+00       0.54613D+00
       0.56900D+03       0.13101D-01      -0.81831D-02       0.55707D+00       0.54613D+00
       0.57000D+03       0.13092D-01      -0.81364D-03       0.55708D+00       0.54614D+00
       0.57100D+03       0.13071D-01      -0.27977D-03       0.55707D+00       0.54613D+00
       0.57200D+03       0.13108D-01      -0.16938D-01       0.55708D+00       0.54614D+00
       0.57300D+03       0.13109D-01      -0.11044D-01       0.55707D+00       0.54613D+00
       0.57400D+03       0.13091D-01      -0.26819D-01       0.55707D+00       0.54613D+00
       0.57500D+03       0.13088D-01      -0.87786D-02       0.55707D+00       0.54613D+00
       0.57600D+03       0.13090D-01      -0.12797D-01       0.55707D+00       0.54613D+00
       0.57700D+03       0.13108D-01       0.24168D-03       0.55708D+00       0.54613D+00
       0.57800D+03       0.13085D-01       0.14098D-03       0.55707D+00       0.54613D+00
       0.57900D+03       0.13098D-01      -0.12070D-01       0.55708D+00       0.54614D+00
       0.58000D+03       0.13101D-01      -0.83501D-02       0.55707D+00       0.54613D+00
       0.58100D+03       0.13101D-01      -0.26689D-01       0.55707D+00       0.54613D+00
       0.58200D+03       0.13082D-01      -0.11368D-01       0.55707D+00       0.54613D+00
       0.58300D+03       0.13081D-01      -0.17665D-01       0.55707D+00       0.54613D+00
       0.58400D+03       0.13120D-01      -0.45565D-03       0.55708D+00       0.54613D+00
       0.58500D+03       0.13100D-01      -0.11610D-02       0.55707D+00       0.54613D+00
       0.58600D+03       0.13088D-01      -0.75100D-02       0.55708D+00       0.54614D+00
       0.58700D+03       0.13085D-01      -0.53352D-02       0.55707D+00       0.54613D+00
       0.58800D+03       0.13108D-01      -0.24879D-01       0.55708D+00       0.54613D+00
       0.58900D+03       0.13090D-01      -0.12770D-01       0.55707D+00       0.54613D+00
       0.59000D+03       0.13079D-01      -0.22044D-01       0.55707D+00       0.54613D+00
       0.59100D+03       0.13117D-01      -0.27232D-02       0.55708D+00       0.54613D+00
       0.59200D+03       0.13107D-01      -0.40353D-02       0.55707D+00       0.54613D+00
       0.59300D+03       0.13084D-01      -0.35809D-02       0.55708D+00       0.54614D+00
       0.59400D+03       0.13072D-01      -0.24278D-02       0.55707D+00       0.54613D+00
       0.59500D+03       0.13112D-01      -0.21580D-01       0.55708D+00       0.54613D+00
       0.59600D+03       0.13103D-01      -0.12681D-01       0.55707D+00       0.54613D+00
       0.59700D+03       0.13083D-01      -0.25171D-01       0.55707D+00       0.54613D+00
       0.59800D+03       0.13103D-01      -0.56732D-02       0.55707D+00       0.54613D+00
       0.59900D+03       0.13102D-01      -0.80502D-02       0.55707D+00       0.54613D+00
       0.60000D+03       0.13092D-01      -0.87158D-03       0.55708D+00       0.54614D+00
       0.60100D+03       0.13073D-01      -0.32058D-03       0.55707D+00       0.54613D+00
       0.60200D+03       0.13108D-01      -0.17086D-01       0.55708D+00       0.54614D+00
       0.60300D+03       0.13109D-01      -0.11113D-01       0.55707D+00       0.54613D+00
       0.60400D+03       0.13092D-01      -0.26796D-01       0.55707D+00       0.54613D+00
       0.60500D+03       0.13089D-01      -0.86896D-02       0.55707D+00       0.54613D+00
       0.60600D+03       0.13091D-01      -0.12651D-01       0.55707D+00       0.54613D+00
       0.60700D+03       0.13107D-01       0.23467D-03       0.55708D+00       0.54613D+00
       0.60800D+03       0.13085D-01       0.15439D-03       0.55707D+00       0.54613D+00
       0.60900D+03       0.13099D-01      -0.12215D-01       0.55708D+00       0.54614D+00
       0.61000D+03       0.13101D-01      -0.84399D-02       0.55707D+00       0.54613D+00
       0.61100D+03       0.13100D-01      -0.26719D-01       0.55707D+00       0.54613D+00
       0.61200D+03       0.13083D-01      -0.11304D-01       0.55707D+00       0.54613D+00
       0.61300D+03       0.13082D-01      -0.17520D-01       0.55707D+00       0.54613D+00
       0.61400D+03       0.13119D-01      -0.40826D-03       0.55708D+00       0.54613D+00
       0.61500D+03       0.13100D-01      -0.10974D-02       0.55707D+00       0.54613D+00
       0.61600D+03       0.13089D-01      -0.76414D-02       0.55708D+00       0.54614D+00
       0.61700D+03       0.13086D-01      -0.54269D-02       0.55707D+00       0.54613D+00
       0.61800D+03       0.13108D-01      -0.24956D-01       0.55708D+00       0.54613D+00
       0.61900D+03       0.13090D-01      -0.12749D-01       0.55707D+00       0.54613D+00
       0.62000D+03       0.13080D-01      -0.21927D-01       0.55707D+00       0.54613D+00
       0.62100D+03       0.13117D-01      -0.26394D-02       0.55708D+00       0.54613D+00
       0.62200D+03       0.13106D-01      -0.39279D-02       0.55707D+00       0.54613D+00
       0.62300D+03       0.13085D-01      -0.36855D-02       0.55708D+00       0.54614D+00
       0.62400D+03       0.13074D-01      -0.25095D-02       0.55707D+00       0.54613D+00
       0.62500D+03       0.13111D-01      -0.21700D-01       0.55708D+00       0.54613D+00
       0.62600D+03       0.13102D-01      -0.12706D-01       0.55707D+00       0.54613D+00
       0.62700D+03       0.13084D-01      -0.25097D-01       0.55707D+00       0.54613D+00
       0.62800D+03       0.13104D-01      -0.55812D-02       0.55707D+00       0.54613D+00
       0.62900D+03       0.13102D-01      -0.79178D-02       0.55707D+00       0.54613D+00
       0.63000D+03       0.13092D-01      -0.93101D-03       0.55708D+00       0.54614D+00
       0.63100D+03       0.13074D-01      -0.36298D-03       0.55707D+00       0.54613D+00
       0.63200D+03       0.13108D-01      -0.17233D-01       0.55708D+00       0.54614D+00
       0.63300D+03       0.13108D-01      -0.11180D-01       0.55707D+00       0.54613D+00
       0.63400D+03       0.13092D-01      -0.26770D-01       0.55707D+00       0.54613D+00
       0.63500D+03       0.13089D-01      -0.86003D-02       0.55707D+00       0.54613D+00
       0.63600D+03       0.13092D-01      -0.12505D-01       0.55707D+00       0.54613D+00
       0.63700D+03       0.13106D-01       0.22604D-03       0.55708D+00       0.54613D+00
       0.63800D+03       0.13086D-01       0.16620D-03       0.55707D+00       0.54613D+00
       0.63900D+03       0.13099D-01      -0.12360D-01       0.55708D+00       0.54614D+00
       0.64000D+03       0.13101D-01      -0.85294D-02       0.55707D+00       0.54613D+00
       0.64100D+03       0.13100D-01      -0.26747D-01       0.55707D+00       0.54613D+00
       0.64200D+03       0.13084D-01      -0.11238D-01       0.55707D+00       0.54613D+00
       0.64300D+03       0.13083D-01      -0.17374D-01       0.55707D+00       0.54613D+00
       0.64400D+03       0.13117D-01      -0.36243D-03       0.55708D+00       0.54613D+00
       0.64500D+03       0.13100D-01      -0.10353D-02       0.55707D+00       0.54613D+00
       0.64600D+03       0.13089D-01      -0.77732D-02       0.55708D+00       0.54614D+00
       0.64700D+03       0.13087D-01      -0.55187D-02       0.55707D+00       0.54613D+00
       0.64800D+03       0.13107D-01      -0.25032D-01       0.55708D+00       0.54613D+00
       0.64900D+03       0.13090D-01      -0.12727D-01       0.55707D+00       0.54613D+00
       0.65000D+03       0.13081D-01      -0.21809D-01       0.55707D+00       0.54613D+00
       0.65100D+03       0.13116D-01      -0.25562D-02       0.55708D+00       0.54613D+00
       0.65200D+03       0.13106D-01      -0.38216D-02       0.55707D+00       0.54613D+00
       0.65300D+03       0.13085D-01      -0.37912D-02       0.55708D+00       0.54614D+00
       0.65400D+03       0.13075D-01      -0.25919D-02       0.55707D+00       0.54613D+00
       0.65500D+03       0.13111D-01      -0.21820D-01       0.55708D+00       0.54613D+00
       0.65600D+03       0.13102D-01      -0.12730D-01       0.55707D+00       0.54613D+00
       0.65700D+03       0.13085D-01      -0.25022D-01       0.55707D+00       0.54613D+00
       0.65800D+03       0.13104D-01      -0.54891D-02       0.55707D+00       0.54613D+00
       0.65900D+03       0.13102D-01      -0.77860D-02       0.55707D+00       0.54613D+00
       0.66000D+03       0.13092D-01      -0.99194D-03       0.55708D+00       0.54614D+00
       0.66100D+03       0.13075D-01      -0.40695D-03       0.55707D+00       0.54613D+00
       0.66200D+03       0.13108D-01      -0.17379D-01       0.55708D+00       0.54614D+00
       0.66300D+03       0.13108D-01      -0.11247D-01       0.55707D+00       0.54613D+00
       0.66400D+03       0.13092D-01      -0.26744D-01       0.55707D+00       0.54613D+00
       0.66500D+03       0.13090D-01      -0.85107D-02       0.55707D+00       0.54613D+00
       0.66600D+03       0.13093D-01      -0.12360D-01       0.55707D+00       0.54613D+00
       0.66700D+03       0.13106D-01       0.21580D-03       0.55708D+00       0.54613D+00
       0.66800D+03       0.13086D-01       0.17642D-03       0.55707D+00       0.54613D+00
       0.66900D+03       0.13099D-01      -0.12505D-01       0.55708D+00       0.54614D+00
       0.67000D+03       0.13102D-01      -0.86187D-02       0.55707D+00       0.54613D+00
       0.67100D+03       0.13100D-01      -0.26774D-01       0.55707D+00       0.54613D+00
       0.67200D+03       0.13084D-01      -0.11171D-01       0.55707D+00       0.54613D+00
       0.67300D+03       0.13084D-01      -0.17227D-01       0.55707D+00       0.54613D+00
       0.67400D+03       0.13117D-01      -0.31817D-03       0.55708D+00       0.54613D+00
       0.67500D+03       0.13099D-01      -0.97466D-03       0.55707D+00       0.54613D+00
       0.67600D+03       0.13090D-01      -0.79056D-02       0.55708D+00       0.54614D+00
       0.67700D+03       0.13088D-01      -0.56104D-02       0.55707D+00       0.54613D+00
       0.67800D+03       0.13107D-01      -0.25107D-01       0.55708D+00       0.54613D+00
       0.67900D+03       0.13090D-01      -0.12703D-01       0.55707D+00       0.54613D+00
       0.68000D+03       0.13082D-01      -0.21690D-01       0.55707D+00       0.54613D+00
       0.68100D+03       0.13116D-01      -0.24736D-02       0.55708D+00       0.54613D+00
       0.68200D+03       0.13106D-01      -0.37164D-02       0.55707D+00       0.54613D+00
       0.68300D+03       0.13086D-01      -0.38980D-02       0.55708D+00       0.54614D+00
       0.68400D+03       0.13077D-01      -0.26749D-02       0.55707D+00       0.54613D+00
       0.68500D+03       0.13110D-01      -0.21938D-01       0.55708D+00       0.54613D+00
       0.68600D+03       0.13101D-01      -0.12752D-01       0.55707D+00       0.54613D+00
       0.68700D+03       0.13085D-01      -0.24946D-01       0.55707D+00       0.54613D+00
       0.68800D+03       0.13104D-01      -0.53972D-02       0.55708D+00       0.54613D+00
       0.68900D+03       0.13102D-01      -0.76546D-02       0.55707D+00       0.54613D+00
       0.69000D+03       0.13092D-01      -0.10544D-02       0.55708D+00       0.54614D+00
       0.69100D+03       0.13076D-01      -0.45250D-03       0.55707D+00       0.54613D+00
       0.69200D+03       0.13108D-01      -0.17525D-01       0.55708D+00       0.54614D+00
       0.69300D+03       0.13107D-01      -0.11312D-01       0.55707D+00       0.54613D+00
       0.69400D+03       0.13092D-01      -0.26715D-01       0.55707D+00       0.54613D+00
       0.69500D+03       0.13091D-01      -0.84208D-02       0.55707D+00       0.54613D+00
       0.69600D+03       0.13093D-01      -0.12215D-01       0.55707D+00       0.54613D+00
       0.69700D+03       0.13105D-01       0.20394D-03       0.55708D+00       0.54613D+00
       0.69800D+03       0.13086D-01       0.18504D-03       0.55707D+00       0.54613D+00
       0.69900D+03       0.13100D-01      -0.12651D-01       0.55708D+00       0.54614D+00
       0.70000D+03       0.13102D-01      -0.87076D-02       0.55707D+00       0.54613D+00
       0.70100D+03       0.13100D-01      -0.26799D-01       0.55707D+00       0.54613D+00
       0.70200D+03       0.13085D-01      -0.11104D-01       0.55707D+00       0.54613D+00
       0.70300D+03       0.13085D-01      -0.17080D-01       0.55707D+00       0.54613D+00
       0.70400D+03       0.13116D-01      -0.27549D-03       0.55708D+00       0.54613D+00
       0.70500D+03       0.13099D-01      -0.91552D-03       0.55707D+00       0.54613D+00
       0.70600D+03       0.13091D-01      -0.80385D-02       0.55708D+00       0.54614D+00
       0.70700D+03       0.13089D-01      -0.57023D-02       0.55707D+00       0.54613D+00
       0.70800D+03       0.13107D-01      -0.25181D-01       0.55708D+00       0.54613D+00
       0.70900D+03       0.13091D-01      -0.12678D-01       0.55707D+00       0.54613D+00
       0.71000D+03       0.13083D-01      -0.21570D-01       0.55707D+00       0.54613D+00
       0.71100D+03       0.13115D-01      -0.23917D-02       0.55708D+00       0.54613D+00
       0.71200D+03       0.13106D-01      -0.36123D-02       0.55707D+00       0.54613D+00
       0.71300D+03       0.13087D-01      -0.40059D-02       0.55708D+00       0.54614D+00
       0.71400D+03       0.13078D-01      -0.27586D-02       0.55707D+00       0.54613D+00
       0.71500D+03       0.13110D-01      -0.22055D-01       0.55708D+00       0.54613D+00
       0.71600D+03       0.13101D-01      -0.12772D-01       0.55707D+00       0.54613D+00
       0.71700D+03       0.13086D-01      -0.24868D-01       0.55707D+00       0.54613D+00
       0.71800D+03       0.13104D-01      -0.53053D-02       0.55708D+00       0.54613D+00
       0.71900D+03       0.13102D-01      -0.75238D-02       0.55707D+00       0.54613D+00
       0.72000D+03       0.13092D-01      -0.11183D-02       0.55708D+00       0.54614D+00
       0.72100D+03       0.13077D-01      -0.49959D-03       0.55707D+00       0.54613D+00
       0.72200D+03       0.13108D-01      -0.17671D-01       0.55708D+00       0.54614D+00
       0.72300D+03       0.13107D-01      -0.11376D-01       0.55707D+00       0.54613D+00
       0.72400D+03       0.13092D-01      -0.26685D-01       0.55707D+00       0.54613D+00
       0.72500D+03       0.13092D-01      -0.83306D-02       0.55707D+00       0.54613D+00
       0.72600D+03       0.13094D-01      -0.12070D-01       0.55707D+00       0.54613D+00
       0.72700D+03       0.13104D-01       0.19048D-03       0.55708D+00       0.54613D+00
       0.72800D+03       0.13086D-01       0.19204D-03       0.55707D+00       0.54613D+00
       0.72900D+03       0.13100D-01      -0.12797D-01       0.55708D+00       0.54614D+00
       0.73000D+03       0.13102D-01      -0.87963D-02       0.55707D+00       0.54613D+00
       0.73100D+03       0.13100D-01      -0.26822D-01       0.55707D+00       0.54613D+00
       0.73200D+03       0.13086D-01      -0.11035D-01       0.55707D+00       0.54613D+00
       0.73300D+03       0.13086D-01      -0.16933D-01       0.55707D+00       0.54613D+00
       0.73400D+03       0.13115D-01      -0.23441D-03       0.55708D+00       0.54613D+00
       0.73500D+03       0.13099D-01      -0.85788D-03       0.55707D+00       0.54613D+00
       0.73600D+03       0.13091D-01      -0.81719D-02       0.55708D+00       0.54614D+00
       0.73700D+03       0.13090D-01      -0.57941D-02       0.55707D+00       0.54613D+00
       0.73800D+03       0.13106D-01      -0.25253D-01       0.55708D+00       0.54613D+00
       0.73900D+03       0.13091D-01      -0.12652D-01       0.55707D+00       0.54613D+00
       0.74000D+03       0.13083D-01      -0.21448D-01       0.55707D+00       0.54613D+00
       0.74100D+03       0.13115D-01      -0.23105D-02       0.55708D+00       0.54613D+00
       0.74200D+03       0.13105D-01      -0.35093D-02       0.55707D+00       0.54613D+00
       0.74300D+03       0.13087D-01      -0.41149D-02       0.55708D+00       0.54614D+00
       0.74400D+03       0.13079D-01      -0.28428D-02       0.55707D+00       0.54613D+00
       0.74500D+03       0.13109D-01      -0.22171D-01       0.55708D+00       0.54613D+00
       0.74600D+03       0.13101D-01      -0.12791D-01       0.55707D+00       0.54613D+00
       0.74700D+03       0.13086D-01      -0.24789D-01       0.55707D+00       0.54613D+00
       0.74800D+03       0.13105D-01      -0.52134D-02       0.55708D+00       0.54613D+00
       0.74900D+03       0.13102D-01      -0.73936D-02       0.55707D+00       0.54613D+00
       0.75000D+03       0.13092D-01      -0.11836D-02       0.55708D+00       0.54614D+00
       0.75100D+03       0.13077D-01      -0.54822D-03       0.55707D+00       0.54613D+00
       0.75200D+03       0.13107D-01      -0.17816D-01       0.55708D+00       0.54614D+00
       0.75300D+03       0.13107D-01      -0.11439D-01       0.55707D+00       0.54613D+00
       0.75400D+03       0.13092D-01      -0.26654D-01       0.55707D+00       0.54613D+00
       0.75500D+03       0.13092D-01      -0.82403D-02       0.55707D+00       0.54613D+00
       0.75600D+03       0.13094D-01      -0.11926D-01       0.55707D+00       0.54613D+00
       0.75700D+03       0.13104D-01       0.17542D-03       0.55708D+00       0.54613D+00
       0.75800D+03       0.13087D-01       0.19743D-03       0.55707D+00       0.54613D+00
       0.75900D+03       0.13100D-01      -0.12944D-01       0.55708D+00       0.54614D+00
       0.76000D+03       0.13102D-01      -0.88846D-02       0.55707D+00       0.54613D+00
       0.76100D+03       0.13099D-01      -0.26844D-01       0.55707D+00       0.54613D+00
       0.76200D+03       0.13086D-01      -0.10965D-01       0.55707D+00       0.54613D+00
       0.76300D+03       0.13087D-01      -0.16786D-01       0.55707D+00       0.54613D+00
       0.76400D+03       0.13114D-01      -0.19494D-03       0.55708D+00       0.54613D+00
       0.76500D+03       0.13099D-01      -0.80172D-03       0.55707D+00       0.54613D+00
       0.76600D+03       0.13092D-01      -0.83057D-02       0.55708D+00       0.54614D+00
       0.76700D+03       0.13091D-01      -0.58860D-02       0.55707D+00       0.54613D+00
       0.76800D+03       0.13106D-01      -0.25323D-01       0.55708D+00       0.54613D+00
       0.76900D+03       0.13091D-01      -0.12624D-01       0.55707D+00       0.54613D+00
       0.77000D+03       0.13084D-01      -0.21326D-01       0.55707D+00       0.54613D+00
       0.77100D+03       0.13115D-01      -0.22300D-02       0.55708D+00       0.54613D+00
       0.77200D+03       0.13105D-01      -0.34076D-02       0.55707D+00       0.54613D+00
       0.77300D+03       0.13088D-01      -0.42249D-02       0.55708D+00       0.54614D+00
       0.77400D+03       0.13080D-01      -0.29276D-02       0.55707D+00       0.54613D+00
       0.77500D+03       0.13109D-01      -0.22285D-01       0.55708D+00       0.54613D+00
       0.77600D+03       0.13100D-01      -0.12809D-01       0.55707D+00       0.54613D+00
       0.77700D+03       0.13087D-01      -0.24709D-01       0.55707D+00       0.54613D+00
       0.77800D+03       0.13105D-01      -0.51217D-02       0.55708D+00       0.54613D+00
       0.77900D+03       0.13103D-01      -0.72638D-02       0.55707D+00       0.54613D+00
       0.78000D+03       0.13092D-01      -0.12505D-02       0.55708D+00       0.54614D+00
       0.78100D+03       0.13078D-01      -0.59835D-03       0.55707D+00       0.54613D+00
       0.78200D+03       0.13107D-01      -0.17961D-01       0.55708D+00       0.54614D+00
       0.78300D+03       0.13107D-01      -0.11501D-01       0.55707D+00       0.54613D+00
       0.78400D+03       0.13092D-01      -0.26620D-01       0.55707D+00       0.54613D+00
       0.78500D+03       0.13093D-01      -0.81496D-02       0.55708D+00       0.54613D+00
       0.78600D+03       0.13095D-01      -0.11782D-01       0.55707D+00       0.54613D+00
       0.78700D+03       0.13103D-01       0.15878D-03       0.55708D+00       0.54613D+00
       0.78800D+03       0.13087D-01       0.20120D-03       0.55707D+00       0.54613D+00
       0.78900D+03       0.13101D-01      -0.13091D-01       0.55708D+00       0.54614D+00
       0.79000D+03       0.13103D-01      -0.89725D-02       0.55707D+00       0.54613D+00
       0.79100D+03       0.13099D-01      -0.26864D-01       0.55708D+00       0.54613D+00
       0.79200D+03       0.13087D-01      -0.10894D-01       0.55707D+00       0.54613D+00
       0.79300D+03       0.13087D-01      -0.16638D-01       0.55707D+00       0.54613D+00
       0.79400D+03       0.13113D-01      -0.15709D-03       0.55708D+00       0.54613D+00
       0.79500D+03       0.13098D-01      -0.74706D-03       0.55707D+00       0.54613D+00
       0.79600D+03       0.13093D-01      -0.84400D-02       0.55708D+00       0.54614D+00
       0.79700D+03       0.13092D-01      -0.59779D-02       0.55707D+00       0.54613D+00
       0.79800D+03       0.13105D-01      -0.25393D-01       0.55708D+00       0.54613D+00
       0.79900D+03       0.13091D-01      -0.12595D-01       0.55707D+00       0.54613D+00
       0.80000D+03       0.13085D-01      -0.21202D-01       0.55707D+00       0.54613D+00
       0.80100D+03       0.13114D-01      -0.21503D-02       0.55708D+00       0.54613D+00
       0.80200D+03       0.13105D-01      -0.33070D-02       0.55707D+00       0.54613D+00
       0.80300D+03       0.13088D-01      -0.43360D-02       0.55708D+00       0.54614D+00
       0.80400D+03       0.13081D-01      -0.30129D-02       0.55707D+00       0.54613D+00
       0.80500D+03       0.13109D-01      -0.22398D-01       0.55708D+00       0.54613D+00
       0.80600D+03       0.13100D-01      -0.12826D-01       0.55707D+00       0.54613D+00
       0.80700D+03       0.13087D-01      -0.24627D-01       0.55707D+00       0.54613D+00
       0.80800D+03       0.13105D-01      -0.50300D-02       0.55708D+00       0.54613D+00
       0.80900D+03       0.13103D-01      -0.71347D-02       0.55707D+00       0.54613D+00
       0.81000D+03       0.13092D-01      -0.13189D-02       0.55708D+00       0.54614D+00
       0.81100D+03       0.13079D-01      -0.64999D-03       0.55707D+00       0.54613D+00
       0.81200D+03       0.13107D-01      -0.18106D-01       0.55708D+00       0.54614D+00
       0.81300D+03       0.13106D-01      -0.11562D-01       0.55707D+00       0.54613D+00
       0.81400D+03       0.13093D-01      -0.26586D-01       0.55707D+00       0.54613D+00
       0.81500D+03       0.13094D-01      -0.80588D-02       0.55708D+00       0.54613D+00
       0.81600D+03       0.13095D-01      -0.11638D-01       0.55707D+00       0.54613D+00
       0.81700D+03       0.13103D-01       0.14055D-03       0.55708D+00       0.54614D+00
       0.81800D+03       0.13087D-01       0.20334D-03       0.55707D+00       0.54613D+00
       0.81900D+03       0.13101D-01      -0.13238D-01       0.55708D+00       0.54614D+00
       0.82000D+03       0.13103D-01      -0.90600D-02       0.55707D+00       0.54613D+00
       0.82100D+03       0.13099D-01      -0.26883D-01       0.55708D+00       0.54613D+00
       0.82200D+03       0.13087D-01      -0.10822D-01       0.55707D+00       0.54613D+00
       0.82300D+03       0.13088D-01      -0.16490D-01       0.55707D+00       0.54613D+00
       0.82400D+03       0.13113D-01      -0.12088D-03       0.55708D+00       0.54613D+00
       0.82500D+03       0.13098D-01      -0.69390D-03       0.55707D+00       0.54613D+00
       0.82600D+03       0.13093D-01      -0.85748D-02       0.55708D+00       0.54614D+00
       0.82700D+03       0.13092D-01      -0.60699D-02       0.55707D+00       0.54613D+00
       0.82800D+03       0.13105D-01      -0.25461D-01       0.55708D+00       0.54613D+00
       0.82900D+03       0.13091D-01      -0.12564D-01       0.55707D+00       0.54613D+00
       0.83000D+03       0.13085D-01      -0.21077D-01       0.55707D+00       0.54613D+00
       0.83100D+03       0.13114D-01      -0.20715D-02       0.55708D+00       0.54613D+00
       0.83200D+03       0.13105D-01      -0.32076D-02       0.55707D+00       0.54613D+00
       0.83300D+03       0.13089D-01      -0.44480D-02       0.55708D+00       0.54614D+00
       0.83400D+03       0.13082D-01      -0.30987D-02       0.55707D+00       0.54613D+00
       0.83500D+03       0.13108D-01      -0.22510D-01       0.55708D+00       0.54613D+00
       0.83600D+03       0.13100D-01      -0.12841D-01       0.55707D+00       0.54613D+00
       0.83700D+03       0.13087D-01      -0.24544D-01       0.55707D+00       0.54613D+00
       0.83800D+03       0.13105D-01      -0.49384D-02       0.55708D+00       0.54613D+00
       0.83900D+03       0.13103D-01      -0.70061D-02       0.55707D+00       0.54613D+00
       0.84000D+03       0.13092D-01      -0.13887D-02       0.55708D+00       0.54614D+00
       0.84100D+03       0.13080D-01      -0.70309D-03       0.55707D+00       0.54613D+00
       0.84200D+03       0.13107D-01      -0.18249D-01       0.55708D+00       0.54614D+00
       0.84300D+03       0.13106D-01      -0.11621D-01       0.55707D+00       0.54613D+00
       0.84400D+03       0.13093D-01      -0.26550D-01       0.55707D+00       0.54613D+00
       0.84500D+03       0.13094D-01      -0.79678D-02       0.55708D+00       0.54613D+00
       0.84600D+03       0.13096D-01      -0.11495D-01       0.55707D+00       0.54613D+00
       0.84700D+03       0.13103D-01       0.12074D-03       0.55708D+00       0.54614D+00
       0.84800D+03       0.13087D-01       0.20385D-03       0.55707D+00       0.54613D+00
       0.84900D+03       0.13101D-01      -0.13385D-01       0.55708D+00       0.54614D+00
       0.85000D+03       0.13103D-01      -0.91471D-02       0.55707D+00       0.54613D+00
       0.85100D+03       0.13099D-01      -0.26900D-01       0.55708D+00       0.54613D+00
       0.85200D+03       0.13088D-01      -0.10750D-01       0.55707D+00       0.54613D+00
       0.85300D+03       0.13089D-01      -0.16342D-01       0.55707D+00       0.54613D+00
       0.85400D+03       0.13112D-01      -0.86307D-04       0.55708D+00       0.54613D+00
       0.85500D+03       0.13098D-01      -0.64224D-03       0.55707D+00       0.54613D+00
       0.85600D+03       0.13093D-01      -0.87101D-02       0.55708D+00       0.54614D+00
       0.85700D+03       0.13093D-01      -0.61619D-02       0.55707D+00       0.54613D+00
       0.85800D+03       0.13105D-01      -0.25527D-01       0.55708D+00       0.54613D+00
       0.85900D+03       0.13091D-01      -0.12532D-01       0.55707D+00       0.54613D+00
       0.86000D+03       0.13086D-01      -0.20951D-01       0.55707D+00       0.54613D+00
       0.86100D+03       0.13113D-01      -0.19934D-02       0.55708D+00       0.54613D+00
       0.86200D+03       0.13104D-01      -0.31095D-02       0.55707D+00       0.54613D+00
       0.86300D+03       0.13089D-01      -0.45611D-02       0.55708D+00       0.54614D+00
       0.86400D+03       0.13083D-01      -0.31849D-02       0.55707D+00       0.54613D+00
       0.86500D+03       0.13108D-01      -0.22621D-01       0.55708D+00       0.54613D+00
       0.86600D+03       0.13100D-01      -0.12855D-01       0.55707D+00       0.54613D+00
       0.86700D+03       0.13088D-01      -0.24460D-01       0.55707D+00       0.54613D+00
       0.86800D+03       0.13105D-01      -0.48469D-02       0.55708D+00       0.54613D+00
       0.86900D+03       0.13103D-01      -0.68781D-02       0.55707D+00       0.54613D+00
       0.87000D+03       0.13092D-01      -0.14599D-02       0.55708D+00       0.54614D+00
       0.87100D+03       0.13080D-01      -0.75766D-03       0.55707D+00       0.54613D+00
       0.87200D+03       0.13107D-01      -0.18393D-01       0.55708D+00       0.54614D+00
       0.87300D+03       0.13106D-01      -0.11680D-01       0.55707D+00       0.54613D+00
       0.87400D+03       0.13093D-01      -0.26512D-01       0.55707D+00       0.54613D+00
       0.87500D+03       0.13095D-01      -0.78767D-02       0.55708D+00       0.54613D+00
       0.87600D+03       0.13096D-01      -0.11352D-01       0.55707D+00       0.54613D+00
       0.87700D+03       0.13102D-01       0.99360D-04       0.55708D+00       0.54614D+00
       0.87800D+03       0.13087D-01       0.20272D-03       0.55707D+00       0.54613D+00
       0.87900D+03       0.13101D-01      -0.13532D-01       0.55708D+00       0.54614D+00
       0.88000D+03       0.13103D-01      -0.92338D-02       0.55707D+00       0.54613D+00
       0.88100D+03       0.13099D-01      -0.26915D-01       0.55708D+00       0.54613D+00
       0.88200D+03       0.13088D-01      -0.10676D-01       0.55708D+00       0.54613D+00
       0.88300D+03       0.13089D-01      -0.16194D-01       0.55707D+00       0.54613D+00
       0.88400D+03       0.13111D-01      -0.53390D-04       0.55708D+00       0.54613D+00
       0.88500D+03       0.13098D-01      -0.59208D-03       0.55707D+00       0.54613D+00
       0.88600D+03       0.13094D-01      -0.88458D-02       0.55708D+00       0.54614D+00
       0.88700D+03       0.13094D-01      -0.62538D-02       0.55707D+00       0.54613D+00
       0.88800D+03       0.13104D-01      -0.25592D-01       0.55708D+00       0.54613D+00
       0.88900D+03       0.13091D-01      -0.12499D-01       0.55707D+00       0.54613D+00
       0.89000D+03       0.13086D-01      -0.20824D-01       0.55707D+00       0.54613D+00
       0.89100D+03       0.13113D-01      -0.19162D-02       0.55708D+00       0.54613D+00
       0.89200D+03       0.13104D-01      -0.30126D-02       0.55707D+00       0.54613D+00
       0.89300D+03       0.13090D-01      -0.46751D-02       0.55708D+00       0.54614D+00
       0.89400D+03       0.13084D-01      -0.32717D-02       0.55707D+00       0.54613D+00
       0.89500D+03       0.13108D-01      -0.22730D-01       0.55708D+00       0.54613D+00
       0.89600D+03       0.13099D-01      -0.12867D-01       0.55707D+00       0.54613D+00
       0.89700D+03       0.13088D-01      -0.24374D-01       0.55707D+00       0.54613D+00
       0.89800D+03       0.13106D-01      -0.47555D-02       0.55708D+00       0.54613D+00
       0.89900D+03       0.13103D-01      -0.67507D-02       0.55707D+00       0.54613D+00
       0.90000D+03       0.13092D-01      -0.15327D-02       0.55708D+00       0.54614D+00
       0.90100D+03       0.13081D-01      -0.81365D-03       0.55707D+00       0.54613D+00
       0.90200D+03       0.13107D-01      -0.18535D-01       0.55708D+00       0.54614D+00
       0.90300D+03       0.13106D-01      -0.11737D-01       0.55707D+00       0.54613D+00
       0.90400D+03       0.13093D-01      -0.26473D-01       0.55707D+00       0.54613D+00
       0.90500D+03       0.13095D-01      -0.77853D-02       0.55708D+00       0.54613D+00
       0.90600D+03       0.13096D-01      -0.11209D-01       0.55707D+00       0.54613D+00
       0.90700D+03       0.13102D-01       0.76410D-04       0.55708D+00       0.54614D+00
       0.90800D+03       0.13087D-01       0.19994D-03       0.55707D+00       0.54613D+00
       0.90900D+03       0.13101D-01      -0.13680D-01       0.55708D+00       0.54614D+00
       0.91000D+03       0.13103D-01      -0.93201D-02       0.55707D+00       0.54613D+00
       0.91100D+03       0.13099D-01      -0.26929D-01       0.55708D+00       0.54613D+00
       0.91200D+03       0.13089D-01      -0.10601D-01       0.55708D+00       0.54613D+00
       0.91300D+03       0.13090D-01      -0.16045D-01       0.55707D+00       0.54613D+00
       0.91400D+03       0.13111D-01      -0.22132D-04       0.55708D+00       0.54613D+00
       0.91500D+03       0.13098D-01      -0.54342D-03       0.55707D+00       0.54613D+00
       0.91600D+03       0.13094D-01      -0.89819D-02       0.55708D+00       0.54614D+00
       0.91700D+03       0.13094D-01      -0.63458D-02       0.55707D+00       0.54613D+00
       0.91800D+03       0.13104D-01      -0.25656D-01       0.55708D+00       0.54613D+00
       0.91900D+03       0.13091D-01      -0.12464D-01       0.55708D+00       0.54613D+00
       0.92000D+03       0.13087D-01      -0.20696D-01       0.55707D+00       0.54613D+00
       0.92100D+03       0.13113D-01      -0.18399D-02       0.55708D+00       0.54613D+00
       0.92200D+03       0.13104D-01      -0.29169D-02       0.55707D+00       0.54613D+00
       0.92300D+03       0.13090D-01      -0.47901D-02       0.55708D+00       0.54614D+00
       0.92400D+03       0.13085D-01      -0.33588D-02       0.55707D+00       0.54613D+00
       0.92500D+03       0.13107D-01      -0.22839D-01       0.55708D+00       0.54613D+00
       0.92600D+03       0.13099D-01      -0.12878D-01       0.55708D+00       0.54613D+00
       0.92700D+03       0.13088D-01      -0.24287D-01       0.55707D+00       0.54613D+00
       0.92800D+03       0.13106D-01      -0.46643D-02       0.55708D+00       0.54613D+00
       0.92900D+03       0.13103D-01      -0.66240D-02       0.55707D+00       0.54613D+00
       0.93000D+03       0.13093D-01      -0.16069D-02       0.55708D+00       0.54614D+00
       0.93100D+03       0.13081D-01      -0.87104D-03       0.55707D+00       0.54613D+00
       0.93200D+03       0.13107D-01      -0.18677D-01       0.55708D+00       0.54614D+00
       0.93300D+03       0.13105D-01      -0.11792D-01       0.55707D+00       0.54613D+00
       0.93400D+03       0.13093D-01      -0.26432D-01       0.55707D+00       0.54613D+00
       0.93500D+03       0.13096D-01      -0.76939D-02       0.55708D+00       0.54613D+00
       0.93600D+03       0.13097D-01      -0.11067D-01       0.55707D+00       0.54613D+00
       0.93700D+03       0.13101D-01       0.51897D-04       0.55708D+00       0.54614D+00
       0.93800D+03       0.13087D-01       0.19552D-03       0.55707D+00       0.54613D+00
       0.93900D+03       0.13102D-01      -0.13828D-01       0.55708D+00       0.54614D+00
       0.94000D+03       0.13103D-01      -0.94058D-02       0.55707D+00       0.54613D+00
       0.94100D+03       0.13099D-01      -0.26941D-01       0.55708D+00       0.54613D+00
       0.94200D+03       0.13089D-01      -0.10525D-01       0.55708D+00       0.54613D+00
       0.94300D+03       0.13090D-01      -0.15897D-01       0.55707D+00       0.54613D+00
       0.94400D+03       0.13110D-01       0.74603D-05       0.55708D+00       0.54613D+00
       0.94500D+03       0.13097D-01      -0.49626D-03       0.55707D+00       0.54613D+00
       0.94600D+03       0.13095D-01      -0.91185D-02       0.55708D+00       0.54614D+00
       0.94700D+03       0.13095D-01      -0.64378D-02       0.55707D+00       0.54613D+00
       0.94800D+03       0.13104D-01      -0.25718D-01       0.55708D+00       0.54613D+00
       0.94900D+03       0.13091D-01      -0.12428D-01       0.55708D+00       0.54613D+00
       0.95000D+03       0.13087D-01      -0.20566D-01       0.55707D+00       0.54613D+00
       0.95100D+03       0.13113D-01      -0.17646D-02       0.55708D+00       0.54613D+00
       0.95200D+03       0.13104D-01      -0.28225D-02       0.55707D+00       0.54613D+00
       0.95300D+03       0.13090D-01      -0.49060D-02       0.55708D+00       0.54614D+00
       0.95400D+03       0.13085D-01      -0.34464D-02       0.55707D+00       0.54613D+00
       0.95500D+03       0.13107D-01      -0.22945D-01       0.55708D+00       0.54613D+00
       0.95600D+03       0.13099D-01      -0.12887D-01       0.55708D+00       0.54613D+00
       0.95700D+03       0.13089D-01      -0.24198D-01       0.55707D+00       0.54613D+00
       0.95800D+03       0.13106D-01      -0.45732D-02       0.55708D+00       0.54613D+00
       0.95900D+03       0.13103D-01      -0.64978D-02       0.55707D+00       0.54613D+00
       0.96000D+03       0.13093D-01      -0.16825D-02       0.55708D+00       0.54614D+00
       0.96100D+03       0.13082D-01      -0.92983D-03       0.55707D+00       0.54613D+00
       0.96200D+03       0.13107D-01      -0.18819D-01       0.55708D+00       0.54614D+00
       0.96300D+03       0.13105D-01      -0.11847D-01       0.55708D+00       0.54613D+00
       0.96400D+03       0.13093D-01      -0.26389D-01       0.55707D+00       0.54613D+00
       0.96500D+03       0.13096D-01      -0.76023D-02       0.55708D+00       0.54613D+00
       0.96600D+03       0.13097D-01      -0.10925D-01       0.55707D+00       0.54613D+00
       0.96700D+03       0.13101D-01       0.25827D-04       0.55708D+00       0.54614D+00
       0.96800D+03       0.13088D-01       0.18944D-03       0.55707D+00       0.54613D+00
       0.96900D+03       0.13102D-01      -0.13976D-01       0.55708D+00       0.54614D+00
       0.97000D+03       0.13103D-01      -0.94911D-02       0.55707D+00       0.54613D+00
       0.97100D+03       0.13098D-01      -0.26952D-01       0.55708D+00       0.54613D+00
       0.97200D+03       0.13090D-01      -0.10449D-01       0.55708D+00       0.54613D+00
       0.97300D+03       0.13091D-01      -0.15748D-01       0.55707D+00       0.54613D+00
       0.97400D+03       0.13110D-01       0.35379D-04       0.55708D+00       0.54613D+00
       0.97500D+03       0.13097D-01      -0.45061D-03       0.55707D+00       0.54613D+00
       0.97600D+03       0.13095D-01      -0.92555D-02       0.55708D+00       0.54614D+00
       0.97700D+03       0.13095D-01      -0.65298D-02       0.55707D+00       0.54613D+00
       0.97800D+03       0.13104D-01      -0.25779D-01       0.55708D+00       0.54613D+00
       0.97900D+03       0.13092D-01      -0.12391D-01       0.55708D+00       0.54613D+00
       0.98000D+03       0.13088D-01      -0.20436D-01       0.55707D+00       0.54613D+00
       0.98100D+03       0.13112D-01      -0.16902D-02       0.55708D+00       0.54613D+00
       0.98200D+03       0.13104D-01      -0.27294D-02       0.55707D+00       0.54613D+00
       0.98300D+03       0.13091D-01      -0.50228D-02       0.55708D+00       0.54614D+00
       0.98400D+03       0.13086D-01      -0.35343D-02       0.55707D+00       0.54613D+00
       0.98500D+03       0.13107D-01      -0.23051D-01       0.55708D+00       0.54613D+00
       0.98600D+03       0.13099D-01      -0.12895D-01       0.55708D+00       0.54613D+00
       0.98700D+03       0.13089D-01      -0.24108D-01       0.55707D+00       0.54613D+00
       0.98800D+03       0.13106D-01      -0.44822D-02       0.55708D+00       0.54613D+00
       0.98900D+03       0.13103D-01      -0.63724D-02       0.55707D+00       0.54613D+00
       0.99000D+03       0.13093D-01      -0.17596D-02       0.55708D+00       0.54614D+00
