       0.10000D+01       0.27118D-03      -0.42324D-01       0.46956D+00       0.14579D-01
       0.20000D+01       0.14871D-01      -0.10532D+00       0.47503D+00       0.39279D-01
       0.30000D+01       0.21920D-01      -0.60751D-01       0.47776D+00       0.33377D-01
       0.40000D+01       0.28185D-01      -0.18468D-02       0.47594D+00       0.28419D-01
       0.50000D+01       0.25793D-01      -0.28064D-01       0.47429D+00       0.25642D-01
       0.60000D+01       0.32372D-01      -0.97288D-01       0.47503D+00       0.26885D-01
       0.70000D+01       0.30711D-01      -0.75687D-01       0.47635D+00       0.25004D-01
       0.80000D+01       0.33317D-01      -0.81277D-02       0.47608D+00       0.29675D-01
       0.90000D+01       0.28874D-01      -0.14478D-01       0.47514D+00       0.26881D-01
       0.10000D+02       0.31253D-01      -0.87973D-01       0.47507D+00       0.32875D-01
       0.11000D+02       0.29147D-01      -0.93191D-01       0.47596D+00       0.31262D-01
       0.12000D+02       0.31116D-01      -0.18909D-01       0.47593D+00       0.33048D-01
       0.13000D+02       0.28069D-01      -0.51705D-02       0.47530D+00       0.37646D-01
       0.14000D+02       0.28947D-01      -0.69503D-01       0.47515D+00       0.37162D-01
       0.15000D+02       0.28285D-01      -0.10062D+00       0.47573D+00       0.63676D-01
       0.16000D+02       0.30864D-01      -0.33845D-01       0.47598D+00       0.61093D-01
       0.17000D+02       0.30310D-01      -0.48940D-03       0.47551D+00       0.58656D-01
       0.18000D+02       0.30774D-01      -0.54179D-01       0.47519D+00       0.55738D-01
       0.19000D+02       0.31598D-01      -0.10566D+00       0.47558D+00       0.53961D-01
       0.20000D+02       0.31869D-01      -0.48558D-01       0.47587D+00       0.52950D-01
       0.21000D+02       0.30847D-01      -0.26618D-03       0.47561D+00       0.52152D-01
       0.22000D+02       0.29353D-01      -0.36327D-01       0.47531D+00       0.50464D-01
       0.23000D+02       0.29944D-01      -0.10407D+00       0.47548D+00       0.50987D-01
       0.24000D+02       0.29875D-01      -0.67412D-01       0.47583D+00       0.49483D-01
       0.25000D+02       0.30631D-01      -0.38358D-02       0.47565D+00       0.49775D-01
       0.26000D+02       0.29790D-01      -0.22584D-01       0.47534D+00       0.48181D-01
       0.27000D+02       0.31113D-01      -0.93205D-01       0.47542D+00       0.47277D-01
       0.28000D+02       0.30670D-01      -0.81578D-01       0.47575D+00       0.45624D-01
       0.29000D+02       0.31674D-01      -0.11830D-01       0.47573D+00       0.45540D-01
       0.30000D+02       0.30501D-01      -0.10579D-01       0.47546D+00       0.44159D-01
       0.31000D+02       0.31165D-01      -0.82116D-01       0.47539D+00       0.45418D-01
       0.32000D+02       0.30551D-01      -0.97600D-01       0.47568D+00       0.44432D-01
       0.33000D+02       0.31207D-01      -0.23811D-01       0.47571D+00       0.44432D-01
       0.34000D+02       0.30030D-01      -0.29474D-02       0.47549D+00       0.43395D-01
       0.35000D+02       0.30034D-01      -0.63141D-01       0.47540D+00       0.42698D-01
       0.36000D+02       0.29874D-01      -0.10315D+00       0.47561D+00       0.42663D-01
       0.37000D+02       0.30820D-01      -0.39854D-01       0.47575D+00       0.42272D-01
       0.38000D+02       0.30743D-01       0.22967D-03       0.47556D+00       0.42792D-01
       0.39000D+02       0.30839D-01      -0.47764D-01       0.47539D+00       0.42358D-01
       0.40000D+02       0.31404D-01      -0.10511D+00       0.47555D+00       0.41862D-01
       0.41000D+02       0.31431D-01      -0.54948D-01       0.47572D+00       0.41490D-01
       0.42000D+02       0.31139D-01      -0.10745D-02       0.47561D+00       0.41052D-01
       0.43000D+02       0.30269D-01      -0.30612D-01       0.47544D+00       0.40375D-01
       0.44000D+02       0.30654D-01      -0.10185D+00       0.47551D+00       0.40805D-01
       0.45000D+02       0.30408D-01      -0.74032D-01       0.47570D+00       0.40214D-01
       0.46000D+02       0.30863D-01      -0.64334D-02       0.47562D+00       0.40519D-01
       0.47000D+02       0.30268D-01      -0.17508D-01       0.47545D+00       0.40748D-01
       0.48000D+02       0.30935D-01      -0.88448D-01       0.47547D+00       0.40629D-01
       0.49000D+02       0.30667D-01      -0.87050D-01       0.47566D+00       0.39819D-01
       0.50000D+02       0.31379D-01      -0.16212D-01       0.47567D+00       0.40036D-01
       0.51000D+02       0.30787D-01      -0.72420D-02       0.47551D+00       0.40100D-01
       0.52000D+02       0.31152D-01      -0.75803D-01       0.47545D+00       0.40297D-01
       0.53000D+02       0.30894D-01      -0.10107D+00       0.47562D+00       0.39786D-01
       0.54000D+02       0.31252D-01      -0.29110D-01       0.47566D+00       0.39742D-01
       0.55000D+02       0.30554D-01      -0.13922D-02       0.47553D+00       0.39729D-01
       0.56000D+02       0.30386D-01      -0.56700D-01       0.47546D+00       0.39322D-01
       0.57000D+02       0.30347D-01      -0.10481D+00       0.47558D+00       0.39332D-01
       0.58000D+02       0.30844D-01      -0.46049D-01       0.47569D+00       0.39023D-01
       0.59000D+02       0.30898D-01       0.31550D-03       0.47557D+00       0.39285D-01
       0.60000D+02       0.30860D-01      -0.41522D-01       0.47545D+00       0.38929D-01
       0.61000D+02       0.31331D-01      -0.10368D+00       0.47554D+00       0.38573D-01
       0.62000D+02       0.31279D-01      -0.61392D-01       0.47566D+00       0.38305D-01
       0.63000D+02       0.31247D-01      -0.24615D-02       0.47561D+00       0.38107D-01
       0.64000D+02       0.30627D-01      -0.25217D-01       0.47549D+00       0.37690D-01
       0.65000D+02       0.30925D-01      -0.98642D-01       0.47551D+00       0.38299D-01
       0.66000D+02       0.30652D-01      -0.80435D-01       0.47565D+00       0.37916D-01
       0.67000D+02       0.30978D-01      -0.96149D-02       0.47561D+00       0.38187D-01
       0.68000D+02       0.30488D-01      -0.12959D-01       0.47549D+00       0.39842D-01
       0.69000D+02       0.30892D-01      -0.83114D-01       0.47549D+00       0.39659D-01
       0.70000D+02       0.30684D-01      -0.91974D-01       0.47563D+00       0.39116D-01
       0.71000D+02       0.31243D-01      -0.21158D-01       0.47565D+00       0.38884D-01
       0.72000D+02       0.30904D-01      -0.44834D-02       0.47554D+00       0.38416D-01
       0.73000D+02       0.31130D-01      -0.69224D-01       0.47548D+00       0.39162D-01
       0.74000D+02       0.31052D-01      -0.10356D+00       0.47560D+00       0.38842D-01
       0.75000D+02       0.31267D-01      -0.34743D-01       0.47564D+00       0.38854D-01
       0.76000D+02       0.30806D-01      -0.43146D-03       0.47555D+00       0.38904D-01
       0.77000D+02       0.30574D-01      -0.50285D-01       0.47549D+00       0.38635D-01
       0.78000D+02       0.30599D-01      -0.10560D+00       0.47557D+00       0.38688D-01
       0.79000D+02       0.30852D-01      -0.52417D-01       0.47565D+00       0.38518D-01
       0.80000D+02       0.30949D-01      -0.23068D-03       0.47558D+00       0.38170D-01
       0.81000D+02       0.30851D-01      -0.35460D-01       0.47548D+00       0.37777D-01
       0.82000D+02       0.31249D-01      -0.10139D+00       0.47554D+00       0.37574D-01
       0.83000D+02       0.31166D-01      -0.67786D-01       0.47564D+00       0.42264D-01
       0.84000D+02       0.31255D-01      -0.44951D-02       0.47561D+00       0.47167D-01
       0.85000D+02       0.30783D-01      -0.20199D-01       0.47551D+00       0.46718D-01
       0.86000D+02       0.31030D-01      -0.94477D-01       0.47552D+00       0.47037D-01
       0.87000D+02       0.30775D-01      -0.86435D-01       0.47563D+00       0.46704D-01
       0.88000D+02       0.31031D-01      -0.13363D-01       0.47561D+00       0.46765D-01
       0.89000D+02       0.30614D-01      -0.90626D-02       0.47552D+00       0.47202D-01
       0.90000D+02       0.30835D-01      -0.77324D-01       0.47551D+00       0.46966D-01
       0.91000D+02       0.30692D-01      -0.96249D-01       0.47560D+00       0.46673D-01
       0.92000D+02       0.31138D-01      -0.26539D-01       0.47564D+00       0.46490D-01
       0.93000D+02       0.30945D-01      -0.23262D-02       0.47555D+00       0.46650D-01
       0.94000D+02       0.31071D-01      -0.62558D-01       0.47550D+00       0.46661D-01
       0.95000D+02       0.31116D-01      -0.10507D+00       0.47558D+00       0.46429D-01
       0.96000D+02       0.31246D-01      -0.40667D-01       0.47563D+00       0.46277D-01
       0.97000D+02       0.30942D-01      -0.19654D-04       0.47556D+00       0.46144D-01
       0.98000D+02       0.30677D-01      -0.44000D-01       0.47551D+00       0.45856D-01
       0.99000D+02       0.30750D-01      -0.10550D+00       0.47556D+00       0.46033D-01
       0.10000D+03       0.30847D-01      -0.58950D-01       0.47563D+00       0.45782D-01
       0.10100D+03       0.30981D-01      -0.14144D-02       0.47558D+00       0.45448D-01
       0.10200D+03       0.30838D-01      -0.29610D-01       0.47550D+00       0.45131D-01
       0.10300D+03       0.31184D-01      -0.98273D-01       0.47554D+00       0.44899D-01
       0.10400D+03       0.31090D-01      -0.74028D-01       0.47562D+00       0.44596D-01
       0.10500D+03       0.31257D-01      -0.72485D-02       0.47560D+00       0.44745D-01
       0.10600D+03       0.30891D-01      -0.15633D-01       0.47553D+00       0.44384D-01
       0.10700D+03       0.31098D-01      -0.89463D-01       0.47552D+00       0.44394D-01
       0.10800D+03       0.30883D-01      -0.91844D-01       0.47561D+00       0.44127D-01
       0.10900D+03       0.31085D-01      -0.17653D-01       0.47561D+00       0.44195D-01
       0.11000D+03       0.30726D-01      -0.59006D-02       0.47553D+00       0.44628D-01
       0.11100D+03       0.30835D-01      -0.71208D-01       0.47552D+00       0.44512D-01
       0.11200D+03       0.30728D-01      -0.99793D-01       0.47559D+00       0.44350D-01
       0.11300D+03       0.31077D-01      -0.32247D-01       0.47563D+00       0.44150D-01
       0.11400D+03       0.30980D-01      -0.79546D-03       0.47556D+00       0.43932D-01
       0.11500D+03       0.31058D-01      -0.55953D-01       0.47551D+00       0.43600D-01
       0.11600D+03       0.31171D-01      -0.10566D+00       0.47557D+00       0.43420D-01
       0.11700D+03       0.31233D-01      -0.46842D-01       0.47562D+00       0.43332D-01
       0.11800D+03       0.31043D-01      -0.14087D-03       0.47557D+00       0.43287D-01
       0.11900D+03       0.30774D-01      -0.37932D-01       0.47552D+00       0.43034D-01
       0.12000D+03       0.30869D-01      -0.10450D+00       0.47555D+00       0.43111D-01
       0.12100D+03       0.30871D-01      -0.65597D-01       0.47562D+00       0.42905D-01
       0.12200D+03       0.31009D-01      -0.32332D-02       0.47558D+00       0.43069D-01
       0.12300D+03       0.30840D-01      -0.24039D-01       0.47552D+00       0.42796D-01
       0.12400D+03       0.31111D-01      -0.94386D-01       0.47554D+00       0.42651D-01
       0.12500D+03       0.31030D-01      -0.80012D-01       0.47561D+00       0.42317D-01
       0.12600D+03       0.31240D-01      -0.10751D-01       0.47560D+00       0.42312D-01
       0.12700D+03       0.30958D-01      -0.11585D-01       0.47554D+00       0.42016D-01
       0.12800D+03       0.31130D-01      -0.83762D-01       0.47553D+00       0.42344D-01
       0.12900D+03       0.30969D-01      -0.96489D-01       0.47560D+00       0.42124D-01
       0.13000D+03       0.31127D-01      -0.22435D-01       0.47560D+00       0.42178D-01
       0.13100D+03       0.30821D-01      -0.34828D-02       0.47555D+00       0.41925D-01
       0.13200D+03       0.30836D-01      -0.64884D-01       0.47552D+00       0.41756D-01
       0.13300D+03       0.30773D-01      -0.10254D+00       0.47558D+00       0.44700D-01
       0.13400D+03       0.31037D-01      -0.38200D-01       0.47562D+00       0.44563D-01
       0.13500D+03       0.31000D-01       0.97007D-04       0.47556D+00       0.44668D-01
       0.13600D+03       0.31030D-01      -0.49493D-01       0.47552D+00       0.44515D-01
       0.13700D+03       0.31186D-01      -0.10535D+00       0.47556D+00       0.44332D-01
       0.13800D+03       0.31203D-01      -0.53199D-01       0.47561D+00       0.44202D-01
       0.13900D+03       0.31099D-01      -0.79940D-03       0.47558D+00       0.44044D-01
       0.14000D+03       0.30837D-01      -0.32137D-01       0.47553D+00       0.43820D-01
       0.14100D+03       0.30946D-01      -0.10255D+00       0.47555D+00       0.43932D-01
       0.14200D+03       0.30882D-01      -0.72244D-01       0.47561D+00       0.43724D-01
       0.14300D+03       0.31021D-01      -0.56679D-02       0.47558D+00       0.43790D-01
       0.14400D+03       0.30836D-01      -0.18842D-01       0.47553D+00       0.43843D-01
       0.14500D+03       0.31061D-01      -0.89804D-01       0.47554D+00       0.43700D-01
       0.14600D+03       0.30971D-01      -0.85610D-01       0.47560D+00       0.43408D-01
       0.14700D+03       0.31200D-01      -0.14959D-01       0.47560D+00       0.43440D-01
       0.14800D+03       0.30988D-01      -0.80934D-02       0.47555D+00       0.43161D-01
       0.14900D+03       0.31117D-01      -0.77555D-01       0.47553D+00       0.43214D-01
       0.15000D+03       0.31014D-01      -0.10023D+00       0.47559D+00       0.43015D-01
       0.15100D+03       0.31145D-01      -0.27634D-01       0.47560D+00       0.43018D-01
       0.15200D+03       0.30889D-01      -0.17537D-02       0.47555D+00       0.43053D-01
       0.15300D+03       0.30842D-01      -0.58455D-01       0.47553D+00       0.42884D-01
       0.15400D+03       0.30814D-01      -0.10444D+00       0.47557D+00       0.42864D-01
       0.15500D+03       0.31003D-01      -0.44346D-01       0.47561D+00       0.42722D-01
       0.15600D+03       0.31012D-01       0.35460D-03       0.47557D+00       0.42783D-01
       0.15700D+03       0.31007D-01      -0.43203D-01       0.47552D+00       0.42631D-01
       0.15800D+03       0.31178D-01      -0.10416D+00       0.47556D+00       0.42480D-01
       0.15900D+03       0.31165D-01      -0.59640D-01       0.47560D+00       0.42348D-01
       0.16000D+03       0.31136D-01      -0.20234D-02       0.47558D+00       0.42238D-01
       0.16100D+03       0.30892D-01      -0.26650D-01       0.47554D+00       0.42051D-01
       0.16200D+03       0.31006D-01      -0.99612D-01       0.47555D+00       0.42045D-01
       0.16300D+03       0.30906D-01      -0.78725D-01       0.47560D+00       0.41869D-01
       0.16400D+03       0.31035D-01      -0.86926D-02       0.47559D+00       0.41949D-01
       0.16500D+03       0.30841D-01      -0.14137D-01       0.47554D+00       0.42004D-01
       0.16600D+03       0.31007D-01      -0.84616D-01       0.47554D+00       0.41917D-01
       0.16700D+03       0.30929D-01      -0.90695D-01       0.47559D+00       0.41673D-01
       0.16800D+03       0.31158D-01      -0.19764D-01       0.47560D+00       0.41552D-01
       0.16900D+03       0.31005D-01      -0.51755D-02       0.47555D+00       0.41340D-01
       0.17000D+03       0.31106D-01      -0.71029D-01       0.47553D+00       0.41657D-01
       0.17100D+03       0.31059D-01      -0.10298D+00       0.47558D+00       0.41505D-01
       0.17200D+03       0.31158D-01      -0.33180D-01       0.47560D+00       0.41488D-01
       0.17300D+03       0.30950D-01      -0.63720D-03       0.47556D+00       0.41486D-01
       0.17400D+03       0.30854D-01      -0.52022D-01       0.47553D+00       0.41320D-01
       0.17500D+03       0.30859D-01      -0.10547D+00       0.47557D+00       0.41310D-01
       0.17600D+03       0.30986D-01      -0.50668D-01       0.47561D+00       0.41212D-01
       0.17700D+03       0.31020D-01      -0.19202D-04       0.47557D+00       0.41061D-01
       0.17800D+03       0.30985D-01      -0.37090D-01       0.47553D+00       0.40871D-01
       0.17900D+03       0.31161D-01      -0.10210D+00       0.47556D+00       0.40778D-01
       0.18000D+03       0.31128D-01      -0.66057D-01       0.47560D+00       0.42922D-01
       0.18100D+03       0.31154D-01      -0.38733D-02       0.47558D+00       0.42842D-01
       0.18200D+03       0.30934D-01      -0.21523D-01       0.47554D+00       0.42664D-01
       0.18300D+03       0.31047D-01      -0.95700D-01       0.47555D+00       0.42841D-01
       0.18400D+03       0.30931D-01      -0.84853D-01       0.47560D+00       0.42711D-01
       0.18500D+03       0.31051D-01      -0.12288D-01       0.47559D+00       0.42756D-01
       0.18600D+03       0.30856D-01      -0.10052D-01       0.47554D+00       0.43202D-01
       0.18700D+03       0.30974D-01      -0.78937D-01       0.47554D+00       0.43112D-01
       0.18800D+03       0.30901D-01      -0.95155D-01       0.47559D+00       0.42953D-01
       0.18900D+03       0.31117D-01      -0.25038D-01       0.47560D+00       0.42878D-01
       0.19000D+03       0.31013D-01      -0.28520D-02       0.47556D+00       0.42880D-01
       0.19100D+03       0.31087D-01      -0.64371D-01       0.47553D+00       0.42717D-01
       0.19200D+03       0.31090D-01      -0.10475D+00       0.47558D+00       0.42584D-01
       0.19300D+03       0.31160D-01      -0.39028D-01       0.47560D+00       0.42528D-01
       0.19400D+03       0.30999D-01      -0.78672D-04       0.47556D+00       0.42479D-01
       0.19500D+03       0.30876D-01      -0.45691D-01       0.47554D+00       0.42358D-01
       0.19600D+03       0.30906D-01      -0.10562D+00       0.47556D+00       0.42467D-01
       0.19700D+03       0.30971D-01      -0.57158D-01       0.47560D+00       0.42358D-01
       0.19800D+03       0.31029D-01      -0.10290D-02       0.47557D+00       0.42204D-01
       0.19900D+03       0.30965D-01      -0.31178D-01       0.47553D+00       0.42059D-01
       0.20000D+03       0.31141D-01      -0.99200D-01       0.47555D+00       0.41945D-01
       0.20100D+03       0.31095D-01      -0.72351D-01       0.47560D+00       0.41804D-01
       0.20200D+03       0.31169D-01      -0.64251D-02       0.47559D+00       0.41887D-01
       0.20300D+03       0.30976D-01      -0.16826D-01       0.47555D+00       0.41800D-01
       0.20400D+03       0.31083D-01      -0.90903D-01       0.47554D+00       0.41825D-01
       0.20500D+03       0.30970D-01      -0.90442D-01       0.47559D+00       0.41701D-01
       0.20600D+03       0.31077D-01      -0.16435D-01       0.47559D+00       0.41743D-01
       0.20700D+03       0.30888D-01      -0.66861D-02       0.47555D+00       0.41978D-01
       0.20800D+03       0.30951D-01      -0.72897D-01       0.47554D+00       0.41931D-01
       0.20900D+03       0.30897D-01      -0.98905D-01       0.47558D+00       0.41857D-01
       0.21000D+03       0.31087D-01      -0.30667D-01       0.47560D+00       0.41758D-01
       0.21100D+03       0.31026D-01      -0.11489D-02       0.47556D+00       0.41586D-01
       0.21200D+03       0.31068D-01      -0.57738D-01       0.47554D+00       0.41428D-01
       0.21300D+03       0.31124D-01      -0.10559D+00       0.47557D+00       0.41343D-01
       0.21400D+03       0.31163D-01      -0.45141D-01       0.47559D+00       0.41300D-01
       0.21500D+03       0.31049D-01      -0.55207D-04       0.47557D+00       0.41279D-01
       0.21600D+03       0.30908D-01      -0.39558D-01       0.47554D+00       0.41151D-01
       0.21700D+03       0.30955D-01      -0.10487D+00       0.47556D+00       0.41255D-01
       0.21800D+03       0.30967D-01      -0.63782D-01       0.47560D+00       0.41144D-01
       0.21900D+03       0.31040D-01      -0.26763D-02       0.47557D+00       0.41029D-01
       0.22000D+03       0.30953D-01      -0.25523D-01       0.47554D+00       0.40891D-01
       0.22100D+03       0.31113D-01      -0.95516D-01       0.47555D+00       0.40824D-01
       0.22200D+03       0.31062D-01      -0.78416D-01       0.47559D+00       0.40698D-01
       0.22300D+03       0.31170D-01      -0.97253D-02       0.47559D+00       0.40724D-01
       0.22400D+03       0.31006D-01      -0.12632D-01       0.47555D+00       0.40555D-01
       0.22500D+03       0.31104D-01      -0.85371D-01       0.47554D+00       0.40746D-01
       0.22600D+03       0.31008D-01      -0.95310D-01       0.47558D+00       0.40625D-01
       0.22700D+03       0.31101D-01      -0.21090D-01       0.47559D+00       0.40659D-01
       0.22800D+03       0.30925D-01      -0.40693D-02       0.47555D+00       0.40813D-01
       0.22900D+03       0.30945D-01      -0.66619D-01       0.47554D+00       0.40722D-01
       0.23000D+03       0.30903D-01      -0.10188D+00       0.47558D+00       0.42431D-01
       0.23100D+03       0.31062D-01      -0.36560D-01       0.47560D+00       0.42355D-01
       0.23200D+03       0.31033D-01      -0.82653D-04       0.47556D+00       0.42410D-01
       0.23300D+03       0.31056D-01      -0.51234D-01       0.47554D+00       0.42262D-01
       0.23400D+03       0.31138D-01      -0.10552D+00       0.47557D+00       0.42169D-01
       0.23500D+03       0.31153D-01      -0.51457D-01       0.47559D+00       0.42101D-01
       0.23600D+03       0.31081D-01      -0.56599D-03       0.47557D+00       0.42014D-01
       0.23700D+03       0.30931D-01      -0.33684D-01       0.47554D+00       0.41893D-01
       0.23800D+03       0.30991D-01      -0.10318D+00       0.47556D+00       0.41973D-01
       0.23900D+03       0.30964D-01      -0.70444D-01       0.47559D+00       0.41858D-01
       0.24000D+03       0.31042D-01      -0.49461D-02       0.47558D+00       0.41926D-01
       0.24100D+03       0.30938D-01      -0.20212D-01       0.47554D+00       0.41775D-01
       0.24200D+03       0.31077D-01      -0.91115D-01       0.47555D+00       0.41695D-01
       0.24300D+03       0.31024D-01      -0.84133D-01       0.47559D+00       0.41528D-01
       0.24400D+03       0.31155D-01      -0.13750D-01       0.47559D+00       0.41548D-01
       0.24500D+03       0.31021D-01      -0.89872D-02       0.47555D+00       0.41389D-01
       0.24600D+03       0.31101D-01      -0.79283D-01       0.47554D+00       0.41432D-01
       0.24700D+03       0.31032D-01      -0.99305D-01       0.47558D+00       0.41319D-01
       0.24800D+03       0.31114D-01      -0.26182D-01       0.47559D+00       0.41323D-01
       0.24900D+03       0.30955D-01      -0.21604D-02       0.47556D+00       0.41347D-01
       0.25000D+03       0.30937D-01      -0.60209D-01       0.47554D+00       0.41252D-01
       0.25100D+03       0.30915D-01      -0.10401D+00       0.47557D+00       0.41246D-01
       0.25200D+03       0.31038D-01      -0.42656D-01       0.47559D+00       0.41152D-01
       0.25300D+03       0.31037D-01       0.34702D-03       0.47557D+00       0.41170D-01
       0.25400D+03       0.31040D-01      -0.44897D-01       0.47554D+00       0.41103D-01
       0.25500D+03       0.31144D-01      -0.10457D+00       0.47556D+00       0.41020D-01
       0.25600D+03       0.31135D-01      -0.57885D-01       0.47559D+00       0.40965D-01
       0.25700D+03       0.31107D-01      -0.16315D-02       0.47557D+00       0.40900D-01
       0.25800D+03       0.30957D-01      -0.28110D-01       0.47555D+00       0.40792D-01
       0.25900D+03       0.31025D-01      -0.10051D+00       0.47556D+00       0.40796D-01
       0.26000D+03       0.30969D-01      -0.76989D-01       0.47559D+00       0.40692D-01
       0.26100D+03       0.31049D-01      -0.78125D-02       0.47558D+00       0.40741D-01
       0.26200D+03       0.30932D-01      -0.15361D-01       0.47555D+00       0.40782D-01
       0.26300D+03       0.31042D-01      -0.86082D-01       0.47555D+00       0.40741D-01
       0.26400D+03       0.30992D-01      -0.89369D-01       0.47558D+00       0.40590D-01
       0.26500D+03       0.31133D-01      -0.18405D-01       0.47559D+00       0.40571D-01
       0.26600D+03       0.31030D-01      -0.59115D-02       0.47556D+00       0.40440D-01
       0.26700D+03       0.31097D-01      -0.72826D-01       0.47554D+00       0.40649D-01
       0.26800D+03       0.31059D-01      -0.10233D+00       0.47558D+00       0.40546D-01
       0.26900D+03       0.31125D-01      -0.31639D-01       0.47559D+00       0.40537D-01
       0.27000D+03       0.30988D-01      -0.88405D-03       0.47556D+00       0.40537D-01
       0.27100D+03       0.30935D-01      -0.53766D-01       0.47554D+00       0.40436D-01
       0.27200D+03       0.30934D-01      -0.10528D+00       0.47557D+00       0.40433D-01
       0.27300D+03       0.31024D-01      -0.48931D-01       0.47559D+00       0.40370D-01
       0.27400D+03       0.31041D-01       0.14519D-03       0.47557D+00       0.40272D-01
       0.27500D+03       0.31022D-01      -0.38735D-01       0.47554D+00       0.40158D-01
       0.27600D+03       0.31133D-01      -0.10275D+00       0.47556D+00       0.40108D-01
       0.27700D+03       0.31116D-01      -0.64319D-01       0.47559D+00       0.41503D-01
       0.27800D+03       0.31123D-01      -0.33036D-02       0.47558D+00       0.41453D-01
       0.27900D+03       0.30979D-01      -0.22878D-01       0.47555D+00       0.41342D-01
       0.28000D+03       0.31051D-01      -0.96857D-01       0.47555D+00       0.41464D-01
       0.28100D+03       0.30979D-01      -0.83232D-01       0.47559D+00       0.41380D-01
       0.28200D+03       0.31058D-01      -0.11254D-01       0.47558D+00       0.41412D-01
       0.28300D+03       0.30933D-01      -0.11096D-01       0.47555D+00       0.41706D-01
       0.28400D+03       0.31018D-01      -0.80523D-01       0.47555D+00       0.41653D-01
       0.28500D+03       0.30968D-01      -0.94009D-01       0.47558D+00       0.41514D-01
       0.28600D+03       0.31109D-01      -0.23564D-01       0.47559D+00       0.41454D-01
       0.28700D+03       0.31035D-01      -0.34238D-02       0.47556D+00       0.41328D-01
       0.28800D+03       0.31087D-01      -0.66186D-01       0.47554D+00       0.41505D-01
       0.28900D+03       0.31080D-01      -0.10437D+00       0.47557D+00       0.41425D-01
       0.29000D+03       0.31130D-01      -0.37409D-01       0.47559D+00       0.41404D-01
       0.29100D+03       0.31018D-01      -0.17718D-03       0.47556D+00       0.41375D-01
       0.29200D+03       0.30943D-01      -0.47397D-01       0.47555D+00       0.41292D-01
       0.29300D+03       0.30958D-01      -0.10567D+00       0.47557D+00       0.41373D-01
       0.29400D+03       0.31011D-01      -0.55377D-01       0.47559D+00       0.41304D-01
       0.29500D+03       0.31045D-01      -0.69098D-03       0.47557D+00       0.41201D-01
       0.29600D+03       0.31008D-01      -0.32764D-01       0.47554D+00       0.41085D-01
       0.29700D+03       0.31124D-01      -0.10007D+00       0.47556D+00       0.41014D-01
       0.29800D+03       0.31097D-01      -0.70656D-01       0.47559D+00       0.40921D-01
       0.29900D+03       0.31137D-01      -0.56577D-02       0.47558D+00       0.40974D-01
       0.30000D+03       0.31005D-01      -0.18057D-01       0.47555D+00       0.40860D-01
       0.30100D+03       0.31077D-01      -0.92288D-01       0.47555D+00       0.40886D-01
       0.30200D+03       0.31001D-01      -0.88985D-01       0.47558D+00       0.40807D-01
       0.30300D+03       0.31074D-01      -0.15254D-01       0.47558D+00       0.40852D-01
       0.30400D+03       0.30948D-01      -0.75276D-02       0.47555D+00       0.41009D-01
       0.30500D+03       0.30999D-01      -0.74569D-01       0.47555D+00       0.40999D-01
       0.30600D+03       0.30959D-01      -0.97959D-01       0.47558D+00       0.40951D-01
       0.30700D+03       0.31091D-01      -0.29106D-01       0.47559D+00       0.40884D-01
       0.30800D+03       0.31042D-01      -0.15495D-02       0.47556D+00       0.40897D-01
       0.30900D+03       0.31075D-01      -0.59533D-01       0.47555D+00       0.40879D-01
       0.31000D+03       0.31102D-01      -0.10545D+00       0.47557D+00       0.40824D-01
       0.31100D+03       0.31136D-01      -0.43454D-01       0.47559D+00       0.40796D-01
       0.31200D+03       0.31052D-01      -0.89805D-05       0.47557D+00       0.40780D-01
       0.31300D+03       0.30958D-01      -0.41203D-01       0.47555D+00       0.40696D-01
       0.31400D+03       0.30988D-01      -0.10516D+00       0.47556D+00       0.40769D-01
       0.31500D+03       0.31004D-01      -0.61971D-01       0.47559D+00       0.40708D-01
       0.31600D+03       0.31051D-01      -0.21655D-02       0.47557D+00       0.40625D-01
       0.31700D+03       0.30997D-01      -0.27031D-01       0.47555D+00       0.40547D-01
       0.31800D+03       0.31108D-01      -0.96592D-01       0.47556D+00       0.40521D-01
       0.31900D+03       0.31075D-01      -0.76795D-01       0.47558D+00       0.40436D-01
       0.32000D+03       0.31142D-01      -0.87533D-02       0.47558D+00       0.40449D-01
       0.32100D+03       0.31025D-01      -0.13720D-01       0.47556D+00       0.40344D-01
       0.32200D+03       0.31094D-01      -0.86939D-01       0.47555D+00       0.40489D-01
       0.32300D+03       0.31025D-01      -0.94066D-01       0.47558D+00       0.40407D-01
       0.32400D+03       0.31090D-01      -0.19777D-01       0.47558D+00       0.40430D-01
       0.32500D+03       0.30967D-01      -0.47083D-02       0.47556D+00       0.40536D-01
       0.32600D+03       0.30990D-01      -0.68344D-01       0.47555D+00       0.40504D-01
       0.32700D+03       0.30958D-01      -0.10115D+00       0.47557D+00       0.41708D-01
       0.32800D+03       0.31072D-01      -0.34934D-01       0.47559D+00       0.41652D-01
       0.32900D+03       0.31046D-01      -0.30946D-03       0.47556D+00       0.41585D-01
       0.33000D+03       0.31067D-01      -0.52988D-01       0.47555D+00       0.41483D-01
       0.33100D+03       0.31118D-01      -0.10563D+00       0.47557D+00       0.41424D-01
       0.33200D+03       0.31133D-01      -0.49723D-01       0.47559D+00       0.41402D-01
       0.33300D+03       0.31076D-01      -0.37344D-03       0.47557D+00       0.41388D-01
       0.33400D+03       0.30973D-01      -0.35254D-01       0.47555D+00       0.41307D-01
       0.33500D+03       0.31012D-01      -0.10373D+00       0.47556D+00       0.41369D-01
       0.33600D+03       0.31000D-01      -0.68636D-01       0.47559D+00       0.41290D-01
       0.33700D+03       0.31053D-01      -0.42684D-02       0.47557D+00       0.41337D-01
       0.33800D+03       0.30983D-01      -0.21617D-01       0.47555D+00       0.41236D-01
       0.33900D+03       0.31085D-01      -0.92379D-01       0.47556D+00       0.41182D-01
       0.34000D+03       0.31048D-01      -0.82619D-01       0.47558D+00       0.41065D-01
       0.34100D+03       0.31135D-01      -0.12588D-01       0.47558D+00       0.41074D-01
       0.34200D+03       0.31036D-01      -0.99232D-02       0.47556D+00       0.40964D-01
       0.34300D+03       0.31095D-01      -0.80984D-01       0.47555D+00       0.41000D-01
       0.34400D+03       0.31040D-01      -0.98312D-01       0.47558D+00       0.40921D-01
       0.34500D+03       0.31101D-01      -0.24758D-01       0.47558D+00       0.40933D-01
       0.34600D+03       0.30986D-01      -0.26139D-02       0.47556D+00       0.40949D-01
       0.34700D+03       0.30977D-01      -0.61960D-01       0.47555D+00       0.40884D-01
       0.34800D+03       0.30961D-01      -0.10352D+00       0.47557D+00       0.40885D-01
       0.34900D+03       0.31055D-01      -0.40979D-01       0.47559D+00       0.40824D-01
       0.35000D+03       0.31049D-01       0.29276D-03       0.47557D+00       0.40833D-01
       0.35100D+03       0.31056D-01      -0.46604D-01       0.47555D+00       0.40789D-01
       0.35200D+03       0.31124D-01      -0.10492D+00       0.47556D+00       0.40734D-01
       0.35300D+03       0.31125D-01      -0.56131D-01       0.47558D+00       0.40694D-01
       0.35400D+03       0.31096D-01      -0.12844D-02       0.47557D+00       0.40646D-01
       0.35500D+03       0.30989D-01      -0.29595D-01       0.47555D+00       0.40571D-01
       0.35600D+03       0.31037D-01      -0.10133D+00       0.47556D+00       0.40623D-01
       0.35700D+03       0.31001D-01      -0.75230D-01       0.47558D+00       0.40548D-01
       0.35800D+03       0.31059D-01      -0.69749D-02       0.47557D+00       0.40589D-01
       0.35900D+03       0.30977D-01      -0.16628D-01       0.47555D+00       0.40619D-01
       0.36000D+03       0.31062D-01      -0.87508D-01       0.47555D+00       0.40595D-01
       0.36100D+03       0.31025D-01      -0.87999D-01       0.47558D+00       0.40485D-01
       0.36200D+03       0.31125D-01      -0.17083D-01       0.47558D+00       0.40517D-01
       0.36300D+03       0.31045D-01      -0.66910D-02       0.47556D+00       0.40424D-01
       0.36400D+03       0.31096D-01      -0.74608D-01       0.47555D+00       0.40450D-01
       0.36500D+03       0.31062D-01      -0.10161D+00       0.47557D+00       0.40375D-01
       0.36600D+03       0.31113D-01      -0.30122D-01       0.47558D+00       0.40368D-01
       0.36700D+03       0.31010D-01      -0.11728D-02       0.47556D+00       0.40365D-01
       0.36800D+03       0.30978D-01      -0.55516D-01       0.47555D+00       0.40294D-01
       0.36900D+03       0.30973D-01      -0.10502D+00       0.47557D+00       0.40292D-01
       0.37000D+03       0.31046D-01      -0.47206D-01       0.47559D+00       0.40243D-01
       0.37100D+03       0.31054D-01       0.26263D-03       0.47557D+00       0.40286D-01
       0.37200D+03       0.31044D-01      -0.40394D-01       0.47555D+00       0.40224D-01
       0.37300D+03       0.31124D-01      -0.10333D+00       0.47556D+00       0.40194D-01
       0.37400D+03       0.31114D-01      -0.62574D-01       0.47558D+00       0.40146D-01
       0.37500D+03       0.31114D-01      -0.27845D-02       0.47557D+00       0.40110D-01
       0.37600D+03       0.31008D-01      -0.24264D-01       0.47555D+00       0.40033D-01
       0.37700D+03       0.31060D-01      -0.97946D-01       0.47556D+00       0.40130D-01
       0.37800D+03       0.31009D-01      -0.81574D-01       0.47558D+00       0.40056D-01
       0.37900D+03       0.31066D-01      -0.10262D-01       0.47558D+00       0.40101D-01
       0.38000D+03       0.30976D-01      -0.12191D-01       0.47555D+00       0.40394D-01
       0.38100D+03       0.31044D-01      -0.82080D-01       0.47555D+00       0.40359D-01
       0.38200D+03       0.31007D-01      -0.92811D-01       0.47558D+00       0.40258D-01
       0.38300D+03       0.31110D-01      -0.22118D-01       0.47558D+00       0.40214D-01
       0.38400D+03       0.31050D-01      -0.40410D-02       0.47556D+00       0.40124D-01
       0.38500D+03       0.31091D-01      -0.68000D-01       0.47555D+00       0.40260D-01
       0.38600D+03       0.31081D-01      -0.10391D+00       0.47557D+00       0.40195D-01
       0.38700D+03       0.31120D-01      -0.35811D-01       0.47558D+00       0.40196D-01
       0.38800D+03       0.31033D-01      -0.31542D-03       0.47556D+00       0.40204D-01
       0.38900D+03       0.30982D-01      -0.49117D-01       0.47555D+00       0.40146D-01
       0.39000D+03       0.30989D-01      -0.10565D+00       0.47557D+00       0.40212D-01
       0.39100D+03       0.31035D-01      -0.53606D-01       0.47558D+00       0.40163D-01
       0.39200D+03       0.31056D-01      -0.40029D-03       0.47557D+00       0.40086D-01
       0.39300D+03       0.31032D-01      -0.34367D-01       0.47555D+00       0.40000D-01
       0.39400D+03       0.31117D-01      -0.10088D+00       0.47556D+00       0.39951D-01
       0.39500D+03       0.31098D-01      -0.68948D-01       0.47558D+00       0.40930D-01
       0.39600D+03       0.31122D-01      -0.49454D-02       0.47558D+00       0.42015D-01
       0.39700D+03       0.31021D-01      -0.19324D-01       0.47556D+00       0.41930D-01
       0.39800D+03       0.31075D-01      -0.93615D-01       0.47556D+00       0.42009D-01
       0.39900D+03       0.31018D-01      -0.87479D-01       0.47558D+00       0.41949D-01
       0.40000D+03       0.31074D-01      -0.14112D-01       0.47558D+00       0.41977D-01
       0.40100D+03       0.30979D-01      -0.84250D-02       0.47556D+00       0.42089D-01
       0.40200D+03       0.31024D-01      -0.76220D-01       0.47555D+00       0.42049D-01
       0.40300D+03       0.30992D-01      -0.96957D-01       0.47558D+00       0.41995D-01
       0.40400D+03       0.31093D-01      -0.27566D-01       0.47558D+00       0.41968D-01
       0.40500D+03       0.31052D-01      -0.19973D-02       0.47556D+00       0.42020D-01
       0.40600D+03       0.31079D-01      -0.61336D-01       0.47555D+00       0.42034D-01
       0.40700D+03       0.31094D-01      -0.10525D+00       0.47557D+00       0.41991D-01
       0.40800D+03       0.31122D-01      -0.41785D-01       0.47558D+00       0.41967D-01
       0.40900D+03       0.31054D-01      -0.20876D-05       0.47557D+00       0.41946D-01
       0.41000D+03       0.30987D-01      -0.42866D-01       0.47555D+00       0.41886D-01
       0.41100D+03       0.31006D-01      -0.10539D+00       0.47556D+00       0.41938D-01
       0.41200D+03       0.31025D-01      -0.60165D-01       0.47558D+00       0.41888D-01
       0.41300D+03       0.31058D-01      -0.17014D-02       0.47557D+00       0.41819D-01
       0.41400D+03       0.31021D-01      -0.28563D-01       0.47555D+00       0.41752D-01
       0.41500D+03       0.31106D-01      -0.97614D-01       0.47556D+00       0.41732D-01
       0.41600D+03       0.31082D-01      -0.75151D-01       0.47558D+00       0.41663D-01
       0.41700D+03       0.31128D-01      -0.78363D-02       0.47558D+00       0.41712D-01
       0.41800D+03       0.31036D-01      -0.14849D-01       0.47556D+00       0.41624D-01
       0.41900D+03       0.31089D-01      -0.88462D-01       0.47556D+00       0.41733D-01
       0.42000D+03       0.31034D-01      -0.92760D-01       0.47558D+00       0.41670D-01
       0.42100D+03       0.31086D-01      -0.18497D-01       0.47558D+00       0.41695D-01
       0.42200D+03       0.30992D-01      -0.54014D-02       0.47556D+00       0.41816D-01
       0.42300D+03       0.31015D-01      -0.70058D-01       0.47555D+00       0.41791D-01
       0.42400D+03       0.30988D-01      -0.10036D+00       0.47557D+00       0.42718D-01
       0.42500D+03       0.31079D-01      -0.33325D-01       0.47558D+00       0.42670D-01
       0.42600D+03       0.31056D-01      -0.58354D-03       0.47556D+00       0.42616D-01
       0.42700D+03       0.31075D-01      -0.54754D-01       0.47555D+00       0.42530D-01
       0.42800D+03       0.31109D-01      -0.10567D+00       0.47557D+00       0.42483D-01
       0.42900D+03       0.31124D-01      -0.48000D-01       0.47558D+00       0.42462D-01
       0.43000D+03       0.31076D-01      -0.22118D-03       0.47557D+00       0.42481D-01
       0.43100D+03       0.30999D-01      -0.36846D-01       0.47555D+00       0.42412D-01
       0.43200D+03       0.31027D-01      -0.10421D+00       0.47556D+00       0.42504D-01
       0.43300D+03       0.31023D-01      -0.66823D-01       0.47558D+00       0.42450D-01
       0.43400D+03       0.31063D-01      -0.36353D-02       0.47557D+00       0.42482D-01
       0.43500D+03       0.31012D-01      -0.23053D-01       0.47555D+00       0.42405D-01
       0.43600D+03       0.31092D-01      -0.93594D-01       0.47556D+00       0.42362D-01
       0.43700D+03       0.31065D-01      -0.81073D-01       0.47558D+00       0.42268D-01
       0.43800D+03       0.31128D-01      -0.11474D-01       0.47558D+00       0.42269D-01
       0.43900D+03       0.31048D-01      -0.10901D-01       0.47556D+00       0.42182D-01
       0.44000D+03       0.31094D-01      -0.82654D-01       0.47555D+00       0.42276D-01
       0.44100D+03       0.31049D-01      -0.97247D-01       0.47558D+00       0.42212D-01
       0.44200D+03       0.31097D-01      -0.23362D-01       0.47558D+00       0.42230D-01
       0.44300D+03       0.31007D-01      -0.31157D-02       0.47556D+00       0.42156D-01
       0.44400D+03       0.31007D-01      -0.63707D-01       0.47555D+00       0.42104D-01
       0.44500D+03       0.30992D-01      -0.10296D+00       0.47557D+00       0.42982D-01
       0.44600D+03       0.31069D-01      -0.39316D-01       0.47558D+00       0.42948D-01
       0.44700D+03       0.31060D-01       0.19175D-03       0.47557D+00       0.42988D-01
       0.44800D+03       0.31067D-01      -0.48324D-01       0.47555D+00       0.42950D-01
       0.44900D+03       0.31117D-01      -0.10520D+00       0.47557D+00       0.42906D-01
       0.45000D+03       0.31121D-01      -0.54380D-01       0.47558D+00       0.42870D-01
       0.45100D+03       0.31093D-01      -0.98062D-03       0.47557D+00       0.42825D-01
       0.45200D+03       0.31010D-01      -0.31104D-01       0.47556D+00       0.42758D-01
       0.45300D+03       0.31046D-01      -0.10208D+00       0.47556D+00       0.42794D-01
       0.45400D+03       0.31022D-01      -0.73453D-01       0.47558D+00       0.42731D-01
       0.45500D+03       0.31066D-01      -0.61803D-02       0.47557D+00       0.42756D-01
       0.45600D+03       0.31005D-01      -0.17936D-01       0.47555D+00       0.42775D-01
       0.45700D+03       0.31074D-01      -0.88893D-01       0.47556D+00       0.42732D-01
       0.45800D+03       0.31046D-01      -0.86587D-01       0.47558D+00       0.42641D-01
       0.45900D+03       0.31121D-01      -0.15801D-01       0.47558D+00       0.42657D-01
       0.46000D+03       0.31055D-01      -0.75136D-02       0.47556D+00       0.42568D-01
       0.46100D+03       0.31096D-01      -0.76374D-01       0.47555D+00       0.42585D-01
       0.46200D+03       0.31065D-01      -0.10081D+00       0.47557D+00       0.42522D-01
       0.46300D+03       0.31107D-01      -0.28629D-01       0.47558D+00       0.42510D-01
       0.46400D+03       0.31024D-01      -0.15046D-02       0.47556D+00       0.42503D-01
       0.46500D+03       0.31004D-01      -0.57270D-01       0.47555D+00       0.42448D-01
       0.46600D+03       0.30997D-01      -0.10470D+00       0.47557D+00       0.42442D-01
       0.46700D+03       0.31056D-01      -0.45495D-01       0.47558D+00       0.42397D-01
       0.46800D+03       0.31061D-01       0.33329D-03       0.47557D+00       0.42421D-01
       0.46900D+03       0.31057D-01      -0.42066D-01       0.47555D+00       0.42369D-01
       0.47000D+03       0.31117D-01      -0.10385D+00       0.47556D+00       0.42317D-01
       0.47100D+03       0.31111D-01      -0.60824D-01       0.47558D+00       0.42273D-01
       0.47200D+03       0.31105D-01      -0.23142D-02       0.47557D+00       0.42237D-01
       0.47300D+03       0.31022D-01      -0.25679D-01       0.47556D+00       0.42173D-01
       0.47400D+03       0.31062D-01      -0.98965D-01       0.47556D+00       0.42169D-01
       0.47500D+03       0.31025D-01      -0.79884D-01       0.47558D+00       0.42108D-01
       0.47600D+03       0.31069D-01      -0.93110D-02       0.47557D+00       0.42136D-01
       0.47700D+03       0.31000D-01      -0.13336D-01       0.47556D+00       0.42363D-01
       0.47800D+03       0.31055D-01      -0.83605D-01       0.47556D+00       0.42331D-01
       0.47900D+03       0.31028D-01      -0.91564D-01       0.47558D+00       0.42246D-01
       0.48000D+03       0.31109D-01      -0.20702D-01       0.47558D+00       0.42204D-01
       0.48100D+03       0.31058D-01      -0.47031D-02       0.47556D+00       0.42128D-01
       0.48200D+03       0.31092D-01      -0.69810D-01       0.47555D+00       0.42237D-01
       0.48300D+03       0.31079D-01      -0.10338D+00       0.47557D+00       0.42182D-01
       0.48400D+03       0.31112D-01      -0.34233D-01       0.47558D+00       0.42176D-01
       0.48500D+03       0.31040D-01      -0.49378D-03       0.47556D+00       0.42176D-01
       0.48600D+03       0.31002D-01      -0.50847D-01       0.47555D+00       0.42115D-01
       0.48700D+03       0.31006D-01      -0.10557D+00       0.47557D+00       0.42109D-01
       0.48800D+03       0.31048D-01      -0.51848D-01       0.47558D+00       0.42074D-01
       0.48900D+03       0.31062D-01      -0.15691D-03       0.47557D+00       0.42009D-01
       0.49000D+03       0.31047D-01      -0.35987D-01       0.47555D+00       0.41935D-01
       0.49100D+03       0.31112D-01      -0.10163D+00       0.47556D+00       0.41893D-01
       0.49200D+03       0.31099D-01      -0.67226D-01       0.47558D+00       0.42676D-01
       0.49300D+03       0.31112D-01      -0.42876D-02       0.47557D+00       0.42648D-01
       0.49400D+03       0.31031D-01      -0.20625D-01       0.47556D+00       0.42581D-01
       0.49500D+03       0.31074D-01      -0.94881D-01       0.47556D+00       0.42645D-01
       0.49600D+03       0.31029D-01      -0.85927D-01       0.47558D+00       0.42596D-01
       0.49700D+03       0.31074D-01      -0.13010D-01       0.47557D+00       0.42614D-01
       0.49800D+03       0.31000D-01      -0.93778D-02       0.47556D+00       0.42699D-01
       0.49900D+03       0.31040D-01      -0.77850D-01       0.47556D+00       0.42665D-01
       0.50000D+03       0.31014D-01      -0.95900D-01       0.47557D+00       0.42621D-01
       0.50100D+03       0.31095D-01      -0.26049D-01       0.47558D+00       0.42595D-01
       0.50200D+03       0.31058D-01      -0.24917D-02       0.47556D+00       0.42599D-01
       0.50300D+03       0.31082D-01      -0.63146D-01       0.47555D+00       0.42538D-01
       0.50400D+03       0.31089D-01      -0.10498D+00       0.47557D+00       0.42481D-01
       0.50500D+03       0.31114D-01      -0.40133D-01       0.47558D+00       0.42460D-01
       0.50600D+03       0.31055D-01      -0.34506D-04       0.47557D+00       0.42442D-01
       0.50700D+03       0.31005D-01      -0.44547D-01       0.47556D+00       0.42394D-01
       0.50800D+03       0.31018D-01      -0.10555D+00       0.47557D+00       0.42435D-01
       0.50900D+03       0.31038D-01      -0.58368D-01       0.47558D+00       0.42393D-01
       0.51000D+03       0.31064D-01      -0.12842D-02       0.47557D+00       0.42333D-01
       0.51100D+03       0.31036D-01      -0.30117D-01       0.47555D+00       0.42275D-01
       0.51200D+03       0.31105D-01      -0.98580D-01       0.47556D+00       0.42234D-01
       0.51300D+03       0.31086D-01      -0.73486D-01       0.47558D+00       0.42178D-01
       0.51400D+03       0.31119D-01      -0.69752D-02       0.47557D+00       0.42212D-01
       0.51500D+03       0.31043D-01      -0.16016D-01       0.47556D+00       0.42177D-01
       0.51600D+03       0.31086D-01      -0.89936D-01       0.47556D+00       0.42184D-01
       0.51700D+03       0.31041D-01      -0.91395D-01       0.47558D+00       0.42133D-01
       0.51800D+03       0.31083D-01      -0.17254D-01       0.47558D+00       0.42150D-01
       0.51900D+03       0.31007D-01      -0.61494D-02       0.47556D+00       0.42245D-01
       0.52000D+03       0.31032D-01      -0.71758D-01       0.47556D+00       0.42225D-01
       0.52100D+03       0.31008D-01      -0.99512D-01       0.47557D+00       0.42195D-01
       0.52200D+03       0.31084D-01      -0.31732D-01       0.47558D+00       0.42155D-01
       0.52300D+03       0.31061D-01      -0.90495D-03       0.47556D+00       0.42111D-01
       0.52400D+03       0.31079D-01      -0.56531D-01       0.47555D+00       0.42041D-01
       0.52500D+03       0.31102D-01      -0.10564D+00       0.47557D+00       0.42005D-01
       0.52600D+03       0.31117D-01      -0.46289D-01       0.47558D+00       0.41987D-01
       0.52700D+03       0.31073D-01      -0.10876D-03       0.47557D+00       0.41979D-01
       0.52800D+03       0.31014D-01      -0.38457D-01       0.47556D+00       0.41925D-01
       0.52900D+03       0.31034D-01      -0.10463D+00       0.47556D+00       0.41945D-01
       0.53000D+03       0.31036D-01      -0.65008D-01       0.47558D+00       0.41899D-01
       0.53100D+03       0.31067D-01      -0.30475D-02       0.47557D+00       0.41938D-01
       0.53200D+03       0.31028D-01      -0.24518D-01       0.47556D+00       0.41877D-01
       0.53300D+03       0.31095D-01      -0.94759D-01       0.47556D+00       0.41846D-01
       0.53400D+03       0.31073D-01      -0.79497D-01       0.47558D+00       0.41785D-01
       0.53500D+03       0.31121D-01      -0.10413D-01       0.47558D+00       0.41788D-01
       0.53600D+03       0.31053D-01      -0.11921D-01       0.47556D+00       0.41719D-01
       0.53700D+03       0.31094D-01      -0.84289D-01       0.47556D+00       0.41799D-01
       0.53800D+03       0.31055D-01      -0.96114D-01       0.47557D+00       0.41747D-01
       0.53900D+03       0.31093D-01      -0.21995D-01       0.47558D+00       0.41761D-01
       0.54000D+03       0.31019D-01      -0.36674D-02       0.47556D+00       0.41700D-01
       0.54100D+03       0.31024D-01      -0.65448D-01       0.47556D+00       0.41659D-01
       0.54200D+03       0.31008D-01      -0.10233D+00       0.47557D+00       0.42382D-01
       0.54300D+03       0.31073D-01      -0.37666D-01       0.47558D+00       0.42352D-01
       0.54400D+03       0.31063D-01       0.43853D-04       0.47557D+00       0.42380D-01
       0.54500D+03       0.31071D-01      -0.50056D-01       0.47555D+00       0.42347D-01
       0.54600D+03       0.31109D-01      -0.10541D+00       0.47557D+00       0.42306D-01
       0.54700D+03       0.31114D-01      -0.52633D-01       0.47558D+00       0.42277D-01
       0.54800D+03       0.31086D-01      -0.71917D-03       0.47557D+00       0.42239D-01
       0.54900D+03       0.31020D-01      -0.32636D-01       0.47556D+00       0.42186D-01
       0.55000D+03       0.31047D-01      -0.10276D+00       0.47556D+00       0.42218D-01
       0.55100D+03       0.31032D-01      -0.71661D-01       0.47558D+00       0.42167D-01
       0.55200D+03       0.31067D-01      -0.54289D-02       0.47557D+00       0.42187D-01
       0.55300D+03       0.31020D-01      -0.19283D-01       0.47556D+00       0.42119D-01
       0.55400D+03       0.31079D-01      -0.90235D-01       0.47556D+00       0.42082D-01
       0.55500D+03       0.31056D-01      -0.85135D-01       0.47558D+00       0.42009D-01
       0.55600D+03       0.31115D-01      -0.14562D-01       0.47558D+00       0.42019D-01
       0.55700D+03       0.31058D-01      -0.83787D-02       0.47556D+00       0.41947D-01
       0.55800D+03       0.31093D-01      -0.78118D-01       0.47556D+00       0.41963D-01
       0.55900D+03       0.31064D-01      -0.99936D-01       0.47557D+00       0.41912D-01
       0.56000D+03       0.31099D-01      -0.27160D-01       0.47558D+00       0.41914D-01
       0.56100D+03       0.31030D-01      -0.18807D-02       0.47556D+00       0.41925D-01
       0.56200D+03       0.31018D-01      -0.59024D-01       0.47556D+00       0.41881D-01
       0.56300D+03       0.31010D-01      -0.10431D+00       0.47557D+00       0.41878D-01
       0.56400D+03       0.31062D-01      -0.43796D-01       0.47558D+00       0.41835D-01
       0.56500D+03       0.31064D-01       0.35723D-03       0.47557D+00       0.41853D-01
       0.56600D+03       0.31063D-01      -0.43751D-01       0.47555D+00       0.41813D-01
       0.56700D+03       0.31110D-01      -0.10430D+00       0.47556D+00       0.41773D-01
       0.56800D+03       0.31107D-01      -0.59071D-01       0.47558D+00       0.41737D-01
       0.56900D+03       0.31097D-01      -0.18913D-02       0.47557D+00       0.41707D-01
       0.57000D+03       0.31029D-01      -0.27121D-01       0.47556D+00       0.41655D-01
       0.57100D+03       0.31061D-01      -0.99911D-01       0.47556D+00       0.41655D-01
       0.57200D+03       0.31033D-01      -0.78165D-01       0.47558D+00       0.41606D-01
       0.57300D+03       0.31069D-01      -0.84024D-02       0.47557D+00       0.41628D-01
       0.57400D+03       0.31014D-01      -0.14529D-01       0.47556D+00       0.41644D-01
       0.57500D+03       0.31063D-01      -0.85096D-01       0.47556D+00       0.41621D-01
       0.57600D+03       0.31040D-01      -0.90270D-01       0.47557D+00       0.41551D-01
       0.57700D+03       0.31106D-01      -0.19319D-01       0.47558D+00       0.41515D-01
       0.57800D+03       0.31060D-01      -0.54095D-02       0.47556D+00       0.41453D-01
       0.57900D+03       0.31090D-01      -0.71613D-01       0.47556D+00       0.41546D-01
       0.58000D+03       0.31075D-01      -0.10278D+00       0.47557D+00       0.41496D-01
       0.58100D+03       0.31105D-01      -0.32678D-01       0.47558D+00       0.41491D-01
       0.58200D+03       0.31043D-01      -0.71277D-03       0.47556D+00       0.41490D-01
       0.58300D+03       0.31015D-01      -0.52587D-01       0.47556D+00       0.41441D-01
       0.58400D+03       0.31016D-01      -0.10542D+00       0.47557D+00       0.41437D-01
       0.58500D+03       0.31055D-01      -0.50103D-01       0.47558D+00       0.41407D-01
       0.58600D+03       0.31064D-01       0.39271D-04       0.47557D+00       0.41361D-01
       0.58700D+03       0.31055D-01      -0.37622D-01       0.47556D+00       0.41304D-01
       0.58800D+03       0.31107D-01      -0.10232D+00       0.47556D+00       0.41275D-01
       0.58900D+03       0.31098D-01      -0.65494D-01       0.47558D+00       0.41930D-01
       0.59000D+03       0.31105D-01      -0.36828D-02       0.47557D+00       0.41907D-01
       0.59100D+03       0.31037D-01      -0.21959D-01       0.47556D+00       0.41853D-01
       0.59200D+03       0.31071D-01      -0.96083D-01       0.47556D+00       0.41903D-01
       0.59300D+03       0.31036D-01      -0.84332D-01       0.47558D+00       0.41865D-01
       0.59400D+03       0.31073D-01      -0.11948D-01       0.47557D+00       0.41880D-01
       0.59500D+03       0.31012D-01      -0.10385D-01       0.47556D+00       0.42020D-01
       0.59600D+03       0.31050D-01      -0.79455D-01       0.47556D+00       0.41994D-01
       0.59700D+03       0.31027D-01      -0.94789D-01       0.47557D+00       0.41956D-01
       0.59800D+03       0.31095D-01      -0.24557D-01       0.47558D+00       0.41933D-01
       0.59900D+03       0.31061D-01      -0.30325D-02       0.47556D+00       0.41934D-01
       0.60000D+03       0.31085D-01      -0.64960D-01       0.47556D+00       0.41962D-01
       0.60100D+03       0.31085D-01      -0.10464D+00       0.47557D+00       0.41922D-01
       0.60200D+03       0.31108D-01      -0.38501D-01       0.47558D+00       0.41913D-01
       0.60300D+03       0.31055D-01      -0.10631D-03       0.47557D+00       0.41898D-01
       0.60400D+03       0.31016D-01      -0.46243D-01       0.47556D+00       0.41861D-01
       0.60500D+03       0.31025D-01      -0.10564D+00       0.47557D+00       0.41898D-01
       0.60600D+03       0.31048D-01      -0.56579D-01       0.47558D+00       0.41863D-01
       0.60700D+03       0.31066D-01      -0.91416D-03       0.47557D+00       0.41813D-01
       0.60800D+03       0.31046D-01      -0.31690D-01       0.47556D+00       0.41766D-01
       0.60900D+03       0.31103D-01      -0.99488D-01       0.47556D+00       0.41729D-01
       0.61000D+03       0.31089D-01      -0.71803D-01       0.47558D+00       0.41683D-01
       0.61100D+03       0.31112D-01      -0.61700D-02       0.47557D+00       0.41709D-01
       0.61200D+03       0.31047D-01      -0.17221D-01       0.47556D+00       0.41651D-01
       0.61300D+03       0.31083D-01      -0.91358D-01       0.47556D+00       0.41660D-01
       0.61400D+03       0.31045D-01      -0.89975D-01       0.47557D+00       0.41620D-01
       0.61500D+03       0.31081D-01      -0.16047D-01       0.47557D+00       0.41641D-01
       0.61600D+03       0.31018D-01      -0.69530D-02       0.47556D+00       0.41719D-01
       0.61700D+03       0.31040D-01      -0.73441D-01       0.47556D+00       0.41705D-01
       0.61800D+03       0.31021D-01      -0.98605D-01       0.47557D+00       0.41680D-01
       0.61900D+03       0.31086D-01      -0.30158D-01       0.47558D+00       0.41646D-01
       0.62000D+03       0.31064D-01      -0.12737D-02       0.47556D+00       0.41653D-01
       0.62100D+03       0.31079D-01      -0.58320D-01       0.47556D+00       0.41643D-01
       0.62200D+03       0.31095D-01      -0.10555D+00       0.47557D+00       0.41614D-01
       0.62300D+03       0.31111D-01      -0.44592D-01       0.47558D+00       0.41598D-01
       0.62400D+03       0.31071D-01      -0.35908D-04       0.47557D+00       0.41590D-01
       0.62500D+03       0.31022D-01      -0.40089D-01       0.47556D+00       0.41546D-01
       0.62600D+03       0.31038D-01      -0.10497D+00       0.47556D+00       0.41581D-01
       0.62700D+03       0.31043D-01      -0.63194D-01       0.47558D+00       0.41549D-01
       0.62800D+03       0.31068D-01      -0.25055D-02       0.47557D+00       0.41508D-01
       0.62900D+03       0.31039D-01      -0.26009D-01       0.47556D+00       0.41460D-01
       0.63000D+03       0.31095D-01      -0.95871D-01       0.47556D+00       0.41442D-01
       0.63100D+03       0.31077D-01      -0.77893D-01       0.47558D+00       0.41397D-01
       0.63200D+03       0.31114D-01      -0.94040D-02       0.47557D+00       0.41404D-01
       0.63300D+03       0.31056D-01      -0.12981D-01       0.47556D+00       0.41349D-01
       0.63400D+03       0.31090D-01      -0.85885D-01       0.47556D+00       0.41418D-01
       0.63500D+03       0.31056D-01      -0.94914D-01       0.47557D+00       0.41374D-01
       0.63600D+03       0.31089D-01      -0.20660D-01       0.47557D+00       0.41385D-01
       0.63700D+03       0.31026D-01      -0.42708D-02       0.47556D+00       0.41438D-01
       0.63800D+03       0.31034D-01      -0.67180D-01       0.47556D+00       0.41405D-01
       0.63900D+03       0.31019D-01      -0.10165D+00       0.47557D+00       0.42019D-01
       0.64000D+03       0.31077D-01      -0.36031D-01       0.47558D+00       0.41991D-01
       0.64100D+03       0.31065D-01      -0.15108D-03       0.47557D+00       0.41957D-01
       0.64200D+03       0.31074D-01      -0.51802D-01       0.47556D+00       0.41906D-01
       0.64300D+03       0.31103D-01      -0.10556D+00       0.47557D+00       0.41873D-01
       0.64400D+03       0.31109D-01      -0.50893D-01       0.47558D+00       0.41849D-01
       0.64500D+03       0.31082D-01      -0.49908D-03       0.47557D+00       0.41817D-01
       0.64600D+03       0.31027D-01      -0.34191D-01       0.47556D+00       0.41774D-01
       0.64700D+03       0.31049D-01      -0.10337D+00       0.47556D+00       0.41804D-01
       0.64800D+03       0.31040D-01      -0.69858D-01       0.47558D+00       0.41762D-01
       0.64900D+03       0.31068D-01      -0.47213D-02       0.47557D+00       0.41787D-01
       0.65000D+03       0.31030D-01      -0.20665D-01       0.47556D+00       0.41731D-01
       0.65100D+03       0.31082D-01      -0.91531D-01       0.47556D+00       0.41702D-01
       0.65200D+03       0.31062D-01      -0.83645D-01       0.47557D+00       0.41640D-01
       0.65300D+03       0.31110D-01      -0.13367D-01       0.47557D+00       0.41645D-01
       0.65400D+03       0.31060D-01      -0.92863D-02       0.47556D+00       0.41586D-01
       0.65500D+03       0.31090D-01      -0.79838D-01       0.47556D+00       0.41603D-01
       0.65600D+03       0.31063D-01      -0.98991D-01       0.47557D+00       0.41560D-01
       0.65700D+03       0.31094D-01      -0.25717D-01       0.47557D+00       0.41567D-01
       0.65800D+03       0.31034D-01      -0.23024D-02       0.47556D+00       0.41575D-01
       0.65900D+03       0.31028D-01      -0.60777D-01       0.47556D+00       0.41539D-01
       0.66000D+03       0.31019D-01      -0.10386D+00       0.47557D+00       0.41537D-01
       0.66100D+03       0.31067D-01      -0.42111D-01       0.47558D+00       0.41500D-01
       0.66200D+03       0.31065D-01       0.33453D-03       0.47557D+00       0.41506D-01
       0.66300D+03       0.31067D-01      -0.45449D-01       0.47556D+00       0.41480D-01
       0.66400D+03       0.31106D-01      -0.10469D+00       0.47557D+00       0.41448D-01
       0.66500D+03       0.31104D-01      -0.57316D-01       0.47558D+00       0.41426D-01
       0.66600D+03       0.31091D-01      -0.15141D-02       0.47557D+00       0.41400D-01
       0.66700D+03       0.31034D-01      -0.28589D-01       0.47556D+00       0.41358D-01
       0.66800D+03       0.31060D-01      -0.10079D+00       0.47556D+00       0.41384D-01
       0.66900D+03       0.31039D-01      -0.76421D-01       0.47558D+00       0.41343D-01
       0.67000D+03       0.31070D-01      -0.75360D-02       0.47557D+00       0.41365D-01
       0.67100D+03       0.31024D-01      -0.15767D-01       0.47556D+00       0.41380D-01
       0.67200D+03       0.31068D-01      -0.86549D-01       0.47556D+00       0.41364D-01
       0.67300D+03       0.31049D-01      -0.88930D-01       0.47557D+00       0.41304D-01
       0.67400D+03       0.31103D-01      -0.17972D-01       0.47558D+00       0.41294D-01
       0.67500D+03       0.31062D-01      -0.61597D-02       0.47556D+00       0.41242D-01
       0.67600D+03       0.31089D-01      -0.73406D-01       0.47556D+00       0.41325D-01
       0.67700D+03       0.31073D-01      -0.10210D+00       0.47557D+00       0.41283D-01
       0.67800D+03       0.31099D-01      -0.31145D-01       0.47557D+00       0.41278D-01
       0.67900D+03       0.31044D-01      -0.97312D-03       0.47556D+00       0.41276D-01
       0.68000D+03       0.31024D-01      -0.54333D-01       0.47556D+00       0.41235D-01
       0.68100D+03       0.31023D-01      -0.10520D+00       0.47557D+00       0.41233D-01
       0.68200D+03       0.31060D-01      -0.48370D-01       0.47558D+00       0.41206D-01
       0.68300D+03       0.31066D-01       0.18842D-03       0.47557D+00       0.41232D-01
       0.68400D+03       0.31059D-01      -0.39272D-01       0.47556D+00       0.41196D-01
       0.68500D+03       0.31104D-01      -0.10294D+00       0.47556D+00       0.41175D-01
       0.68600D+03       0.31097D-01      -0.63754D-01       0.47558D+00       0.41737D-01
       0.68700D+03       0.31100D-01      -0.31297D-02       0.47557D+00       0.41716D-01
       0.68800D+03       0.31042D-01      -0.23325D-01       0.47556D+00       0.41671D-01
       0.68900D+03       0.31071D-01      -0.97218D-01       0.47556D+00       0.41721D-01
       0.69000D+03       0.31042D-01      -0.82698D-01       0.47557D+00       0.41687D-01
       0.69100D+03       0.31073D-01      -0.10928D-01       0.47557D+00       0.41699D-01
       0.69200D+03       0.31023D-01      -0.11445D-01       0.47556D+00       0.41818D-01
       0.69300D+03       0.31058D-01      -0.81032D-01       0.47556D+00       0.41796D-01
       0.69400D+03       0.31038D-01      -0.93626D-01       0.47557D+00       0.41739D-01
       0.69500D+03       0.31096D-01      -0.23091D-01       0.47558D+00       0.41713D-01
       0.69600D+03       0.31064D-01      -0.36191D-02       0.47556D+00       0.41661D-01
       0.69700D+03       0.31086D-01      -0.66775D-01       0.47556D+00       0.41734D-01
       0.69800D+03       0.31082D-01      -0.10423D+00       0.47557D+00       0.41701D-01
       0.69900D+03       0.31103D-01      -0.36888D-01       0.47558D+00       0.41700D-01
       0.70000D+03       0.31056D-01      -0.21767D-03       0.47557D+00       0.41687D-01
       0.70100D+03       0.31026D-01      -0.47954D-01       0.47556D+00       0.41652D-01
       0.70200D+03       0.31032D-01      -0.10567D+00       0.47557D+00       0.41686D-01
       0.70300D+03       0.31055D-01      -0.54801D-01       0.47558D+00       0.41657D-01
       0.70400D+03       0.31068D-01      -0.59148D-03       0.47557D+00       0.41613D-01
       0.70500D+03       0.31054D-01      -0.33282D-01       0.47556D+00       0.41563D-01
       0.70600D+03       0.31102D-01      -0.10034D+00       0.47556D+00       0.41533D-01
       0.70700D+03       0.31091D-01      -0.70103D-01       0.47558D+00       0.42078D-01
       0.70800D+03       0.31107D-01      -0.54206D-02       0.47557D+00       0.42687D-01
       0.70900D+03       0.31051D-01      -0.18464D-01       0.47556D+00       0.42637D-01
       0.71000D+03       0.31081D-01      -0.92725D-01       0.47556D+00       0.42646D-01
       0.71100D+03       0.31049D-01      -0.88502D-01       0.47557D+00       0.42610D-01
       0.71200D+03       0.31080D-01      -0.14879D-01       0.47557D+00       0.42626D-01
       0.71300D+03       0.31026D-01      -0.78127D-02       0.47556D+00       0.42690D-01
       0.71400D+03       0.31049D-01      -0.75107D-01       0.47556D+00       0.42684D-01
       0.71500D+03       0.31032D-01      -0.97640D-01       0.47557D+00       0.42661D-01
       0.71600D+03       0.31088D-01      -0.28604D-01       0.47558D+00       0.42630D-01
       0.71700D+03       0.31067D-01      -0.16897D-02       0.47557D+00       0.42632D-01
       0.71800D+03       0.31081D-01      -0.60118D-01       0.47556D+00       0.42622D-01
       0.71900D+03       0.31092D-01      -0.10539D+00       0.47557D+00       0.42596D-01
       0.72000D+03       0.31107D-01      -0.42911D-01       0.47558D+00       0.42582D-01
       0.72100D+03       0.31070D-01      -0.24428D-05       0.47557D+00       0.42572D-01
       0.72200D+03       0.31030D-01      -0.41740D-01       0.47556D+00       0.42534D-01
       0.72300D+03       0.31042D-01      -0.10524D+00       0.47557D+00       0.42563D-01
       0.72400D+03       0.31050D-01      -0.61385D-01       0.47558D+00       0.42534D-01
       0.72500D+03       0.31070D-01      -0.20098D-02       0.47557D+00       0.42494D-01
       0.72600D+03       0.31047D-01      -0.27526D-01       0.47556D+00       0.42457D-01
       0.72700D+03       0.31096D-01      -0.96930D-01       0.47556D+00       0.42444D-01
       0.72800D+03       0.31081D-01      -0.76264D-01       0.47557D+00       0.42404D-01
       0.72900D+03       0.31110D-01      -0.84497D-02       0.47557D+00       0.42406D-01
       0.73000D+03       0.31058D-01      -0.14082D-01       0.47556D+00       0.42353D-01
       0.73100D+03       0.31089D-01      -0.87438D-01       0.47556D+00       0.42413D-01
       0.73200D+03       0.31058D-01      -0.93649D-01       0.47557D+00       0.42375D-01
       0.73300D+03       0.31087D-01      -0.19358D-01       0.47557D+00       0.42382D-01
       0.73400D+03       0.31032D-01      -0.49272D-02       0.47556D+00       0.42426D-01
       0.73500D+03       0.31043D-01      -0.68902D-01       0.47556D+00       0.42410D-01
       0.73600D+03       0.31029D-01      -0.10090D+00       0.47557D+00       0.42943D-01
       0.73700D+03       0.31080D-01      -0.34410D-01       0.47558D+00       0.42915D-01
       0.73800D+03       0.31068D-01      -0.39320D-03       0.47557D+00       0.42883D-01
       0.73900D+03       0.31077D-01      -0.53559D-01       0.47556D+00       0.42837D-01
       0.74000D+03       0.31099D-01      -0.10565D+00       0.47557D+00       0.42808D-01
       0.74100D+03       0.31106D-01      -0.49163D-01       0.47558D+00       0.42797D-01
       0.74200D+03       0.31080D-01      -0.31965D-03       0.47557D+00       0.42788D-01
       0.74300D+03       0.31034D-01      -0.35768D-01       0.47556D+00       0.42750D-01
       0.74400D+03       0.31051D-01      -0.10390D+00       0.47556D+00       0.42776D-01
       0.74500D+03       0.31047D-01      -0.68048D-01       0.47558D+00       0.42739D-01
       0.74600D+03       0.31071D-01      -0.40580D-02       0.47557D+00       0.42758D-01
       0.74700D+03       0.31040D-01      -0.22079D-01       0.47556D+00       0.42711D-01
       0.74800D+03       0.31086D-01      -0.92779D-01       0.47556D+00       0.42685D-01
       0.74900D+03       0.31069D-01      -0.82121D-01       0.47557D+00       0.42630D-01
       0.75000D+03       0.31108D-01      -0.12221D-01       0.47557D+00       0.42631D-01
       0.75100D+03       0.31062D-01      -0.10236D-01       0.47556D+00       0.42580D-01
       0.75200D+03       0.31089D-01      -0.81529D-01       0.47556D+00       0.42594D-01
       0.75300D+03       0.31064D-01      -0.97974D-01       0.47557D+00       0.42556D-01
       0.75400D+03       0.31092D-01      -0.24302D-01       0.47557D+00       0.42559D-01
       0.75500D+03       0.31039D-01      -0.27713D-02       0.47556D+00       0.42564D-01
       0.75600D+03       0.31036D-01      -0.62528D-01       0.47556D+00       0.42532D-01
       0.75700D+03       0.31028D-01      -0.10334D+00       0.47557D+00       0.42531D-01
       0.75800D+03       0.31072D-01      -0.40438D-01       0.47558D+00       0.42500D-01
       0.75900D+03       0.31068D-01       0.26512D-03       0.47557D+00       0.42502D-01
       0.76000D+03       0.31072D-01      -0.47161D-01       0.47556D+00       0.42479D-01
       0.76100D+03       0.31103D-01      -0.10501D+00       0.47557D+00       0.42452D-01
       0.76200D+03       0.31104D-01      -0.55563D-01       0.47557D+00       0.42431D-01
       0.76300D+03       0.31089D-01      -0.11811D-02       0.47557D+00       0.42407D-01
       0.76400D+03       0.31040D-01      -0.30082D-01       0.47556D+00       0.42366D-01
       0.76500D+03       0.31062D-01      -0.10159D+00       0.47556D+00       0.42388D-01
       0.76600D+03       0.31046D-01      -0.74656D-01       0.47557D+00       0.42351D-01
       0.76700D+03       0.31073D-01      -0.67124D-02       0.47557D+00       0.42367D-01
       0.76800D+03       0.31035D-01      -0.17048D-01       0.47556D+00       0.42379D-01
       0.76900D+03       0.31075D-01      -0.87962D-01       0.47556D+00       0.42369D-01
       0.77000D+03       0.31058D-01      -0.87546D-01       0.47557D+00       0.42315D-01
       0.77100D+03       0.31104D-01      -0.16663D-01       0.47557D+00       0.42327D-01
       0.77200D+03       0.31066D-01      -0.69532D-02       0.47556D+00       0.42329D-01
       0.77300D+03       0.31090D-01      -0.75183D-01       0.47556D+00       0.42339D-01
       0.77400D+03       0.31073D-01      -0.10136D+00       0.47557D+00       0.42301D-01
       0.77500D+03       0.31098D-01      -0.29635D-01       0.47557D+00       0.42295D-01
       0.77600D+03       0.31049D-01      -0.12757D-02       0.47556D+00       0.42292D-01
       0.77700D+03       0.31035D-01      -0.56085D-01       0.47556D+00       0.42259D-01
       0.77800D+03       0.31032D-01      -0.10492D+00       0.47557D+00       0.42256D-01
       0.77900D+03       0.31067D-01      -0.46650D-01       0.47558D+00       0.42229D-01
       0.78000D+03       0.31070D-01       0.29068D-03       0.47557D+00       0.42246D-01
       0.78100D+03       0.31066D-01      -0.40935D-01       0.47556D+00       0.42215D-01
       0.78200D+03       0.31103D-01      -0.10350D+00       0.47557D+00       0.42199D-01
       0.78300D+03       0.31099D-01      -0.62007D-01       0.47557D+00       0.42173D-01
       0.78400D+03       0.31098D-01      -0.26266D-02       0.47557D+00       0.42152D-01
       0.78500D+03       0.31048D-01      -0.24720D-01       0.47556D+00       0.42113D-01
       0.78600D+03       0.31072D-01      -0.98284D-01       0.47556D+00       0.42157D-01
       0.78700D+03       0.31048D-01      -0.81029D-01       0.47557D+00       0.42120D-01
       0.78800D+03       0.31076D-01      -0.99487D-02       0.47557D+00       0.42138D-01
       0.78900D+03       0.31033D-01      -0.12557D-01       0.47556D+00       0.42277D-01
       0.79000D+03       0.31066D-01      -0.82579D-01       0.47556D+00       0.42257D-01
       0.79100D+03       0.31048D-01      -0.92412D-01       0.47557D+00       0.42206D-01
       0.79200D+03       0.31098D-01      -0.21655D-01       0.47557D+00       0.42182D-01
       0.79300D+03       0.31068D-01      -0.42509D-02       0.47556D+00       0.42136D-01
       0.79400D+03       0.31088D-01      -0.68588D-01       0.47556D+00       0.42199D-01
       0.79500D+03       0.31082D-01      -0.10375D+00       0.47557D+00       0.42166D-01
       0.79600D+03       0.31102D-01      -0.35296D-01       0.47557D+00       0.42163D-01
       0.79700D+03       0.31059D-01      -0.36887D-03       0.47557D+00       0.42164D-01
       0.79800D+03       0.31035D-01      -0.49677D-01       0.47556D+00       0.42134D-01
       0.79900D+03       0.31037D-01      -0.10563D+00       0.47557D+00       0.42163D-01
       0.80000D+03       0.31061D-01      -0.53035D-01       0.47558D+00       0.42137D-01
       0.80100D+03       0.31071D-01      -0.31614D-03       0.47557D+00       0.42096D-01
       0.80200D+03       0.31060D-01      -0.34891D-01       0.47556D+00       0.42052D-01
       0.80300D+03       0.31101D-01      -0.10113D+00       0.47556D+00       0.42025D-01
       0.80400D+03       0.31092D-01      -0.68390D-01       0.47557D+00       0.42504D-01
       0.80500D+03       0.31103D-01      -0.47261D-02       0.47557D+00       0.43035D-01
       0.80600D+03       0.31053D-01      -0.19742D-01       0.47556D+00       0.42992D-01
       0.80700D+03       0.31079D-01      -0.94032D-01       0.47556D+00       0.43030D-01
       0.80800D+03       0.31051D-01      -0.86980D-01       0.47557D+00       0.42999D-01
       0.80900D+03       0.31079D-01      -0.13750D-01       0.47557D+00       0.43011D-01
       0.81000D+03       0.31033D-01      -0.87281D-02       0.47556D+00       0.43065D-01
       0.81100D+03       0.31056D-01      -0.76752D-01       0.47556D+00       0.43043D-01
       0.81200D+03       0.31040D-01      -0.96620D-01       0.47557D+00       0.43015D-01
       0.81300D+03       0.31090D-01      -0.27072D-01       0.47557D+00       0.43000D-01
       0.81400D+03       0.31068D-01      -0.21526D-02       0.47557D+00       0.43024D-01
       0.81500D+03       0.31082D-01      -0.61923D-01       0.47556D+00       0.43030D-01
       0.81600D+03       0.31089D-01      -0.10517D+00       0.47557D+00       0.43007D-01
       0.81700D+03       0.31104D-01      -0.41247D-01       0.47557D+00       0.42993D-01
       0.81800D+03       0.31068D-01      -0.82895D-05       0.47557D+00       0.42982D-01
