       0.10000D+01       0.00000D+00      -0.14199D+00       0.17822D+00       0.44527D-02
       0.20000D+01       0.00000D+00      -0.30938D+00       0.27075D+00       0.68022D-02
       0.30000D+01       0.90758D-05      -0.38013D+00       0.32428D+00       0.12570D-01
       0.40000D+01       0.81703D-05      -0.30071D+00       0.34781D+00       0.96188D-02
       0.50000D+01       0.72074D-04      -0.12711D+00       0.34642D+00       0.12125D-01
       0.60000D+01       0.53274D-04       0.63030D-03       0.32144D+00       0.12012D-01
       0.70000D+01       0.42691D-04      -0.15447D+00       0.30500D+00       0.11093D-01
       0.80000D+01       0.39553D-04      -0.31586D+00       0.31131D+00       0.10563D-01
       0.90000D+01       0.61125D-04      -0.37775D+00       0.32427D+00       0.10169D-01
       0.10000D+02       0.66510D-04      -0.29001D+00       0.33360D+00       0.91687D-02
       0.11000D+02       0.11879D-03      -0.11017D+00       0.33363D+00       0.10380D-01
       0.12000D+02       0.10298D-03       0.23532D-02       0.32144D+00       0.97991D-02
       0.13000D+02       0.92178D-04      -0.16454D+00       0.31336D+00       0.94934D-02
       0.14000D+02       0.86268D-04      -0.32032D+00       0.31677D+00       0.87934D-02
       0.15000D+02       0.90601D-04      -0.37331D+00       0.32426D+00       0.81530D-02
       0.16000D+02       0.10727D-03      -0.27773D+00       0.32993D+00       0.77098D-02
       0.17000D+02       0.17194D-03      -0.91819D-01       0.32973D+00       0.94556D-02
       0.18000D+02       0.15623D-03       0.46936D-02       0.32142D+00       0.92573D-02
       0.19000D+02       0.14542D-03      -0.17257D+00       0.31640D+00       0.89441D-02
       0.20000D+02       0.13857D-03      -0.32324D+00       0.31892D+00       0.87252D-02
       0.21000D+02       0.14004D-03      -0.36737D+00       0.32422D+00       0.86013D-02
       0.22000D+02       0.15052D-03      -0.26456D+00       0.32821D+00       0.82907D-02
       0.23000D+02       0.22068D-03      -0.72952D-01       0.32781D+00       0.86442D-02
       0.24000D+02       0.20523D-03       0.69508D-02       0.32139D+00       0.98452D-02
       0.25000D+02       0.19503D-03      -0.17917D+00       0.31797D+00       0.96326D-02
       0.26000D+02       0.18731D-03      -0.32527D+00       0.32005D+00       0.97043D-02
       0.27000D+02       0.18600D-03      -0.36061D+00       0.32418D+00       0.10250D-01
       0.28000D+02       0.19086D-03      -0.25122D+00       0.32719D+00       0.99671D-02
       0.29000D+02       0.25347D-03      -0.54539D-01       0.32663D+00       0.10061D-01
       0.30000D+02       0.23899D-03       0.83152D-02       0.32136D+00       0.99662D-02
       0.31000D+02       0.22990D-03      -0.18505D+00       0.31891D+00       0.97370D-02
       0.32000D+02       0.22190D-03      -0.32705D+00       0.32074D+00       0.95242D-02
       0.33000D+02       0.22062D-03      -0.35368D+00       0.32412D+00       0.93514D-02
       0.34000D+02       0.22013D-03      -0.23836D+00       0.32650D+00       0.91735D-02
       0.35000D+02       0.26399D-03      -0.37512D-01       0.32581D+00       0.91342D-02
       0.36000D+02       0.25153D-03       0.79933D-02       0.32132D+00       0.91113D-02
       0.37000D+02       0.24412D-03      -0.19097D+00       0.31953D+00       0.89967D-02
       0.38000D+02       0.23668D-03      -0.32914D+00       0.32119D+00       0.89354D-02
       0.39000D+02       0.23545D-03      -0.34711D+00       0.32405D+00       0.89265D-02
       0.40000D+02       0.23529D-03      -0.22645D+00       0.32597D+00       0.87990D-02
       0.41000D+02       0.25691D-03      -0.22650D-01       0.32520D+00       0.89168D-02
       0.42000D+02       0.24679D-03       0.53146D-02       0.32128D+00       0.89226D-02
       0.43000D+02       0.24092D-03      -0.19753D+00       0.31996D+00       0.88026D-02
       0.44000D+02       0.23443D-03      -0.33193D+00       0.32150D+00       0.87489D-02
       0.45000D+02       0.23336D-03      -0.34127D+00       0.32399D+00       0.88000D-02
       0.46000D+02       0.22953D-03      -0.21582D+00       0.32556D+00       0.86933D-02
       0.47000D+02       0.23310D-03      -0.10514D-01       0.32470D+00       0.86346D-02
       0.48000D+02       0.22475D-03      -0.19521D-03       0.32125D+00       0.85987D-02
       0.49000D+02       0.22040D-03      -0.20519D+00       0.32029D+00       0.84858D-02
       0.50000D+02       0.21649D-03      -0.33565D+00       0.32172D+00       0.84811D-02
       0.51000D+02       0.21562D-03      -0.33637D+00       0.32392D+00       0.85513D-02
       0.52000D+02       0.21289D-03      -0.20659D+00       0.32523D+00       0.85441D-02
       0.53000D+02       0.20919D-03      -0.14131D-02       0.32430D+00       0.85457D-02
       0.54000D+02       0.20252D-03      -0.87767D-02       0.32124D+00       0.85128D-02
       0.55000D+02       0.19931D-03      -0.21418D+00       0.32055D+00       0.84129D-02
       0.56000D+02       0.19572D-03      -0.34038D+00       0.32191D+00       0.83709D-02
       0.57000D+02       0.19501D-03      -0.33248D+00       0.32386D+00       0.82202D-02
       0.58000D+02       0.19250D-03      -0.19873D+00       0.32496D+00       0.81460D-02
       0.59000D+02       0.19277D-03       0.46002D-02       0.32397D+00       0.80911D-02
       0.60000D+02       0.18729D-03      -0.20420D-01       0.32125D+00       0.81300D-02
       0.61000D+02       0.18486D-03      -0.22458D+00       0.32077D+00       0.80508D-02
       0.62000D+02       0.18330D-03      -0.34607D+00       0.32206D+00       0.81281D-02
       0.63000D+02       0.18267D-03      -0.32955D+00       0.32382D+00       0.80197D-02
       0.64000D+02       0.18749D-03      -0.19201D+00       0.32474D+00       0.79534D-02
       0.65000D+02       0.19226D-03       0.77251D-02       0.32371D+00       0.78969D-02
       0.66000D+02       0.18738D-03      -0.34858D-01       0.32127D+00       0.80048D-02
       0.67000D+02       0.18545D-03      -0.23629D+00       0.32097D+00       0.79505D-02
       0.68000D+02       0.18571D-03      -0.35254D+00       0.32220D+00       0.81226D-02
       0.69000D+02       0.18507D-03      -0.32736D+00       0.32380D+00       0.80351D-02
       0.70000D+02       0.19801D-03      -0.18602D+00       0.32457D+00       0.79583D-02
       0.71000D+02       0.20383D-03       0.83990D-02       0.32349D+00       0.78873D-02
       0.72000D+02       0.19912D-03      -0.51573D-01       0.32132D+00       0.78611D-02
       0.73000D+02       0.19715D-03      -0.24902D+00       0.32115D+00       0.77710D-02
       0.74000D+02       0.19550D-03      -0.35945D+00       0.32234D+00       0.78162D-02
       0.75000D+02       0.19478D-03      -0.32556D+00       0.32379D+00       0.77432D-02
       0.76000D+02       0.21200D-03      -0.18018D+00       0.32443D+00       0.77745D-02
       0.77000D+02       0.21618D-03       0.72634D-02       0.32331D+00       0.78074D-02
       0.78000D+02       0.21160D-03      -0.69816D-01       0.32137D+00       0.78653D-02
       0.79000D+02       0.20995D-03      -0.26233D+00       0.32132D+00       0.78076D-02
       0.80000D+02       0.20870D-03      -0.36628D+00       0.32246D+00       0.78886D-02
       0.81000D+02       0.20788D-03      -0.32362D+00       0.32379D+00       0.78292D-02
       0.82000D+02       0.22486D-03      -0.17376D+00       0.32432D+00       0.77525D-02
       0.83000D+02       0.22618D-03       0.50980D-02       0.32317D+00       0.77396D-02
       0.84000D+02       0.22179D-03      -0.88675D-01       0.32144D+00       0.77410D-02
       0.85000D+02       0.22003D-03      -0.27557D+00       0.32148D+00       0.76714D-02
       0.86000D+02       0.21898D-03      -0.37240D+00       0.32258D+00       0.77682D-02
       0.87000D+02       0.21801D-03      -0.32090D+00       0.32380D+00       0.77030D-02
       0.88000D+02       0.23050D-03      -0.16601D+00       0.32422D+00       0.76243D-02
       0.89000D+02       0.22918D-03       0.27182D-02       0.32304D+00       0.75624D-02
       0.90000D+02       0.22513D-03      -0.10717D+00       0.32150D+00       0.75591D-02
       0.91000D+02       0.22343D-03      -0.28805D+00       0.32163D+00       0.74959D-02
       0.92000D+02       0.22504D-03      -0.37714D+00       0.32268D+00       0.75854D-02
       0.93000D+02       0.22399D-03      -0.31673D+00       0.32380D+00       0.75148D-02
       0.94000D+02       0.23077D-03      -0.15631D+00       0.32414D+00       0.74920D-02
       0.95000D+02       0.22786D-03       0.85163D-03       0.32294D+00       0.74721D-02
       0.96000D+02       0.22419D-03      -0.12441D+00       0.32157D+00       0.74915D-02
       0.97000D+02       0.22273D-03      -0.29906D+00       0.32176D+00       0.74885D-02
       0.98000D+02       0.22358D-03      -0.37989D+00       0.32278D+00       0.77026D-02
       0.99000D+02       0.22262D-03      -0.31062D+00       0.32381D+00       0.76348D-02
       0.10000D+03       0.22425D-03      -0.14425D+00       0.32406D+00       0.77709D-02
       0.10100D+03       0.22100D-03       0.18004D-04       0.32285D+00       0.77735D-02
       0.10200D+03       0.21776D-03      -0.13967D+00       0.32164D+00       0.77830D-02
       0.10300D+03       0.21631D-03      -0.30809D+00       0.32188D+00       0.77758D-02
       0.10400D+03       0.21654D-03      -0.38030D+00       0.32287D+00       0.78894D-02
       0.10500D+03       0.21599D-03      -0.30231D+00       0.32381D+00       0.78236D-02
       0.10600D+03       0.21759D-03      -0.12976D+00       0.32399D+00       0.77986D-02
       0.10700D+03       0.21447D-03       0.44022D-03       0.32277D+00       0.77794D-02
       0.10800D+03       0.21161D-03      -0.15255D+00       0.32171D+00       0.77539D-02
       0.10900D+03       0.21009D-03      -0.31492D+00       0.32200D+00       0.77340D-02
       0.11000D+03       0.21099D-03      -0.37830D+00       0.32294D+00       0.77076D-02
       0.11100D+03       0.21052D-03      -0.29192D+00       0.32381D+00       0.76405D-02
       0.11200D+03       0.21370D-03      -0.11312D+00       0.32391D+00       0.76728D-02
       0.11300D+03       0.21072D-03       0.20060D-02       0.32270D+00       0.76762D-02
       0.11400D+03       0.20818D-03      -0.16301D+00       0.32177D+00       0.76567D-02
       0.11500D+03       0.20674D-03      -0.31969D+00       0.32210D+00       0.76676D-02
       0.11600D+03       0.20670D-03      -0.37417D+00       0.32301D+00       0.78296D-02
       0.11700D+03       0.20732D-03      -0.27986D+00       0.32381D+00       0.77705D-02
       0.11800D+03       0.21555D-03      -0.94948D-01       0.32384D+00       0.78160D-02
       0.11900D+03       0.21261D-03       0.42871D-02       0.32264D+00       0.78868D-02
       0.12000D+03       0.21028D-03      -0.17135D+00       0.32183D+00       0.78453D-02
       0.12100D+03       0.20866D-03      -0.32283D+00       0.32219D+00       0.78125D-02
       0.12200D+03       0.20873D-03      -0.36844D+00       0.32307D+00       0.77810D-02
       0.12300D+03       0.21039D-03      -0.26679D+00       0.32380D+00       0.77311D-02
       0.12400D+03       0.22190D-03      -0.76101D-01       0.32377D+00       0.78272D-02
       0.12500D+03       0.21896D-03       0.66132D-02       0.32257D+00       0.78120D-02
       0.12600D+03       0.21679D-03      -0.17813D+00       0.32188D+00       0.77823D-02
       0.12700D+03       0.21507D-03      -0.32496D+00       0.32226D+00       0.78068D-02
       0.12800D+03       0.21475D-03      -0.36177D+00       0.32311D+00       0.79280D-02
       0.12900D+03       0.21601D-03      -0.25344D+00       0.32378D+00       0.78852D-02
       0.13000D+03       0.22922D-03      -0.57544D-01       0.32370D+00       0.79452D-02
       0.13100D+03       0.22641D-03       0.81841D-02       0.32251D+00       0.79521D-02
       0.13200D+03       0.22439D-03      -0.18409D+00       0.32192D+00       0.79100D-02
       0.13300D+03       0.22254D-03      -0.32674D+00       0.32233D+00       0.78694D-02
       0.13400D+03       0.22224D-03      -0.35482D+00       0.32315D+00       0.78349D-02
       0.13500D+03       0.22243D-03      -0.24045D+00       0.32376D+00       0.78015D-02
       0.13600D+03       0.23399D-03      -0.40226D-01       0.32362D+00       0.78226D-02
       0.13700D+03       0.23108D-03       0.81951D-02       0.32245D+00       0.78204D-02
       0.13800D+03       0.22923D-03      -0.18995D+00       0.32196D+00       0.77948D-02
       0.13900D+03       0.22765D-03      -0.32875D+00       0.32238D+00       0.77753D-02
       0.14000D+03       0.22734D-03      -0.34816D+00       0.32317D+00       0.77769D-02
       0.14100D+03       0.22653D-03      -0.22836D+00       0.32373D+00       0.77492D-02
       0.14200D+03       0.23368D-03      -0.24957D-01       0.32353D+00       0.77290D-02
       0.14300D+03       0.23089D-03       0.59494D-02       0.32240D+00       0.77243D-02
       0.14400D+03       0.22923D-03      -0.19637D+00       0.32198D+00       0.76925D-02
       0.14500D+03       0.22763D-03      -0.33140D+00       0.32243D+00       0.76795D-02
       0.14600D+03       0.22732D-03      -0.34218D+00       0.32319D+00       0.77017D-02
       0.14700D+03       0.22651D-03      -0.21750D+00       0.32370D+00       0.76763D-02
       0.14800D+03       0.22837D-03      -0.12337D-01       0.32344D+00       0.76844D-02
       0.14900D+03       0.22583D-03       0.93623D-03       0.32234D+00       0.76848D-02
       0.15000D+03       0.22437D-03      -0.20382D+00       0.32201D+00       0.76510D-02
       0.15100D+03       0.22275D-03      -0.33496D+00       0.32247D+00       0.76355D-02
       0.15200D+03       0.22245D-03      -0.33712D+00       0.32320D+00       0.76651D-02
       0.15300D+03       0.22082D-03      -0.20804D+00       0.32366D+00       0.76688D-02
       0.15400D+03       0.21958D-03      -0.27178D-02       0.32336D+00       0.76282D-02
       0.15500D+03       0.21720D-03      -0.71256D-02       0.32229D+00       0.76421D-02
       0.15600D+03       0.21595D-03      -0.21258D+00       0.32203D+00       0.76081D-02
       0.15700D+03       0.21520D-03      -0.33952D+00       0.32250D+00       0.76489D-02
       0.15800D+03       0.21492D-03      -0.33306D+00       0.32321D+00       0.75979D-02
       0.15900D+03       0.21390D-03      -0.19996D+00       0.32362D+00       0.75747D-02
       0.16000D+03       0.21343D-03       0.38045D-02       0.32327D+00       0.75442D-02
       0.16100D+03       0.21121D-03      -0.18269D-01       0.32226D+00       0.75724D-02
       0.16200D+03       0.21013D-03      -0.22275D+00       0.32206D+00       0.75412D-02
       0.16300D+03       0.20913D-03      -0.34506D+00       0.32254D+00       0.75555D-02
       0.16400D+03       0.20886D-03      -0.32998D+00       0.32321D+00       0.75159D-02
       0.16500D+03       0.21045D-03      -0.19307D+00       0.32358D+00       0.74937D-02
       0.16600D+03       0.21177D-03       0.73879D-02       0.32319D+00       0.74681D-02
       0.16700D+03       0.20958D-03      -0.32269D-01       0.32223D+00       0.74471D-02
       0.16800D+03       0.20864D-03      -0.23425D+00       0.32209D+00       0.74220D-02
       0.16900D+03       0.20824D-03      -0.35142D+00       0.32258D+00       0.74741D-02
       0.17000D+03       0.20795D-03      -0.32769D+00       0.32323D+00       0.74426D-02
       0.17100D+03       0.21275D-03      -0.18699D+00       0.32355D+00       0.74158D-02
       0.17200D+03       0.21479D-03       0.84318D-02       0.32312D+00       0.73905D-02
       0.17300D+03       0.21268D-03      -0.48649D-01       0.32221D+00       0.73918D-02
       0.17400D+03       0.21174D-03      -0.24684D+00       0.32213D+00       0.73514D-02
       0.17500D+03       0.21185D-03      -0.35828D+00       0.32262D+00       0.74359D-02
       0.17600D+03       0.21152D-03      -0.32586D+00       0.32324D+00       0.74072D-02
       0.17700D+03       0.21890D-03      -0.18117D+00       0.32352D+00       0.74259D-02
       0.17800D+03       0.22056D-03       0.75471D-02       0.32305D+00       0.74451D-02
       0.17900D+03       0.21849D-03      -0.66697D-01       0.32220D+00       0.74353D-02
       0.18000D+03       0.21767D-03      -0.26009D+00       0.32217D+00       0.74054D-02
       0.18100D+03       0.21803D-03      -0.36517D+00       0.32267D+00       0.75201D-02
       0.18200D+03       0.21766D-03      -0.32398D+00       0.32326D+00       0.75005D-02
       0.18300D+03       0.22569D-03      -0.17490D+00       0.32350D+00       0.74722D-02
       0.18400D+03       0.22629D-03       0.54966D-02       0.32299D+00       0.74711D-02
       0.18500D+03       0.22428D-03      -0.85521D-01       0.32221D+00       0.74766D-02
       0.18600D+03       0.22342D-03      -0.27339D+00       0.32222D+00       0.74616D-02
       0.18700D+03       0.22407D-03      -0.37146D+00       0.32271D+00       0.74933D-02
       0.18800D+03       0.22362D-03      -0.32143D+00       0.32328D+00       0.74648D-02
       0.18900D+03       0.23020D-03      -0.16743D+00       0.32348D+00       0.74294D-02
       0.19000D+03       0.22965D-03       0.30980D-02       0.32294D+00       0.74055D-02
       0.19100D+03       0.22771D-03      -0.10415D+00       0.32221D+00       0.73885D-02
       0.19200D+03       0.22687D-03      -0.28605D+00       0.32226D+00       0.73647D-02
       0.19300D+03       0.22744D-03      -0.37647D+00       0.32276D+00       0.73960D-02
       0.19400D+03       0.22696D-03      -0.31755D+00       0.32330D+00       0.73632D-02
       0.19500D+03       0.23066D-03      -0.15809D+00       0.32346D+00       0.73650D-02
       0.19600D+03       0.22931D-03       0.11025D-02       0.32290D+00       0.73615D-02
       0.19700D+03       0.22750D-03      -0.12165D+00       0.32222D+00       0.73727D-02
       0.19800D+03       0.22676D-03      -0.29734D+00       0.32231D+00       0.73455D-02
       0.19900D+03       0.22707D-03      -0.37959D+00       0.32280D+00       0.74286D-02
       0.20000D+03       0.22647D-03      -0.31179D+00       0.32331D+00       0.73966D-02
       0.20100D+03       0.22770D-03      -0.14644D+00       0.32345D+00       0.74850D-02
       0.20200D+03       0.22606D-03       0.71880D-04       0.32285D+00       0.74961D-02
       0.20300D+03       0.22439D-03      -0.13728D+00       0.32224D+00       0.75022D-02
       0.20400D+03       0.22360D-03      -0.30673D+00       0.32235D+00       0.74913D-02
       0.20500D+03       0.22364D-03      -0.38040D+00       0.32285D+00       0.75291D-02
       0.20600D+03       0.22335D-03      -0.30385D+00       0.32333D+00       0.74975D-02
       0.20700D+03       0.22409D-03      -0.13234D+00       0.32343D+00       0.75024D-02
       0.20800D+03       0.22245D-03       0.28282D-03       0.32281D+00       0.75115D-02
       0.20900D+03       0.22090D-03      -0.15057D+00       0.32226D+00       0.74992D-02
       0.21000D+03       0.22007D-03      -0.31393D+00       0.32240D+00       0.74836D-02
       0.21100D+03       0.22049D-03      -0.37880D+00       0.32289D+00       0.74596D-02
       0.21200D+03       0.22026D-03      -0.29379D+00       0.32335D+00       0.74253D-02
       0.21300D+03       0.22159D-03      -0.11603D+00       0.32341D+00       0.74627D-02
       0.21400D+03       0.21997D-03       0.16793D-02       0.32277D+00       0.74744D-02
       0.21500D+03       0.21855D-03      -0.16143D+00       0.32227D+00       0.74645D-02
       0.21600D+03       0.21776D-03      -0.31902D+00       0.32244D+00       0.74652D-02
       0.21700D+03       0.21771D-03      -0.37499D+00       0.32293D+00       0.75350D-02
       0.21800D+03       0.21809D-03      -0.28197D+00       0.32336D+00       0.75040D-02
       0.21900D+03       0.22215D-03      -0.98058D-01       0.32338D+00       0.75516D-02
       0.22000D+03       0.22052D-03       0.38822D-02       0.32274D+00       0.76120D-02
       0.22100D+03       0.21920D-03      -0.17008D+00       0.32229D+00       0.75899D-02
       0.22200D+03       0.21829D-03      -0.32240D+00       0.32248D+00       0.75702D-02
       0.22300D+03       0.21832D-03      -0.36948D+00       0.32296D+00       0.75792D-02
       0.22400D+03       0.21875D-03      -0.26902D+00       0.32336D+00       0.75522D-02
       0.22500D+03       0.22536D-03      -0.79258D-01       0.32336D+00       0.76218D-02
       0.22600D+03       0.22372D-03       0.62546D-02       0.32270D+00       0.76234D-02
       0.22700D+03       0.22248D-03      -0.17708D+00       0.32231D+00       0.76065D-02
       0.22800D+03       0.22151D-03      -0.32465D+00       0.32251D+00       0.76047D-02
       0.22900D+03       0.22132D-03      -0.36292D+00       0.32299D+00       0.76069D-02
       0.23000D+03       0.22224D-03      -0.25566D+00       0.32337D+00       0.75841D-02
       0.23100D+03       0.22954D-03      -0.60585D-01       0.32333D+00       0.76331D-02
       0.23200D+03       0.22787D-03       0.80091D-02       0.32266D+00       0.77708D-02
       0.23300D+03       0.22672D-03      -0.18312D+00       0.32232D+00       0.77613D-02
       0.23400D+03       0.22567D-03      -0.32644D+00       0.32255D+00       0.77510D-02
       0.23500D+03       0.22550D-03      -0.35598D+00       0.32301D+00       0.77276D-02
       0.23600D+03       0.22586D-03      -0.24257D+00       0.32337D+00       0.77083D-02
       0.23700D+03       0.23273D-03      -0.42998D-01       0.32329D+00       0.77337D-02
       0.23800D+03       0.23106D-03       0.83335D-02       0.32263D+00       0.77392D-02
       0.23900D+03       0.22999D-03      -0.18895D+00       0.32233D+00       0.77231D-02
       0.24000D+03       0.22889D-03      -0.32837D+00       0.32257D+00       0.77133D-02
       0.24100D+03       0.22871D-03      -0.34924D+00       0.32303D+00       0.77115D-02
       0.24200D+03       0.22842D-03      -0.23030D+00       0.32336D+00       0.76953D-02
       0.24300D+03       0.23304D-03      -0.27338D-01       0.32325D+00       0.76954D-02
       0.24400D+03       0.23139D-03       0.65063D-02       0.32259D+00       0.76908D-02
       0.24500D+03       0.23039D-03      -0.19524D+00       0.32234D+00       0.76709D-02
       0.24600D+03       0.22929D-03      -0.33090D+00       0.32260D+00       0.76618D-02
       0.24700D+03       0.22910D-03      -0.34312D+00       0.32304D+00       0.76735D-02
       0.24800D+03       0.22887D-03      -0.21922D+00       0.32335D+00       0.76586D-02
       0.24900D+03       0.23044D-03      -0.14244D-01       0.32321D+00       0.76780D-02
       0.25000D+03       0.22894D-03       0.19819D-02       0.32255D+00       0.76837D-02
       0.25100D+03       0.22804D-03      -0.20249D+00       0.32234D+00       0.76616D-02
       0.25200D+03       0.22696D-03      -0.33429D+00       0.32261D+00       0.76521D-02
       0.25300D+03       0.22678D-03      -0.33790D+00       0.32305D+00       0.76694D-02
       0.25400D+03       0.22595D-03      -0.20952D+00       0.32333D+00       0.76544D-02
       0.25500D+03       0.22534D-03      -0.41096D-02       0.32316D+00       0.76407D-02
       0.25600D+03       0.22387D-03      -0.55611D-02       0.32252D+00       0.76578D-02
       0.25700D+03       0.22307D-03      -0.21102D+00       0.32235D+00       0.76351D-02
       0.25800D+03       0.22240D-03      -0.33869D+00       0.32263D+00       0.76458D-02
       0.25900D+03       0.22222D-03      -0.33367D+00       0.32306D+00       0.76140D-02
       0.26000D+03       0.22169D-03      -0.20122D+00       0.32332D+00       0.75998D-02
       0.26100D+03       0.22118D-03       0.29261D-02       0.32311D+00       0.75934D-02
       0.26200D+03       0.21977D-03      -0.16198D-01       0.32249D+00       0.76192D-02
       0.26300D+03       0.21906D-03      -0.22095D+00       0.32236D+00       0.75975D-02
       0.26400D+03       0.21826D-03      -0.34407D+00       0.32265D+00       0.75951D-02
       0.26500D+03       0.21809D-03      -0.33043D+00       0.32307D+00       0.75693D-02
       0.26600D+03       0.21858D-03      -0.19415D+00       0.32330D+00       0.75554D-02
       0.26700D+03       0.21911D-03       0.69793D-02       0.32306D+00       0.75439D-02
       0.26800D+03       0.21770D-03      -0.29747D-01       0.32246D+00       0.75359D-02
       0.26900D+03       0.21707D-03      -0.23224D+00       0.32237D+00       0.75170D-02
       0.27000D+03       0.21658D-03      -0.35031D+00       0.32267D+00       0.75375D-02
       0.27100D+03       0.21639D-03      -0.32803D+00       0.32308D+00       0.75171D-02
       0.27200D+03       0.21913D-03      -0.18797D+00       0.32329D+00       0.75010D-02
       0.27300D+03       0.22022D-03       0.84104D-02       0.32302D+00       0.74858D-02
       0.27400D+03       0.21885D-03      -0.45773D-01       0.32245D+00       0.74902D-02
       0.27500D+03       0.21830D-03      -0.24468D+00       0.32239D+00       0.74767D-02
       0.27600D+03       0.21815D-03      -0.35712D+00       0.32270D+00       0.75170D-02
       0.27700D+03       0.21794D-03      -0.32615D+00       0.32309D+00       0.74984D-02
       0.27800D+03       0.22253D-03      -0.18216D+00       0.32328D+00       0.74765D-02
       0.27900D+03       0.22350D-03       0.77981D-02       0.32298D+00       0.74553D-02
       0.28000D+03       0.22215D-03      -0.63600D-01       0.32244D+00       0.74505D-02
       0.28100D+03       0.22158D-03      -0.25785D+00       0.32241D+00       0.74275D-02
       0.28200D+03       0.22162D-03      -0.36404D+00       0.32272D+00       0.74843D-02
       0.28300D+03       0.22139D-03      -0.32433D+00       0.32310D+00       0.74744D-02
       0.28400D+03       0.22664D-03      -0.17602D+00       0.32327D+00       0.74476D-02
       0.28500D+03       0.22703D-03       0.58856D-02       0.32295D+00       0.74494D-02
       0.28600D+03       0.22572D-03      -0.82361D-01       0.32243D+00       0.74553D-02
       0.28700D+03       0.22515D-03      -0.27119D+00       0.32243D+00       0.74474D-02
       0.28800D+03       0.22535D-03      -0.37048D+00       0.32275D+00       0.74589D-02
       0.28900D+03       0.22507D-03      -0.32194D+00       0.32312D+00       0.74405D-02
       0.29000D+03       0.22960D-03      -0.16879D+00       0.32326D+00       0.74175D-02
       0.29100D+03       0.22928D-03       0.34895D-02       0.32291D+00       0.74047D-02
       0.29200D+03       0.22801D-03      -0.10109D+00       0.32243D+00       0.73993D-02
       0.29300D+03       0.22749D-03      -0.28401D+00       0.32246D+00       0.73818D-02
       0.29400D+03       0.22774D-03      -0.37575D+00       0.32278D+00       0.73938D-02
       0.29500D+03       0.22744D-03      -0.31832D+00       0.32314D+00       0.73759D-02
       0.29600D+03       0.23018D-03      -0.15981D+00       0.32325D+00       0.73537D-02
       0.29700D+03       0.22933D-03       0.13810D-02       0.32288D+00       0.73557D-02
       0.29800D+03       0.22812D-03      -0.11884D+00       0.32243D+00       0.73522D-02
       0.29900D+03       0.22757D-03      -0.29557D+00       0.32248D+00       0.73333D-02
       0.30000D+03       0.22771D-03      -0.37922D+00       0.32281D+00       0.73728D-02
       0.30100D+03       0.22731D-03      -0.31290D+00       0.32315D+00       0.73517D-02
       0.30200D+03       0.22833D-03      -0.14856D+00       0.32324D+00       0.73306D-02
       0.30300D+03       0.22727D-03       0.16122D-03       0.32285D+00       0.73121D-02
       0.30400D+03       0.22614D-03      -0.13482D+00       0.32244D+00       0.73168D-02
       0.30500D+03       0.22558D-03      -0.30531D+00       0.32251D+00       0.73174D-02
       0.30600D+03       0.22556D-03      -0.38044D+00       0.32284D+00       0.73296D-02
       0.30700D+03       0.22515D-03      -0.30533D+00       0.32317D+00       0.73091D-02
       0.30800D+03       0.22499D-03      -0.13486D+00       0.32324D+00       0.73243D-02
       0.30900D+03       0.22388D-03       0.15930D-03       0.32283D+00       0.73363D-02
       0.31000D+03       0.22283D-03      -0.14852D+00       0.32245D+00       0.73284D-02
       0.31100D+03       0.22226D-03      -0.31288D+00       0.32254D+00       0.73286D-02
       0.31200D+03       0.22252D-03      -0.37923D+00       0.32287D+00       0.73054D-02
       0.31300D+03       0.22239D-03      -0.29561D+00       0.32318D+00       0.72825D-02
       0.31400D+03       0.22310D-03      -0.11889D+00       0.32323D+00       0.73236D-02
       0.31500D+03       0.22199D-03       0.13758D-02       0.32280D+00       0.73392D-02
       0.31600D+03       0.22101D-03      -0.15977D+00       0.32245D+00       0.73325D-02
       0.31700D+03       0.22047D-03      -0.31831D+00       0.32256D+00       0.73303D-02
       0.31800D+03       0.22042D-03      -0.37576D+00       0.32289D+00       0.73688D-02
       0.31900D+03       0.22073D-03      -0.28404D+00       0.32319D+00       0.73476D-02
       0.32000D+03       0.22329D-03      -0.10114D+00       0.32321D+00       0.73958D-02
       0.32100D+03       0.22217D-03       0.34824D-02       0.32277D+00       0.73887D-02
       0.32200D+03       0.22125D-03      -0.16877D+00       0.32246D+00       0.73737D-02
       0.32300D+03       0.22063D-03      -0.32193D+00       0.32259D+00       0.73582D-02
       0.32400D+03       0.22065D-03      -0.37050D+00       0.32292D+00       0.73571D-02
       0.32500D+03       0.22102D-03      -0.27123D+00       0.32320D+00       0.73388D-02
       0.32600D+03       0.22540D-03      -0.82418D-01       0.32320D+00       0.73808D-02
       0.32700D+03       0.22427D-03       0.58787D-02       0.32275D+00       0.74340D-02
       0.32800D+03       0.22340D-03      -0.17600D+00       0.32247D+00       0.74224D-02
       0.32900D+03       0.22273D-03      -0.32432D+00       0.32261D+00       0.74201D-02
       0.33000D+03       0.22272D-03      -0.36406D+00       0.32294D+00       0.74155D-02
       0.33100D+03       0.22295D-03      -0.25789D+00       0.32321D+00       0.73999D-02
       0.33200D+03       0.22844D-03      -0.63656D-01       0.32318D+00       0.74458D-02
       0.33300D+03       0.22729D-03       0.77939D-02       0.32272D+00       0.74340D-02
       0.33400D+03       0.22648D-03      -0.18214D+00       0.32248D+00       0.74270D-02
       0.33500D+03       0.22575D-03      -0.32615D+00       0.32263D+00       0.74182D-02
       0.33600D+03       0.22563D-03      -0.35714D+00       0.32296D+00       0.73990D-02
       0.33700D+03       0.22608D-03      -0.24471D+00       0.32321D+00       0.73860D-02
       0.33800D+03       0.23098D-03      -0.45825D-01       0.32316D+00       0.74146D-02
       0.33900D+03       0.22987D-03       0.84113D-02       0.32269D+00       0.74243D-02
       0.34000D+03       0.22911D-03      -0.18796D+00       0.32248D+00       0.74129D-02
       0.34100D+03       0.22835D-03      -0.32802D+00       0.32265D+00       0.74054D-02
       0.34200D+03       0.22822D-03      -0.35033D+00       0.32297D+00       0.74032D-02
       0.34300D+03       0.22816D-03      -0.23228D+00       0.32321D+00       0.73926D-02
       0.34400D+03       0.23172D-03      -0.29792D-01       0.32313D+00       0.74023D-02
       0.34500D+03       0.23056D-03       0.69874D-02       0.32267D+00       0.74056D-02
       0.34600D+03       0.22985D-03      -0.19413D+00       0.32249D+00       0.73912D-02
       0.34700D+03       0.22907D-03      -0.33042D+00       0.32266D+00       0.73843D-02
       0.34800D+03       0.22894D-03      -0.34409D+00       0.32298D+00       0.73924D-02
       0.34900D+03       0.22846D-03      -0.22098D+00       0.32320D+00       0.73826D-02
       0.35000D+03       0.22992D-03      -0.16234D-01       0.32310D+00       0.73734D-02
       0.35100D+03       0.22880D-03       0.29427D-02       0.32264D+00       0.73763D-02
       0.35200D+03       0.22818D-03      -0.20119D+00       0.32249D+00       0.73710D-02
       0.35300D+03       0.22764D-03      -0.33366D+00       0.32268D+00       0.73755D-02
       0.35400D+03       0.22751D-03      -0.33870D+00       0.32299D+00       0.73884D-02
       0.35500D+03       0.22706D-03      -0.21105D+00       0.32319D+00       0.73787D-02
       0.35600D+03       0.22679D-03      -0.55886D-02       0.32307D+00       0.73783D-02
       0.35700D+03       0.22570D-03      -0.40837D-02       0.32261D+00       0.73773D-02
       0.35800D+03       0.22514D-03      -0.20949D+00       0.32249D+00       0.73709D-02
       0.35900D+03       0.22454D-03      -0.33788D+00       0.32269D+00       0.73707D-02
       0.36000D+03       0.22441D-03      -0.33431D+00       0.32300D+00       0.73477D-02
       0.36100D+03       0.22372D-03      -0.20251D+00       0.32318D+00       0.73380D-02
       0.36200D+03       0.22323D-03       0.19638D-02       0.32304D+00       0.73315D-02
       0.36300D+03       0.22218D-03      -0.14209D-01       0.32259D+00       0.73304D-02
       0.36400D+03       0.22170D-03      -0.21919D+00       0.32249D+00       0.73255D-02
       0.36500D+03       0.22143D-03      -0.34311D+00       0.32270D+00       0.73476D-02
       0.36600D+03       0.22130D-03      -0.33091D+00       0.32300D+00       0.73292D-02
       0.36700D+03       0.22131D-03      -0.19526D+00       0.32317D+00       0.73199D-02
       0.36800D+03       0.22170D-03       0.64970D-02       0.32301D+00       0.73125D-02
       0.36900D+03       0.22066D-03      -0.27295D-01       0.32257D+00       0.73110D-02
       0.37000D+03       0.22018D-03      -0.23027D+00       0.32250D+00       0.72958D-02
       0.37100D+03       0.21972D-03      -0.34922D+00       0.32272D+00       0.73035D-02
       0.37200D+03       0.21959D-03      -0.32838D+00       0.32301D+00       0.72890D-02
       0.37300D+03       0.22110D-03      -0.18896D+00       0.32317D+00       0.72784D-02
       0.37400D+03       0.22206D-03       0.83315D-02       0.32298D+00       0.72685D-02
       0.37500D+03       0.22105D-03      -0.42948D-01       0.32256D+00       0.72752D-02
       0.37600D+03       0.22062D-03      -0.24253D+00       0.32251D+00       0.72631D-02
       0.37700D+03       0.22037D-03      -0.35596D+00       0.32273D+00       0.72849D-02
       0.37800D+03       0.22022D-03      -0.32645D+00       0.32302D+00       0.72719D-02
       0.37900D+03       0.22316D-03      -0.18313D+00       0.32316D+00       0.72576D-02
       0.38000D+03       0.22414D-03       0.80126D-02       0.32295D+00       0.72437D-02
       0.38100D+03       0.22315D-03      -0.60530D-01       0.32255D+00       0.72444D-02
       0.38200D+03       0.22271D-03      -0.25562D+00       0.32252D+00       0.72278D-02
       0.38300D+03       0.22262D-03      -0.36290D+00       0.32275D+00       0.72608D-02
       0.38400D+03       0.22244D-03      -0.32465D+00       0.32303D+00       0.72562D-02
       0.38500D+03       0.22606D-03      -0.17710D+00       0.32315D+00       0.72388D-02
       0.38600D+03       0.22662D-03       0.62612D-02       0.32292D+00       0.72420D-02
       0.38700D+03       0.22565D-03      -0.79201D-01       0.32254D+00       0.72483D-02
       0.38800D+03       0.22527D-03      -0.26898D+00       0.32254D+00       0.72348D-02
       0.38900D+03       0.22524D-03      -0.36946D+00       0.32277D+00       0.72766D-02
       0.39000D+03       0.22504D-03      -0.32240D+00       0.32305D+00       0.72635D-02
       0.39100D+03       0.22839D-03      -0.17011D+00       0.32315D+00       0.72469D-02
       0.39200D+03       0.22836D-03       0.38895D-02       0.32290D+00       0.72400D-02
       0.39300D+03       0.22742D-03      -0.98002D-01       0.32254D+00       0.72375D-02
       0.39400D+03       0.22701D-03      -0.28193D+00       0.32255D+00       0.72276D-02
       0.39500D+03       0.22709D-03      -0.37498D+00       0.32279D+00       0.72312D-02
       0.39600D+03       0.22688D-03      -0.31904D+00       0.32306D+00       0.72183D-02
       0.39700D+03       0.22907D-03      -0.16146D+00       0.32315D+00       0.72022D-02
       0.39800D+03       0.22855D-03       0.16850D-02       0.32288D+00       0.72065D-02
       0.39900D+03       0.22764D-03      -0.11597D+00       0.32254D+00       0.72048D-02
       0.40000D+03       0.22723D-03      -0.29375D+00       0.32257D+00       0.71917D-02
       0.40100D+03       0.22727D-03      -0.37879D+00       0.32281D+00       0.72097D-02
       0.40200D+03       0.22699D-03      -0.31395D+00       0.32307D+00       0.71944D-02
       0.40300D+03       0.22793D-03      -0.15061D+00       0.32314D+00       0.71820D-02
       0.40400D+03       0.22716D-03       0.28536D-03       0.32285D+00       0.71685D-02
       0.40500D+03       0.22630D-03      -0.13230D+00       0.32254D+00       0.71726D-02
       0.40600D+03       0.22589D-03      -0.30383D+00       0.32259D+00       0.71738D-02
       0.40700D+03       0.22633D-03      -0.38040D+00       0.32284D+00       0.71748D-02
       0.40800D+03       0.22604D-03      -0.30675D+00       0.32308D+00       0.71598D-02
       0.40900D+03       0.22614D-03      -0.13732D+00       0.32314D+00       0.71660D-02
       0.41000D+03       0.22531D-03       0.70590D-04       0.32283D+00       0.71646D-02
       0.41100D+03       0.22450D-03      -0.14640D+00       0.32254D+00       0.71590D-02
       0.41200D+03       0.22415D-03      -0.31177D+00       0.32261D+00       0.71711D-02
       0.41300D+03       0.22425D-03      -0.37960D+00       0.32286D+00       0.72323D-02
       0.41400D+03       0.22417D-03      -0.29737D+00       0.32309D+00       0.72175D-02
       0.41500D+03       0.22462D-03      -0.12170D+00       0.32313D+00       0.72321D-02
       0.41600D+03       0.22378D-03       0.10977D-02       0.32281D+00       0.72307D-02
       0.41700D+03       0.22303D-03      -0.15806D+00       0.32255D+00       0.72257D-02
       0.41800D+03       0.22261D-03      -0.31754D+00       0.32263D+00       0.72213D-02
       0.41900D+03       0.22256D-03      -0.37648D+00       0.32288D+00       0.72393D-02
       0.42000D+03       0.22284D-03      -0.28608D+00       0.32310D+00       0.72234D-02
       0.42100D+03       0.22456D-03      -0.10420D+00       0.32312D+00       0.72726D-02
       0.42200D+03       0.22370D-03       0.30910D-02       0.32279D+00       0.72947D-02
       0.42300D+03       0.22299D-03      -0.16741D+00       0.32255D+00       0.72833D-02
       0.42400D+03       0.22252D-03      -0.32143D+00       0.32265D+00       0.72698D-02
       0.42500D+03       0.22254D-03      -0.37148D+00       0.32290D+00       0.72633D-02
       0.42600D+03       0.22288D-03      -0.27343D+00       0.32311D+00       0.72494D-02
       0.42700D+03       0.22610D-03      -0.85578D-01       0.32311D+00       0.72944D-02
       0.42800D+03       0.22523D-03       0.54894D-02       0.32277D+00       0.73475D-02
       0.42900D+03       0.22456D-03      -0.17488D+00       0.32256D+00       0.73385D-02
       0.43000D+03       0.22405D-03      -0.32398D+00       0.32266D+00       0.73352D-02
       0.43100D+03       0.22405D-03      -0.36519D+00       0.32291D+00       0.73427D-02
       0.43200D+03       0.22430D-03      -0.26013D+00       0.32312D+00       0.73307D-02
       0.43300D+03       0.22849D-03      -0.66753D-01       0.32310D+00       0.73773D-02
       0.43400D+03       0.22761D-03       0.75423D-02       0.32275D+00       0.73728D-02
       0.43500D+03       0.22698D-03      -0.18116D+00       0.32256D+00       0.73666D-02
       0.43600D+03       0.22644D-03      -0.32585D+00       0.32268D+00       0.73803D-02
       0.43700D+03       0.22634D-03      -0.35830D+00       0.32293D+00       0.74293D-02
       0.43800D+03       0.22684D-03      -0.24688D+00       0.32312D+00       0.74189D-02
       0.43900D+03       0.23068D-03      -0.48702D-01       0.32309D+00       0.74492D-02
       0.44000D+03       0.22978D-03       0.84317D-02       0.32273D+00       0.74407D-02
       0.44100D+03       0.22919D-03      -0.18698D+00       0.32256D+00       0.74310D-02
       0.44200D+03       0.22860D-03      -0.32768D+00       0.32269D+00       0.74235D-02
       0.44300D+03       0.22851D-03      -0.35144D+00       0.32294D+00       0.74196D-02
       0.44400D+03       0.22862D-03      -0.23429D+00       0.32312D+00       0.74112D-02
       0.44500D+03       0.23161D-03      -0.32315D-01       0.32307D+00       0.74260D-02
       0.44600D+03       0.23071D-03       0.73947D-02       0.32271D+00       0.74333D-02
       0.44700D+03       0.23015D-03      -0.19305D+00       0.32257D+00       0.74213D-02
       0.44800D+03       0.22964D-03      -0.32997D+00       0.32270D+00       0.74172D-02
       0.44900D+03       0.22954D-03      -0.34508D+00       0.32295D+00       0.74225D-02
       0.45000D+03       0.22928D-03      -0.22278D+00       0.32312D+00       0.74149D-02
       0.45100D+03       0.23072D-03      -0.18307D-01       0.32305D+00       0.74142D-02
       0.45200D+03       0.22984D-03       0.38196D-02       0.32269D+00       0.74175D-02
       0.45300D+03       0.22934D-03      -0.19993D+00       0.32257D+00       0.74118D-02
       0.45400D+03       0.22881D-03      -0.33305D+00       0.32271D+00       0.74079D-02
       0.45500D+03       0.22871D-03      -0.33953D+00       0.32296D+00       0.74173D-02
       0.45600D+03       0.22845D-03      -0.21261D+00       0.32312D+00       0.74097D-02
       0.45700D+03       0.22842D-03      -0.71546D-02       0.32302D+00       0.74173D-02
       0.45800D+03       0.22755D-03      -0.26934D-02       0.32267D+00       0.74171D-02
       0.45900D+03       0.22710D-03      -0.20801D+00       0.32257D+00       0.74105D-02
       0.46000D+03       0.22654D-03      -0.33710D+00       0.32272D+00       0.74044D-02
       0.46100D+03       0.22644D-03      -0.33497D+00       0.32296D+00       0.74149D-02
       0.46200D+03       0.22592D-03      -0.20384D+00       0.32311D+00       0.74167D-02
       0.46300D+03       0.22548D-03       0.91656D-03       0.32300D+00       0.74053D-02
       0.46400D+03       0.22464D-03      -0.12303D-01       0.32265D+00       0.74016D-02
       0.46500D+03       0.22424D-03      -0.21747D+00       0.32257D+00       0.73953D-02
       0.46600D+03       0.22391D-03      -0.34217D+00       0.32273D+00       0.74049D-02
       0.46700D+03       0.22380D-03      -0.33141D+00       0.32297D+00       0.73896D-02
       0.46800D+03       0.22379D-03      -0.19639D+00       0.32310D+00       0.73822D-02
       0.46900D+03       0.22394D-03       0.59386D-02       0.32298D+00       0.73731D-02
       0.47000D+03       0.22313D-03      -0.24914D-01       0.32263D+00       0.73760D-02
       0.47100D+03       0.22273D-03      -0.22833D+00       0.32257D+00       0.73624D-02
       0.47200D+03       0.22230D-03      -0.34814D+00       0.32274D+00       0.73625D-02
       0.47300D+03       0.22219D-03      -0.32875D+00       0.32297D+00       0.73507D-02
       0.47400D+03       0.22335D-03      -0.18997D+00       0.32310D+00       0.73426D-02
       0.47500D+03       0.22398D-03       0.81920D-02       0.32295D+00       0.73343D-02
       0.47600D+03       0.22317D-03      -0.40177D-01       0.32262D+00       0.73421D-02
       0.47700D+03       0.22282D-03      -0.24041D+00       0.32258D+00       0.73304D-02
       0.47800D+03       0.22252D-03      -0.35480D+00       0.32275D+00       0.73414D-02
       0.47900D+03       0.22240D-03      -0.32675D+00       0.32298D+00       0.73309D-02
       0.48000D+03       0.22463D-03      -0.18410D+00       0.32309D+00       0.73201D-02
       0.48100D+03       0.22533D-03       0.81868D-02       0.32293D+00       0.73097D-02
       0.48200D+03       0.22453D-03      -0.57490D-01       0.32261D+00       0.73043D-02
       0.48300D+03       0.22422D-03      -0.25339D+00       0.32259D+00       0.72962D-02
       0.48400D+03       0.22406D-03      -0.36175D+00       0.32277D+00       0.73157D-02
       0.48500D+03       0.22393D-03      -0.32497D+00       0.32299D+00       0.73057D-02
       0.48600D+03       0.22681D-03      -0.17815D+00       0.32309D+00       0.73091D-02
       0.48700D+03       0.22724D-03       0.66195D-02       0.32291D+00       0.73127D-02
       0.48800D+03       0.22646D-03      -0.76044D-01       0.32260D+00       0.73192D-02
       0.48900D+03       0.22614D-03      -0.26675D+00       0.32260D+00       0.73059D-02
       0.49000D+03       0.22604D-03      -0.36842D+00       0.32278D+00       0.73320D-02
       0.49100D+03       0.22588D-03      -0.32284D+00       0.32300D+00       0.73203D-02
       0.49200D+03       0.22866D-03      -0.17137D+00       0.32309D+00       0.73056D-02
       0.49300D+03       0.22866D-03       0.42944D-02       0.32289D+00       0.73014D-02
       0.49400D+03       0.22791D-03      -0.94891D-01       0.32260D+00       0.73002D-02
       0.49500D+03       0.22763D-03      -0.27983D+00       0.32261D+00       0.72940D-02
       0.49600D+03       0.22754D-03      -0.37416D+00       0.32280D+00       0.73235D-02
       0.49700D+03       0.22735D-03      -0.31970D+00       0.32301D+00       0.73131D-02
       0.49800D+03       0.22930D-03      -0.16304D+00       0.32308D+00       0.73000D-02
       0.49900D+03       0.22891D-03       0.20121D-02       0.32287D+00       0.73059D-02
       0.50000D+03       0.22818D-03      -0.11307D+00       0.32260D+00       0.73048D-02
       0.50100D+03       0.22785D-03      -0.29189D+00       0.32262D+00       0.72946D-02
       0.50200D+03       0.22782D-03      -0.37829D+00       0.32282D+00       0.72898D-02
       0.50300D+03       0.22761D-03      -0.31494D+00       0.32302D+00       0.72774D-02
       0.50400D+03       0.22852D-03      -0.15259D+00       0.32308D+00       0.72724D-02
       0.50500D+03       0.22791D-03       0.44336D-03       0.32285D+00       0.72641D-02
       0.50600D+03       0.22722D-03      -0.12971D+00       0.32260D+00       0.72675D-02
       0.50700D+03       0.22690D-03      -0.30228D+00       0.32264D+00       0.72550D-02
       0.50800D+03       0.22721D-03      -0.38030D+00       0.32283D+00       0.72490D-02
       0.50900D+03       0.22699D-03      -0.30811D+00       0.32303D+00       0.72368D-02
       0.51000D+03       0.22713D-03      -0.13971D+00       0.32308D+00       0.72495D-02
       0.51100D+03       0.22646D-03       0.17359D-04       0.32284D+00       0.72516D-02
       0.51200D+03       0.22581D-03      -0.14421D+00       0.32260D+00       0.72470D-02
       0.51300D+03       0.22552D-03      -0.31060D+00       0.32265D+00       0.72531D-02
       0.51400D+03       0.22559D-03      -0.37990D+00       0.32285D+00       0.72938D-02
       0.51500D+03       0.22554D-03      -0.29909D+00       0.32304D+00       0.72817D-02
       0.51600D+03       0.22581D-03      -0.12446D+00       0.32308D+00       0.73024D-02
       0.51700D+03       0.22514D-03       0.84737D-03       0.32282D+00       0.73047D-02
       0.51800D+03       0.22452D-03      -0.15628D+00       0.32260D+00       0.73005D-02
       0.51900D+03       0.22418D-03      -0.31672D+00       0.32267D+00       0.72945D-02
       0.52000D+03       0.22414D-03      -0.37715D+00       0.32287D+00       0.72999D-02
       0.52100D+03       0.22439D-03      -0.28808D+00       0.32305D+00       0.72868D-02
       0.52200D+03       0.22563D-03      -0.10723D+00       0.32307D+00       0.73053D-02
       0.52300D+03       0.22494D-03       0.27114D-02       0.32281D+00       0.72973D-02
       0.52400D+03       0.22436D-03      -0.16599D+00       0.32261D+00       0.72942D-02
       0.52500D+03       0.22398D-03      -0.32089D+00       0.32268D+00       0.72817D-02
       0.52600D+03       0.22399D-03      -0.37242D+00       0.32288D+00       0.72719D-02
       0.52700D+03       0.22419D-03      -0.27561D+00       0.32306D+00       0.72604D-02
       0.52800D+03       0.22616D-03      -0.88732D-01       0.32306D+00       0.73072D-02
       0.52900D+03       0.22546D-03       0.50907D-02       0.32279D+00       0.73031D-02
       0.53000D+03       0.22491D-03      -0.17374D+00       0.32261D+00       0.72955D-02
       0.53100D+03       0.22451D-03      -0.32362D+00       0.32269D+00       0.72918D-02
       0.53200D+03       0.22450D-03      -0.36630D+00       0.32290D+00       0.72939D-02
       0.53300D+03       0.22468D-03      -0.26237D+00       0.32306D+00       0.72840D-02
       0.53400D+03       0.22758D-03      -0.69872D-01       0.32305D+00       0.72960D-02
       0.53500D+03       0.22692D-03       0.72580D-02       0.32277D+00       0.73035D-02
       0.53600D+03       0.22640D-03      -0.18016D+00       0.32261D+00       0.72982D-02
       0.53700D+03       0.22597D-03      -0.32556D+00       0.32271D+00       0.73080D-02
       0.53800D+03       0.22589D-03      -0.35947D+00       0.32291D+00       0.73447D-02
       0.53900D+03       0.22597D-03      -0.24906D+00       0.32307D+00       0.73362D-02
       0.54000D+03       0.22914D-03      -0.51626D-01       0.32304D+00       0.73409D-02
       0.54100D+03       0.22843D-03       0.83979D-02       0.32275D+00       0.73364D-02
       0.54200D+03       0.22795D-03      -0.18600D+00       0.32262D+00       0.73281D-02
       0.54300D+03       0.22748D-03      -0.32735D+00       0.32272D+00       0.73213D-02
       0.54400D+03       0.22740D-03      -0.35256D+00       0.32292D+00       0.73171D-02
       0.54500D+03       0.22764D-03      -0.23633D+00       0.32307D+00       0.73103D-02
       0.54600D+03       0.23022D-03      -0.34906D-01       0.32303D+00       0.73291D-02
       0.54700D+03       0.22953D-03       0.77305D-02       0.32274D+00       0.73269D-02
       0.54800D+03       0.22908D-03      -0.19199D+00       0.32262D+00       0.73229D-02
       0.54900D+03       0.22860D-03      -0.32954D+00       0.32273D+00       0.73231D-02
       0.55000D+03       0.22852D-03      -0.34609D+00       0.32293D+00       0.73268D-02
       0.55100D+03       0.22839D-03      -0.22462D+00       0.32307D+00       0.73208D-02
       0.55200D+03       0.22979D-03      -0.20460D-01       0.32301D+00       0.73260D-02
       0.55300D+03       0.22907D-03       0.46138D-02       0.32272D+00       0.73256D-02
       0.55400D+03       0.22866D-03      -0.19871D+00       0.32262D+00       0.73200D-02
       0.55500D+03       0.22817D-03      -0.33247D+00       0.32273D+00       0.73198D-02
       0.55600D+03       0.22808D-03      -0.34040D+00       0.32293D+00       0.73273D-02
       0.55700D+03       0.22770D-03      -0.21421D+00       0.32307D+00       0.73214D-02
       0.55800D+03       0.22782D-03      -0.88073D-02       0.32299D+00       0.73137D-02
       0.55900D+03       0.22712D-03      -0.13903D-02       0.32270D+00       0.73110D-02
       0.56000D+03       0.22674D-03      -0.20657D+00       0.32262D+00       0.73046D-02
       0.56100D+03       0.22646D-03      -0.33636D+00       0.32274D+00       0.73126D-02
       0.56200D+03       0.22638D-03      -0.33566D+00       0.32294D+00       0.73214D-02
       0.56300D+03       0.22602D-03      -0.20521D+00       0.32306D+00       0.73231D-02
       0.56400D+03       0.22564D-03      -0.21644D-03       0.32297D+00       0.73192D-02
       0.56500D+03       0.22495D-03      -0.10482D-01       0.32268D+00       0.73166D-02
       0.56600D+03       0.22461D-03      -0.21579D+00       0.32262D+00       0.73102D-02
       0.56700D+03       0.22426D-03      -0.34125D+00       0.32275D+00       0.73131D-02
       0.56800D+03       0.22418D-03      -0.33194D+00       0.32294D+00       0.73004D-02
       0.56900D+03       0.22399D-03      -0.19755D+00       0.32306D+00       0.72946D-02
       0.57000D+03       0.22401D-03       0.53024D-02       0.32295D+00       0.72902D-02
       0.57100D+03       0.22333D-03      -0.22609D-01       0.32267D+00       0.72938D-02
       0.57200D+03       0.22303D-03      -0.22642D+00       0.32262D+00       0.72884D-02
       0.57300D+03       0.22288D-03      -0.34709D+00       0.32276D+00       0.73039D-02
       0.57400D+03       0.22280D-03      -0.32914D+00       0.32295D+00       0.72940D-02
       0.57500D+03       0.22354D-03      -0.19099D+00       0.32305D+00       0.72878D-02
       0.57600D+03       0.22395D-03       0.79890D-02       0.32293D+00       0.72822D-02
       0.57700D+03       0.22330D-03      -0.37463D-01       0.32266D+00       0.72932D-02
       0.57800D+03       0.22299D-03      -0.23832D+00       0.32262D+00       0.72823D-02
       0.57900D+03       0.22270D-03      -0.35366D+00       0.32277D+00       0.72866D-02
       0.58000D+03       0.22260D-03      -0.32705D+00       0.32296D+00       0.72779D-02
       0.58100D+03       0.22437D-03      -0.18507D+00       0.32305D+00       0.72696D-02
       0.58200D+03       0.22488D-03       0.83172D-02       0.32292D+00       0.72615D-02
       0.58300D+03       0.22422D-03      -0.54485D-01       0.32265D+00       0.72587D-02
       0.58400D+03       0.22395D-03      -0.25118D+00       0.32263D+00       0.72501D-02
       0.58500D+03       0.22374D-03      -0.36059D+00       0.32278D+00       0.72614D-02
       0.58600D+03       0.22363D-03      -0.32527D+00       0.32296D+00       0.72531D-02
       0.58700D+03       0.22603D-03      -0.17918D+00       0.32305D+00       0.72568D-02
       0.58800D+03       0.22636D-03       0.69567D-02       0.32290D+00       0.72606D-02
       0.58900D+03       0.22572D-03      -0.72895D-01       0.32264D+00       0.72672D-02
       0.59000D+03       0.22544D-03      -0.26452D+00       0.32264D+00       0.72606D-02
       0.59100D+03       0.22530D-03      -0.36735D+00       0.32279D+00       0.72771D-02
       0.59200D+03       0.22518D-03      -0.32325D+00       0.32297D+00       0.72689D-02
       0.59300D+03       0.22758D-03      -0.17260D+00       0.32304D+00       0.72581D-02
       0.59400D+03       0.22759D-03       0.47009D-02       0.32288D+00       0.72560D-02
       0.59500D+03       0.22697D-03      -0.91762D-01       0.32264D+00       0.72529D-02
       0.59600D+03       0.22673D-03      -0.27769D+00       0.32265D+00       0.72482D-02
       0.59700D+03       0.22661D-03      -0.37329D+00       0.32280D+00       0.72675D-02
       0.59800D+03       0.22645D-03      -0.32033D+00       0.32298D+00       0.72590D-02
       0.59900D+03       0.22822D-03      -0.16457D+00       0.32304D+00       0.72482D-02
       0.60000D+03       0.22792D-03       0.23596D-02       0.32287D+00       0.72380D-02
       0.60100D+03       0.22732D-03      -0.11011D+00       0.32264D+00       0.72376D-02
       0.60200D+03       0.22710D-03      -0.28997D+00       0.32266D+00       0.72321D-02
       0.60300D+03       0.22697D-03      -0.37774D+00       0.32282D+00       0.72507D-02
       0.60400D+03       0.22680D-03      -0.31587D+00       0.32299D+00       0.72404D-02
       0.60500D+03       0.22769D-03      -0.15450D+00       0.32304D+00       0.72407D-02
       0.60600D+03       0.22720D-03       0.63403D-03       0.32285D+00       0.72360D-02
