       0.10000D+01       0.38656D-03      -0.12832D+00       0.59565D+00       0.36943D-02
       0.20000D+01       0.16030D-02      -0.16919D+00       0.52770D+00       0.14079D-01
       0.30000D+01       0.10140D-02       0.20566D-01       0.55056D+00       0.26221D+00
       0.40000D+01       0.14838D-02      -0.10842D+00       0.56301D+00       0.19051D+00
       0.50000D+01       0.24076D-02      -0.14668D+00       0.54169D+00       0.16731D+00
       0.60000D+01       0.19334D-02       0.40795D-01       0.55057D+00       0.38911D+00
       0.70000D+01       0.20841D-02      -0.88846D-01       0.55774D+00       0.53950D+00
       0.80000D+01       0.26578D-02      -0.12454D+00       0.54502D+00       0.49416D+00
       0.90000D+01       0.23092D-02       0.60667D-01       0.55057D+00       0.51640D+00
       0.10000D+02       0.23909D-02      -0.69628D-01       0.55559D+00       0.45823D+00
       0.11000D+02       0.27798D-02      -0.10278D+00       0.54652D+00       0.43084D+00
       0.12000D+02       0.25107D-02       0.80165D-01       0.55058D+00       0.58016D+00
       0.13000D+02       0.25639D-02      -0.50779D-01       0.55443D+00       0.64531D+00
       0.14000D+02       0.28584D-02      -0.81424D-01       0.54737D+00       0.61429D+00
       0.15000D+02       0.26415D-02       0.99274D-01       0.55059D+00       0.71983D+00
       0.16000D+02       0.26775D-02      -0.32313D-01       0.55370D+00       0.76296D+00
       0.17000D+02       0.29135D-02      -0.60485D-01       0.54792D+00       0.73254D+00
       0.18000D+02       0.27333D-02       0.11798D+00       0.55059D+00       0.81297D+00
       0.19000D+02       0.27722D-02      -0.14245D-01       0.55320D+00       0.84371D+00
       0.20000D+02       0.29681D-02      -0.39976D-01       0.54831D+00       0.81509D+00
       0.21000D+02       0.28139D-02       0.13627D+00       0.55060D+00       0.87951D+00
       0.22000D+02       0.28065D-02       0.34085D-02       0.55284D+00       0.90268D+00
       0.23000D+02       0.29736D-02      -0.19913D-01       0.54860D+00       0.87568D+00
       0.24000D+02       0.28414D-02       0.15412D+00       0.55061D+00       0.92912D+00
       0.25000D+02       0.28352D-02       0.20631D-01       0.55256D+00       0.94730D+00
       0.26000D+02       0.29801D-02      -0.31322D-03       0.54882D+00       0.92222D+00
       0.27000D+02       0.28660D-02       0.17153D+00       0.55062D+00       0.96771D+00
       0.28000D+02       0.28518D-02       0.37410D-01       0.55235D+00       0.10094D+01
       0.29000D+02       0.29873D-02       0.18811D-01       0.54900D+00       0.98543D+00
       0.30000D+02       0.28879D-02       0.18848D+00       0.55062D+00       0.10239D+01
       0.31000D+02       0.28740D-02       0.53733D-01       0.55218D+00       0.10596D+01
       0.32000D+02       0.29950D-02       0.37450D-01       0.54915D+00       0.10368D+01
       0.33000D+02       0.29079D-02       0.20496D+00       0.55063D+00       0.10689D+01
       0.34000D+02       0.28948D-02       0.69592D-01       0.55204D+00       0.10989D+01
       0.35000D+02       0.30043D-02       0.55594D-01       0.54927D+00       0.10773D+01
       0.36000D+02       0.29273D-02       0.22096D+00       0.55064D+00       0.10853D+01
       0.37000D+02       0.29158D-02       0.84976D-01       0.55192D+00       0.11134D+01
       0.38000D+02       0.30153D-02       0.73234D-01       0.54938D+00       0.10932D+01
       0.39000D+02       0.29464D-02       0.23648D+00       0.55065D+00       0.11001D+01
       0.40000D+02       0.29379D-02       0.99875D-01       0.55182D+00       0.11073D+01
       0.41000D+02       0.30283D-02       0.90361D-01       0.54947D+00       0.10887D+01
       0.42000D+02       0.29660D-02       0.25150D+00       0.55066D+00       0.10952D+01
       0.43000D+02       0.29592D-02       0.11428D+00       0.55174D+00       0.11021D+01
       0.44000D+02       0.30416D-02       0.10697D+00       0.54955D+00       0.10849D+01
       0.45000D+02       0.29855D-02       0.26601D+00       0.55066D+00       0.10910D+01
       0.46000D+02       0.29751D-02       0.12819D+00       0.55167D+00       0.10976D+01
       0.47000D+02       0.30550D-02       0.12304D+00       0.54962D+00       0.10815D+01
       0.48000D+02       0.30045D-02       0.28002D+00       0.55067D+00       0.10874D+01
       0.49000D+02       0.29959D-02       0.14159D+00       0.55161D+00       0.10936D+01
       0.50000D+02       0.30695D-02       0.13859D+00       0.54968D+00       0.10786D+01
       0.51000D+02       0.30244D-02       0.29353D+00       0.55068D+00       0.10841D+01
       0.52000D+02       0.30169D-02       0.15450D+00       0.55155D+00       0.10899D+01
       0.53000D+02       0.30810D-02       0.15362D+00       0.54974D+00       0.10758D+01
       0.54000D+02       0.30407D-02       0.30652D+00       0.55069D+00       0.10669D+01
       0.55000D+02       0.30328D-02       0.16689D+00       0.55151D+00       0.10452D+01
       0.56000D+02       0.30926D-02       0.16811D+00       0.54979D+00       0.10324D+01
       0.57000D+02       0.30563D-02       0.31900D+00       0.55069D+00       0.10249D+01
       0.58000D+02       0.30478D-02       0.17878D+00       0.55146D+00       0.10051D+01
       0.59000D+02       0.31035D-02       0.18207D+00       0.54984D+00       0.99340D+00
       0.60000D+02       0.30708D-02       0.33098D+00       0.55070D+00       0.98700D+00
       0.61000D+02       0.30621D-02       0.19017D+00       0.55143D+00       0.96890D+00
       0.62000D+02       0.31139D-02       0.19550D+00       0.54988D+00       0.95823D+00
       0.63000D+02       0.30845D-02       0.34245D+00       0.55071D+00       0.95276D+00
       0.64000D+02       0.30764D-02       0.20106D+00       0.55139D+00       0.93613D+00
       0.65000D+02       0.31244D-02       0.20841D+00       0.54992D+00       0.92633D+00
       0.66000D+02       0.30982D-02       0.35342D+00       0.55072D+00       0.92166D+00
       0.67000D+02       0.30907D-02       0.21145D+00       0.55137D+00       0.90631D+00
       0.68000D+02       0.31353D-02       0.22081D+00       0.54996D+00       0.89726D+00
       0.69000D+02       0.31121D-02       0.36390D+00       0.55072D+00       0.89327D+00
       0.70000D+02       0.31024D-02       0.22136D+00       0.55134D+00       0.87904D+00
       0.71000D+02       0.31469D-02       0.23271D+00       0.54999D+00       0.87067D+00
       0.72000D+02       0.31264D-02       0.37390D+00       0.55073D+00       0.86725D+00
       0.73000D+02       0.31183D-02       0.23080D+00       0.55132D+00       0.85403D+00
       0.74000D+02       0.31604D-02       0.24410D+00       0.55002D+00       0.84624D+00
       0.75000D+02       0.31424D-02       0.38343D+00       0.55074D+00       0.84333D+00
       0.76000D+02       0.31326D-02       0.23977D+00       0.55129D+00       0.83099D+00
       0.77000D+02       0.31721D-02       0.25502D+00       0.55005D+00       0.82373D+00
       0.78000D+02       0.31562D-02       0.39250D+00       0.55075D+00       0.81210D+00
       0.79000D+02       0.31462D-02       0.24829D+00       0.55128D+00       0.80069D+00
       0.80000D+02       0.31834D-02       0.26546D+00       0.55008D+00       0.79398D+00
       0.81000D+02       0.31693D-02       0.40113D+00       0.55075D+00       0.78350D+00
       0.82000D+02       0.31606D-02       0.25637D+00       0.55126D+00       0.77289D+00
       0.83000D+02       0.31957D-02       0.27545D+00       0.55011D+00       0.76667D+00
       0.84000D+02       0.31833D-02       0.40932D+00       0.55076D+00       0.75694D+00
       0.85000D+02       0.31748D-02       0.26402D+00       0.55124D+00       0.74706D+00
       0.86000D+02       0.32076D-02       0.28501D+00       0.55013D+00       0.74128D+00
       0.87000D+02       0.31961D-02       0.41711D+00       0.55077D+00       0.73330D+00
       0.88000D+02       0.31885D-02       0.27128D+00       0.55123D+00       0.72409D+00
       0.89000D+02       0.32192D-02       0.29414D+00       0.55016D+00       0.71870D+00
       0.90000D+02       0.32095D-02       0.42450D+00       0.55077D+00       0.71126D+00
       0.91000D+02       0.32022D-02       0.27814D+00       0.55121D+00       0.70264D+00
       0.92000D+02       0.32313D-02       0.30287D+00       0.55018D+00       0.69760D+00
       0.93000D+02       0.32232D-02       0.43152D+00       0.55078D+00       0.69039D+00
       0.94000D+02       0.32066D-02       0.28464D+00       0.55120D+00       0.68230D+00
       0.95000D+02       0.32369D-02       0.31123D+00       0.55020D+00       0.67745D+00
       0.96000D+02       0.32301D-02       0.43818D+00       0.55079D+00       0.67157D+00
       0.97000D+02       0.32143D-02       0.29080D+00       0.55119D+00       0.66564D+00
       0.98000D+02       0.32432D-02       0.31922D+00       0.55022D+00       0.66106D+00
       0.99000D+02       0.32376D-02       0.44452D+00       0.55079D+00       0.65501D+00
       0.10000D+03       0.32226D-02       0.29663D+00       0.55118D+00       0.64893D+00
       0.10100D+03       0.32487D-02       0.32688D+00       0.55024D+00       0.64458D+00
       0.10200D+03       0.32438D-02       0.45055D+00       0.55080D+00       0.63888D+00
       0.10300D+03       0.32295D-02       0.30217D+00       0.55117D+00       0.63315D+00
       0.10400D+03       0.32544D-02       0.33424D+00       0.55026D+00       0.62903D+00
       0.10500D+03       0.32502D-02       0.45630D+00       0.55081D+00       0.62366D+00
       0.10600D+03       0.32360D-02       0.30743D+00       0.55117D+00       0.61825D+00
       0.10700D+03       0.32596D-02       0.34131D+00       0.55028D+00       0.61435D+00
       0.10800D+03       0.32565D-02       0.46179D+00       0.55081D+00       0.60927D+00
       0.10900D+03       0.32423D-02       0.31244D+00       0.55116D+00       0.60417D+00
       0.11000D+03       0.32647D-02       0.34812D+00       0.55030D+00       0.60047D+00
       0.11100D+03       0.32626D-02       0.46705D+00       0.55082D+00       0.59567D+00
       0.11200D+03       0.32483D-02       0.31723D+00       0.55115D+00       0.59083D+00
       0.11300D+03       0.32699D-02       0.35470D+00       0.55032D+00       0.58732D+00
       0.11400D+03       0.32685D-02       0.47210D+00       0.55083D+00       0.58277D+00
       0.11500D+03       0.32544D-02       0.32182D+00       0.55115D+00       0.57819D+00
       0.11600D+03       0.32752D-02       0.36107D+00       0.55033D+00       0.57484D+00
       0.11700D+03       0.32745D-02       0.47698D+00       0.55083D+00       0.57053D+00
       0.11800D+03       0.32599D-02       0.32625D+00       0.55114D+00       0.56618D+00
       0.11900D+03       0.32813D-02       0.36727D+00       0.55035D+00       0.56300D+00
       0.12000D+03       0.32813D-02       0.48170D+00       0.55084D+00       0.55890D+00
       0.12100D+03       0.32672D-02       0.33053D+00       0.55114D+00       0.55477D+00
       0.12200D+03       0.32881D-02       0.37332D+00       0.55036D+00       0.55174D+00
       0.12300D+03       0.32883D-02       0.48631D+00       0.55084D+00       0.54739D+00
       0.12400D+03       0.32747D-02       0.33470D+00       0.55113D+00       0.54258D+00
       0.12500D+03       0.32948D-02       0.37925D+00       0.55038D+00       0.53970D+00
       0.12600D+03       0.32953D-02       0.49082D+00       0.55085D+00       0.53555D+00
       0.12700D+03       0.32821D-02       0.33879D+00       0.55113D+00       0.53098D+00
       0.12800D+03       0.33008D-02       0.38509D+00       0.55039D+00       0.52821D+00
       0.12900D+03       0.33013D-02       0.49527D+00       0.55086D+00       0.52468D+00
       0.13000D+03       0.32889D-02       0.34282D+00       0.55112D+00       0.52156D+00
       0.13100D+03       0.33073D-02       0.39087D+00       0.55041D+00       0.51891D+00
       0.13200D+03       0.33082D-02       0.49969D+00       0.55086D+00       0.51554D+00
       0.13300D+03       0.32958D-02       0.34682D+00       0.55112D+00       0.51256D+00
       0.13400D+03       0.33139D-02       0.39661D+00       0.55042D+00       0.51002D+00
       0.13500D+03       0.33150D-02       0.50409D+00       0.55087D+00       0.50679D+00
       0.13600D+03       0.33026D-02       0.35082D+00       0.55112D+00       0.50396D+00
       0.13700D+03       0.33203D-02       0.40235D+00       0.55044D+00       0.50152D+00
       0.13800D+03       0.33217D-02       0.50851D+00       0.55087D+00       0.49843D+00
       0.13900D+03       0.33098D-02       0.35485D+00       0.55112D+00       0.49572D+00
       0.14000D+03       0.33270D-02       0.40810D+00       0.55045D+00       0.49338D+00
       0.14100D+03       0.33286D-02       0.51299D+00       0.55088D+00       0.49041D+00
       0.14200D+03       0.33169D-02       0.35894D+00       0.55111D+00       0.48782D+00
       0.14300D+03       0.33339D-02       0.41391D+00       0.55046D+00       0.48557D+00
       0.14400D+03       0.33355D-02       0.51753D+00       0.55089D+00       0.48271D+00
       0.14500D+03       0.33234D-02       0.36311D+00       0.55111D+00       0.48023D+00
       0.14600D+03       0.33412D-02       0.41979D+00       0.55048D+00       0.47807D+00
       0.14700D+03       0.33426D-02       0.52218D+00       0.55089D+00       0.47533D+00
       0.14800D+03       0.33310D-02       0.36738D+00       0.55111D+00       0.47295D+00
       0.14900D+03       0.33488D-02       0.42578D+00       0.55049D+00       0.47101D+00
       0.15000D+03       0.33502D-02       0.52695D+00       0.55090D+00       0.46837D+00
       0.15100D+03       0.33347D-02       0.37179D+00       0.55111D+00       0.46609D+00
       0.15200D+03       0.33521D-02       0.43189D+00       0.55050D+00       0.46413D+00
       0.15300D+03       0.33535D-02       0.53188D+00       0.55091D+00       0.46124D+00
       0.15400D+03       0.33384D-02       0.37636D+00       0.55111D+00       0.45905D+00
       0.15500D+03       0.33557D-02       0.43816D+00       0.55051D+00       0.45716D+00
       0.15600D+03       0.33570D-02       0.53699D+00       0.55091D+00       0.45438D+00
       0.15700D+03       0.33421D-02       0.38112D+00       0.55111D+00       0.45227D+00
       0.15800D+03       0.33595D-02       0.44460D+00       0.55053D+00       0.45045D+00
       0.15900D+03       0.33608D-02       0.54229D+00       0.55092D+00       0.44776D+00
       0.16000D+03       0.33462D-02       0.38608D+00       0.55111D+00       0.44574D+00
       0.16100D+03       0.33635D-02       0.45124D+00       0.55054D+00       0.44398D+00
       0.16200D+03       0.33646D-02       0.54781D+00       0.55092D+00       0.44138D+00
       0.16300D+03       0.33502D-02       0.39126D+00       0.55111D+00       0.43943D+00
       0.16400D+03       0.33678D-02       0.45810D+00       0.55055D+00       0.43774D+00
       0.16500D+03       0.33686D-02       0.55358D+00       0.55093D+00       0.43522D+00
       0.16600D+03       0.33543D-02       0.39670D+00       0.55111D+00       0.43333D+00
       0.16700D+03       0.33720D-02       0.46520D+00       0.55056D+00       0.43169D+00
       0.16800D+03       0.33726D-02       0.55961D+00       0.55094D+00       0.42926D+00
       0.16900D+03       0.33585D-02       0.40240D+00       0.55111D+00       0.42715D+00
       0.17000D+03       0.33762D-02       0.47256D+00       0.55057D+00       0.42557D+00
       0.17100D+03       0.33765D-02       0.56592D+00       0.55094D+00       0.42322D+00
       0.17200D+03       0.33619D-02       0.40838D+00       0.55111D+00       0.42122D+00
       0.17300D+03       0.33807D-02       0.48019D+00       0.55058D+00       0.41970D+00
       0.17400D+03       0.33808D-02       0.57252D+00       0.55095D+00       0.41743D+00
       0.17500D+03       0.33665D-02       0.41467D+00       0.55111D+00       0.41547D+00
       0.17600D+03       0.33857D-02       0.48812D+00       0.55059D+00       0.41387D+00
       0.17700D+03       0.33856D-02       0.57944D+00       0.55095D+00       0.41168D+00
       0.17800D+03       0.33716D-02       0.42127D+00       0.55111D+00       0.40979D+00
       0.17900D+03       0.33910D-02       0.49635D+00       0.55060D+00       0.40824D+00
       0.18000D+03       0.33908D-02       0.58668D+00       0.55096D+00       0.40611D+00
       0.18100D+03       0.33770D-02       0.42820D+00       0.55111D+00       0.40429D+00
       0.18200D+03       0.33966D-02       0.50489D+00       0.55061D+00       0.40279D+00
       0.18300D+03       0.33961D-02       0.59426D+00       0.55097D+00       0.40073D+00
       0.18400D+03       0.33824D-02       0.43546D+00       0.55111D+00       0.39897D+00
       0.18500D+03       0.34023D-02       0.51377D+00       0.55062D+00       0.39761D+00
       0.18600D+03       0.34015D-02       0.60219D+00       0.55097D+00       0.39534D+00
       0.18700D+03       0.33881D-02       0.44308D+00       0.55111D+00       0.39311D+00
       0.18800D+03       0.34082D-02       0.52298D+00       0.55063D+00       0.39180D+00
       0.18900D+03       0.34073D-02       0.61047D+00       0.55098D+00       0.38961D+00
       0.19000D+03       0.33941D-02       0.45105D+00       0.55112D+00       0.38746D+00
       0.19100D+03       0.34145D-02       0.53253D+00       0.55064D+00       0.38619D+00
       0.19200D+03       0.34130D-02       0.61911D+00       0.55098D+00       0.38409D+00
       0.19300D+03       0.34001D-02       0.45938D+00       0.55112D+00       0.38228D+00
       0.19400D+03       0.34208D-02       0.54244D+00       0.55065D+00       0.38106D+00
       0.19500D+03       0.34190D-02       0.62812D+00       0.55099D+00       0.37902D+00
       0.19600D+03       0.34064D-02       0.46808D+00       0.55112D+00       0.37726D+00
       0.19700D+03       0.34275D-02       0.55269D+00       0.55066D+00       0.37608D+00
       0.19800D+03       0.34254D-02       0.63749D+00       0.55099D+00       0.37410D+00
       0.19900D+03       0.34131D-02       0.47714D+00       0.55112D+00       0.37237D+00
       0.20000D+03       0.34344D-02       0.56330D+00       0.55067D+00       0.37120D+00
       0.20100D+03       0.34320D-02       0.64724D+00       0.55100D+00       0.36927D+00
       0.20200D+03       0.34198D-02       0.48657D+00       0.55112D+00       0.36762D+00
       0.20300D+03       0.34419D-02       0.57426D+00       0.55068D+00       0.36642D+00
       0.20400D+03       0.34393D-02       0.65735D+00       0.55101D+00       0.36455D+00
       0.20500D+03       0.34276D-02       0.49636D+00       0.55113D+00       0.36295D+00
       0.20600D+03       0.34501D-02       0.58557D+00       0.55069D+00       0.36178D+00
       0.20700D+03       0.34472D-02       0.66782D+00       0.55101D+00       0.35996D+00
       0.20800D+03       0.34358D-02       0.50652D+00       0.55113D+00       0.35853D+00
       0.20900D+03       0.34587D-02       0.59723D+00       0.55070D+00       0.35739D+00
       0.21000D+03       0.34555D-02       0.67866D+00       0.55102D+00       0.35562D+00
       0.21100D+03       0.34445D-02       0.51703D+00       0.55113D+00       0.35423D+00
       0.21200D+03       0.34675D-02       0.60923D+00       0.55071D+00       0.35312D+00
       0.21300D+03       0.34642D-02       0.68985D+00       0.55102D+00       0.35140D+00
       0.21400D+03       0.34533D-02       0.52790D+00       0.55113D+00       0.34980D+00
       0.21500D+03       0.34766D-02       0.62156D+00       0.55072D+00       0.34873D+00
       0.21600D+03       0.34731D-02       0.70138D+00       0.55103D+00       0.34693D+00
       0.21700D+03       0.34624D-02       0.53910D+00       0.55113D+00       0.34538D+00
       0.21800D+03       0.34859D-02       0.63421D+00       0.55073D+00       0.34433D+00
       0.21900D+03       0.34822D-02       0.71325D+00       0.55104D+00       0.34258D+00
       0.22000D+03       0.34717D-02       0.55063D+00       0.55114D+00       0.34107D+00
       0.22100D+03       0.34954D-02       0.64717D+00       0.55074D+00       0.34005D+00
       0.22200D+03       0.34915D-02       0.72543D+00       0.55104D+00       0.33834D+00
       0.22300D+03       0.34812D-02       0.56247D+00       0.55114D+00       0.33688D+00
       0.22400D+03       0.35051D-02       0.66044D+00       0.55075D+00       0.33589D+00
       0.22500D+03       0.35010D-02       0.73793D+00       0.55105D+00       0.33422D+00
       0.22600D+03       0.34908D-02       0.57462D+00       0.55114D+00       0.33302D+00
       0.22700D+03       0.35150D-02       0.67398D+00       0.55076D+00       0.33205D+00
       0.22800D+03       0.35107D-02       0.75072D+00       0.55105D+00       0.33042D+00
       0.22900D+03       0.35007D-02       0.58706D+00       0.55115D+00       0.32954D+00
       0.23000D+03       0.35251D-02       0.68780D+00       0.55077D+00       0.32867D+00
       0.23100D+03       0.35207D-02       0.76378D+00       0.55106D+00       0.32708D+00
       0.23200D+03       0.35109D-02       0.59976D+00       0.55115D+00       0.32622D+00
       0.23300D+03       0.35356D-02       0.70187D+00       0.55078D+00       0.32539D+00
       0.23400D+03       0.35309D-02       0.77710D+00       0.55107D+00       0.32394D+00
       0.23500D+03       0.35212D-02       0.61271D+00       0.55115D+00       0.32309D+00
       0.23600D+03       0.35459D-02       0.71616D+00       0.55079D+00       0.32228D+00
       0.23700D+03       0.35412D-02       0.79065D+00       0.55107D+00       0.32086D+00
       0.23800D+03       0.35311D-02       0.62589D+00       0.55116D+00       0.32004D+00
       0.23900D+03       0.35561D-02       0.73067D+00       0.55079D+00       0.31923D+00
       0.24000D+03       0.35514D-02       0.80442D+00       0.55108D+00       0.31784D+00
       0.24100D+03       0.35414D-02       0.63928D+00       0.55116D+00       0.31678D+00
       0.24200D+03       0.35665D-02       0.74537D+00       0.55080D+00       0.31591D+00
       0.24300D+03       0.35616D-02       0.81839D+00       0.55109D+00       0.31455D+00
       0.24400D+03       0.35517D-02       0.65286D+00       0.55116D+00       0.31351D+00
       0.24500D+03       0.35768D-02       0.76024D+00       0.55081D+00       0.31266D+00
       0.24600D+03       0.35718D-02       0.83252D+00       0.55109D+00       0.31133D+00
       0.24700D+03       0.35620D-02       0.66660D+00       0.55117D+00       0.31030D+00
       0.24800D+03       0.35872D-02       0.77524D+00       0.55082D+00       0.30951D+00
       0.24900D+03       0.35821D-02       0.84680D+00       0.55110D+00       0.30820D+00
       0.25000D+03       0.35723D-02       0.68047D+00       0.55117D+00       0.30719D+00
       0.25100D+03       0.35974D-02       0.79037D+00       0.55083D+00       0.30642D+00
       0.25200D+03       0.35922D-02       0.86119D+00       0.55110D+00       0.30514D+00
       0.25300D+03       0.35824D-02       0.69446D+00       0.55117D+00       0.30415D+00
       0.25400D+03       0.36075D-02       0.80559D+00       0.55084D+00       0.30340D+00
       0.25500D+03       0.36021D-02       0.87568D+00       0.55111D+00       0.30215D+00
       0.25600D+03       0.35924D-02       0.70853D+00       0.55118D+00       0.30118D+00
       0.25700D+03       0.36173D-02       0.82088D+00       0.55085D+00       0.30045D+00
       0.25800D+03       0.36119D-02       0.89023D+00       0.55112D+00       0.29922D+00
       0.25900D+03       0.36024D-02       0.72265D+00       0.55118D+00       0.29827D+00
       0.26000D+03       0.36271D-02       0.83620D+00       0.55086D+00       0.29756D+00
       0.26100D+03       0.36218D-02       0.90483D+00       0.55112D+00       0.29636D+00
       0.26200D+03       0.36123D-02       0.73681D+00       0.55118D+00       0.29543D+00
       0.26300D+03       0.36370D-02       0.85154D+00       0.55086D+00       0.29474D+00
       0.26400D+03       0.36317D-02       0.91942D+00       0.55113D+00       0.29356D+00
       0.26500D+03       0.36223D-02       0.75097D+00       0.55119D+00       0.29266D+00
       0.26600D+03       0.36468D-02       0.86686D+00       0.55087D+00       0.29198D+00
       0.26700D+03       0.36416D-02       0.93400D+00       0.55114D+00       0.29083D+00
       0.26800D+03       0.36322D-02       0.76510D+00       0.55119D+00       0.28978D+00
       0.26900D+03       0.36564D-02       0.88214D+00       0.55088D+00       0.28911D+00
       0.27000D+03       0.36512D-02       0.94853D+00       0.55114D+00       0.28806D+00
       0.27100D+03       0.36420D-02       0.77917D+00       0.55120D+00       0.28711D+00
       0.27200D+03       0.36661D-02       0.89734D+00       0.55089D+00       0.28646D+00
       0.27300D+03       0.36610D-02       0.96298D+00       0.55115D+00       0.28543D+00
       0.27400D+03       0.36518D-02       0.79315D+00       0.55120D+00       0.28450D+00
       0.27500D+03       0.36756D-02       0.91243D+00       0.55090D+00       0.28387D+00
       0.27600D+03       0.36706D-02       0.97731D+00       0.55115D+00       0.28285D+00
       0.27700D+03       0.36610D-02       0.80701D+00       0.55120D+00       0.28202D+00
       0.27800D+03       0.36848D-02       0.92739D+00       0.55091D+00       0.28140D+00
       0.27900D+03       0.36798D-02       0.99151D+00       0.55116D+00       0.28040D+00
       0.28000D+03       0.36702D-02       0.82073D+00       0.55121D+00       0.27958D+00
       0.28100D+03       0.36937D-02       0.94219D+00       0.55092D+00       0.27897D+00
       0.28200D+03       0.36888D-02       0.10055D+01       0.55117D+00       0.27799D+00
       0.28300D+03       0.36791D-02       0.83426D+00       0.55121D+00       0.27718D+00
       0.28400D+03       0.37021D-02       0.95679D+00       0.55092D+00       0.27659D+00
       0.28500D+03       0.36974D-02       0.10194D+01       0.55117D+00       0.27562D+00
       0.28600D+03       0.36876D-02       0.84759D+00       0.55122D+00       0.27483D+00
       0.28700D+03       0.37104D-02       0.97117D+00       0.55093D+00       0.27425D+00
       0.28800D+03       0.37058D-02       0.10329D+01       0.55118D+00       0.27330D+00
       0.28900D+03       0.36961D-02       0.86068D+00       0.55122D+00       0.27253D+00
       0.29000D+03       0.37185D-02       0.98530D+00       0.55094D+00       0.27196D+00
       0.29100D+03       0.37140D-02       0.10463D+01       0.55119D+00       0.27103D+00
       0.29200D+03       0.37043D-02       0.87350D+00       0.55123D+00       0.27027D+00
       0.29300D+03       0.37262D-02       0.99915D+00       0.55095D+00       0.26971D+00
       0.29400D+03       0.37220D-02       0.10593D+01       0.55119D+00       0.26880D+00
       0.29500D+03       0.37125D-02       0.88602D+00       0.55123D+00       0.26805D+00
       0.29600D+03       0.37339D-02       0.10127D+01       0.55096D+00       0.26751D+00
       0.29700D+03       0.37300D-02       0.10720D+01       0.55120D+00       0.26661D+00
       0.29800D+03       0.37195D-02       0.89821D+00       0.55123D+00       0.26588D+00
       0.29900D+03       0.37404D-02       0.10259D+01       0.55096D+00       0.26528D+00
       0.30000D+03       0.37367D-02       0.10844D+01       0.55120D+00       0.26439D+00
       0.30100D+03       0.37269D-02       0.91005D+00       0.55124D+00       0.26367D+00
       0.30200D+03       0.37473D-02       0.10387D+01       0.55097D+00       0.26309D+00
       0.30300D+03       0.37438D-02       0.10964D+01       0.55121D+00       0.26216D+00
       0.30400D+03       0.37335D-02       0.92151D+00       0.55124D+00       0.26145D+00
       0.30500D+03       0.37534D-02       0.10512D+01       0.55098D+00       0.26087D+00
       0.30600D+03       0.37499D-02       0.11080D+01       0.55122D+00       0.25996D+00
       0.30700D+03       0.37398D-02       0.93255D+00       0.55125D+00       0.25926D+00
       0.30800D+03       0.37591D-02       0.10632D+01       0.55099D+00       0.25870D+00
       0.30900D+03       0.37558D-02       0.11192D+01       0.55122D+00       0.25780D+00
       0.31000D+03       0.37456D-02       0.94316D+00       0.55125D+00       0.25711D+00
       0.31100D+03       0.37644D-02       0.10747D+01       0.55100D+00       0.25656D+00
       0.31200D+03       0.37614D-02       0.11299D+01       0.55123D+00       0.25567D+00
       0.31300D+03       0.37512D-02       0.95331D+00       0.55126D+00       0.25494D+00
       0.31400D+03       0.37695D-02       0.10858D+01       0.55100D+00       0.25440D+00
       0.31500D+03       0.37667D-02       0.11401D+01       0.55123D+00       0.25353D+00
       0.31600D+03       0.37566D-02       0.96297D+00       0.55126D+00       0.25281D+00
       0.31700D+03       0.37743D-02       0.10965D+01       0.55101D+00       0.25228D+00
       0.31800D+03       0.37720D-02       0.11498D+01       0.55124D+00       0.25143D+00
       0.31900D+03       0.37618D-02       0.97212D+00       0.55127D+00       0.25063D+00
       0.32000D+03       0.37790D-02       0.11065D+01       0.55102D+00       0.25010D+00
       0.32100D+03       0.37771D-02       0.11590D+01       0.55125D+00       0.24926D+00
       0.32200D+03       0.37669D-02       0.98074D+00       0.55127D+00       0.24848D+00
       0.32300D+03       0.37836D-02       0.11161D+01       0.55103D+00       0.24798D+00
       0.32400D+03       0.37821D-02       0.11676D+01       0.55125D+00       0.24715D+00
       0.32500D+03       0.37717D-02       0.98880D+00       0.55127D+00       0.24638D+00
       0.32600D+03       0.37880D-02       0.11251D+01       0.55103D+00       0.24589D+00
       0.32700D+03       0.37868D-02       0.11757D+01       0.55126D+00       0.24508D+00
       0.32800D+03       0.37765D-02       0.99630D+00       0.55128D+00       0.24433D+00
       0.32900D+03       0.37921D-02       0.11335D+01       0.55104D+00       0.24384D+00
       0.33000D+03       0.37912D-02       0.11832D+01       0.55126D+00       0.24304D+00
       0.33100D+03       0.37809D-02       0.10032D+01       0.55128D+00       0.24231D+00
       0.33200D+03       0.37959D-02       0.11413D+01       0.55105D+00       0.24183D+00
       0.33300D+03       0.37954D-02       0.11901D+01       0.55127D+00       0.24105D+00
       0.33400D+03       0.37852D-02       0.10095D+01       0.55129D+00       0.24033D+00
       0.33500D+03       0.37996D-02       0.11485D+01       0.55106D+00       0.23986D+00
       0.33600D+03       0.37994D-02       0.11964D+01       0.55128D+00       0.23908D+00
       0.33700D+03       0.37892D-02       0.10152D+01       0.55129D+00       0.23837D+00
       0.33800D+03       0.38031D-02       0.11551D+01       0.55106D+00       0.23791D+00
       0.33900D+03       0.38034D-02       0.12020D+01       0.55128D+00       0.23714D+00
       0.34000D+03       0.37931D-02       0.10202D+01       0.55130D+00       0.23645D+00
       0.34100D+03       0.38065D-02       0.11611D+01       0.55107D+00       0.23599D+00
       0.34200D+03       0.38072D-02       0.12070D+01       0.55129D+00       0.23524D+00
       0.34300D+03       0.37969D-02       0.10245D+01       0.55130D+00       0.23457D+00
       0.34400D+03       0.38098D-02       0.11663D+01       0.55108D+00       0.23412D+00
       0.34500D+03       0.38108D-02       0.12113D+01       0.55129D+00       0.23338D+00
       0.34600D+03       0.38006D-02       0.10283D+01       0.55130D+00       0.23272D+00
       0.34700D+03       0.38128D-02       0.11709D+01       0.55108D+00       0.23228D+00
       0.34800D+03       0.38143D-02       0.12149D+01       0.55130D+00       0.23155D+00
       0.34900D+03       0.38042D-02       0.10313D+01       0.55131D+00       0.23090D+00
       0.35000D+03       0.38158D-02       0.11749D+01       0.55109D+00       0.23047D+00
       0.35100D+03       0.38175D-02       0.12179D+01       0.55130D+00       0.22975D+00
       0.35200D+03       0.38077D-02       0.10336D+01       0.55131D+00       0.22912D+00
       0.35300D+03       0.38187D-02       0.11781D+01       0.55110D+00       0.22869D+00
       0.35400D+03       0.38207D-02       0.12202D+01       0.55131D+00       0.22799D+00
       0.35500D+03       0.38110D-02       0.10353D+01       0.55132D+00       0.22736D+00
       0.35600D+03       0.38214D-02       0.11807D+01       0.55111D+00       0.22694D+00
       0.35700D+03       0.38239D-02       0.12218D+01       0.55131D+00       0.22625D+00
       0.35800D+03       0.38142D-02       0.10363D+01       0.55132D+00       0.22564D+00
       0.35900D+03       0.38242D-02       0.11826D+01       0.55111D+00       0.22523D+00
       0.36000D+03       0.38271D-02       0.12227D+01       0.55132D+00       0.22455D+00
       0.36100D+03       0.38174D-02       0.10365D+01       0.55132D+00       0.22394D+00
       0.36200D+03       0.38270D-02       0.11837D+01       0.55112D+00       0.22355D+00
       0.36300D+03       0.38302D-02       0.12228D+01       0.55132D+00       0.22287D+00
       0.36400D+03       0.38206D-02       0.10361D+01       0.55133D+00       0.22228D+00
       0.36500D+03       0.38297D-02       0.11842D+01       0.55112D+00       0.22189D+00
       0.36600D+03       0.38333D-02       0.12223D+01       0.55133D+00       0.22123D+00
       0.36700D+03       0.38238D-02       0.10350D+01       0.55133D+00       0.22065D+00
       0.36800D+03       0.38323D-02       0.11840D+01       0.55113D+00       0.22026D+00
       0.36900D+03       0.38364D-02       0.12211D+01       0.55133D+00       0.21961D+00
       0.37000D+03       0.38269D-02       0.10331D+01       0.55133D+00       0.21903D+00
       0.37100D+03       0.38349D-02       0.11830D+01       0.55114D+00       0.21865D+00
       0.37200D+03       0.38394D-02       0.12192D+01       0.55134D+00       0.21801D+00
       0.37300D+03       0.38300D-02       0.10306D+01       0.55134D+00       0.21745D+00
       0.37400D+03       0.38375D-02       0.11814D+01       0.55114D+00       0.21707D+00
       0.37500D+03       0.38424D-02       0.12166D+01       0.55134D+00       0.21644D+00
       0.37600D+03       0.38329D-02       0.10274D+01       0.55134D+00       0.21588D+00
       0.37700D+03       0.38401D-02       0.11791D+01       0.55115D+00       0.21551D+00
       0.37800D+03       0.38454D-02       0.12134D+01       0.55135D+00       0.21489D+00
       0.37900D+03       0.38359D-02       0.10235D+01       0.55134D+00       0.21434D+00
       0.38000D+03       0.38427D-02       0.11761D+01       0.55115D+00       0.21398D+00
       0.38100D+03       0.38483D-02       0.12094D+01       0.55135D+00       0.21336D+00
       0.38200D+03       0.38389D-02       0.10189D+01       0.55135D+00       0.21282D+00
       0.38300D+03       0.38452D-02       0.11724D+01       0.55116D+00       0.21246D+00
       0.38400D+03       0.38512D-02       0.12048D+01       0.55136D+00       0.21186D+00
       0.38500D+03       0.38418D-02       0.10136D+01       0.55135D+00       0.21133D+00
       0.38600D+03       0.38478D-02       0.11681D+01       0.55117D+00       0.21097D+00
       0.38700D+03       0.38542D-02       0.11995D+01       0.55136D+00       0.21035D+00
       0.38800D+03       0.38449D-02       0.10077D+01       0.55135D+00       0.20982D+00
       0.38900D+03       0.38504D-02       0.11631D+01       0.55117D+00       0.20948D+00
       0.39000D+03       0.38572D-02       0.11936D+01       0.55137D+00       0.20886D+00
       0.39100D+03       0.38479D-02       0.10012D+01       0.55136D+00       0.20834D+00
       0.39200D+03       0.38531D-02       0.11574D+01       0.55118D+00       0.20800D+00
       0.39300D+03       0.38603D-02       0.11870D+01       0.55137D+00       0.20740D+00
       0.39400D+03       0.38511D-02       0.99397D+00       0.55136D+00       0.20688D+00
       0.39500D+03       0.38559D-02       0.11512D+01       0.55118D+00       0.20655D+00
       0.39600D+03       0.38635D-02       0.11798D+01       0.55137D+00       0.20595D+00
       0.39700D+03       0.38543D-02       0.98617D+00       0.55136D+00       0.20544D+00
       0.39800D+03       0.38587D-02       0.11443D+01       0.55119D+00       0.20511D+00
       0.39900D+03       0.38667D-02       0.11720D+01       0.55138D+00       0.20452D+00
       0.40000D+03       0.38575D-02       0.97778D+00       0.55137D+00       0.20403D+00
       0.40100D+03       0.38616D-02       0.11368D+01       0.55119D+00       0.20371D+00
       0.40200D+03       0.38699D-02       0.11637D+01       0.55138D+00       0.20313D+00
       0.40300D+03       0.38607D-02       0.96880D+00       0.55137D+00       0.20264D+00
       0.40400D+03       0.38645D-02       0.11287D+01       0.55120D+00       0.20232D+00
       0.40500D+03       0.38732D-02       0.11547D+01       0.55138D+00       0.20175D+00
       0.40600D+03       0.38641D-02       0.95927D+00       0.55137D+00       0.20127D+00
       0.40700D+03       0.38675D-02       0.11201D+01       0.55120D+00       0.20095D+00
       0.40800D+03       0.38765D-02       0.11453D+01       0.55139D+00       0.20039D+00
       0.40900D+03       0.38675D-02       0.94919D+00       0.55137D+00       0.19992D+00
       0.41000D+03       0.38707D-02       0.11110D+01       0.55121D+00       0.19961D+00
       0.41100D+03       0.38800D-02       0.11353D+01       0.55139D+00       0.19905D+00
       0.41200D+03       0.38710D-02       0.93860D+00       0.55138D+00       0.19858D+00
       0.41300D+03       0.38740D-02       0.11013D+01       0.55121D+00       0.19828D+00
       0.41400D+03       0.38836D-02       0.11248D+01       0.55139D+00       0.19773D+00
       0.41500D+03       0.38746D-02       0.92751D+00       0.55138D+00       0.19730D+00
       0.41600D+03       0.38775D-02       0.10912D+01       0.55121D+00       0.19700D+00
       0.41700D+03       0.38873D-02       0.11138D+01       0.55140D+00       0.19646D+00
       0.41800D+03       0.38783D-02       0.91595D+00       0.55138D+00       0.19606D+00
       0.41900D+03       0.38809D-02       0.10805D+01       0.55122D+00       0.19576D+00
       0.42000D+03       0.38909D-02       0.11024D+01       0.55140D+00       0.19523D+00
       0.42100D+03       0.38819D-02       0.90394D+00       0.55138D+00       0.19483D+00
       0.42200D+03       0.38843D-02       0.10695D+01       0.55122D+00       0.19454D+00
       0.42300D+03       0.38945D-02       0.10906D+01       0.55140D+00       0.19401D+00
       0.42400D+03       0.38856D-02       0.89151D+00       0.55138D+00       0.19363D+00
       0.42500D+03       0.38877D-02       0.10580D+01       0.55123D+00       0.19335D+00
       0.42600D+03       0.38981D-02       0.10784D+01       0.55141D+00       0.19283D+00
       0.42700D+03       0.38892D-02       0.87869D+00       0.55139D+00       0.19245D+00
       0.42800D+03       0.38912D-02       0.10461D+01       0.55123D+00       0.19217D+00
       0.42900D+03       0.39014D-02       0.10658D+01       0.55141D+00       0.19166D+00
       0.43000D+03       0.38929D-02       0.86550D+00       0.55139D+00       0.19128D+00
       0.43100D+03       0.38948D-02       0.10338D+01       0.55124D+00       0.19101D+00
       0.43200D+03       0.39051D-02       0.10528D+01       0.55141D+00       0.19050D+00
       0.43300D+03       0.38967D-02       0.85197D+00       0.55139D+00       0.19013D+00
       0.43400D+03       0.38984D-02       0.10212D+01       0.55124D+00       0.18987D+00
       0.43500D+03       0.39096D-02       0.10395D+01       0.55142D+00       0.18940D+00
       0.43600D+03       0.39011D-02       0.83813D+00       0.55139D+00       0.18904D+00
       0.43700D+03       0.39028D-02       0.10084D+01       0.55124D+00       0.18878D+00
       0.43800D+03       0.39141D-02       0.10260D+01       0.55142D+00       0.18832D+00
       0.43900D+03       0.39057D-02       0.82401D+00       0.55139D+00       0.18797D+00
       0.44000D+03       0.39073D-02       0.99518D+00       0.55125D+00       0.18771D+00
       0.44100D+03       0.39188D-02       0.10122D+01       0.55142D+00       0.18725D+00
       0.44200D+03       0.39103D-02       0.80963D+00       0.55140D+00       0.18691D+00
       0.44300D+03       0.39118D-02       0.98176D+00       0.55125D+00       0.18665D+00
       0.44400D+03       0.39235D-02       0.99815D+00       0.55142D+00       0.18620D+00
       0.44500D+03       0.39150D-02       0.79503D+00       0.55140D+00       0.18586D+00
       0.44600D+03       0.39164D-02       0.96812D+00       0.55125D+00       0.18561D+00
       0.44700D+03       0.39282D-02       0.98391D+00       0.55142D+00       0.18516D+00
       0.44800D+03       0.39202D-02       0.78023D+00       0.55140D+00       0.18483D+00
       0.44900D+03       0.39214D-02       0.95429D+00       0.55126D+00       0.18458D+00
       0.45000D+03       0.39332D-02       0.96951D+00       0.55143D+00       0.18414D+00
       0.45100D+03       0.39248D-02       0.76527D+00       0.55140D+00       0.18379D+00
       0.45200D+03       0.39260D-02       0.94029D+00       0.55126D+00       0.18355D+00
       0.45300D+03       0.39377D-02       0.95497D+00       0.55143D+00       0.18311D+00
       0.45400D+03       0.39293D-02       0.75017D+00       0.55140D+00       0.18277D+00
       0.45500D+03       0.39305D-02       0.92616D+00       0.55126D+00       0.18254D+00
       0.45600D+03       0.39421D-02       0.94032D+00       0.55143D+00       0.18211D+00
       0.45700D+03       0.39337D-02       0.73496D+00       0.55140D+00       0.18177D+00
       0.45800D+03       0.39348D-02       0.91194D+00       0.55126D+00       0.18154D+00
       0.45900D+03       0.39463D-02       0.92558D+00       0.55143D+00       0.18111D+00
       0.46000D+03       0.39379D-02       0.71968D+00       0.55140D+00       0.18078D+00
       0.46100D+03       0.39390D-02       0.89764D+00       0.55127D+00       0.18055D+00
       0.46200D+03       0.39505D-02       0.91080D+00       0.55143D+00       0.18012D+00
       0.46300D+03       0.39421D-02       0.70435D+00       0.55140D+00       0.17980D+00
       0.46400D+03       0.39433D-02       0.88329D+00       0.55127D+00       0.17957D+00
       0.46500D+03       0.39547D-02       0.89600D+00       0.55144D+00       0.17915D+00
       0.46600D+03       0.39463D-02       0.68900D+00       0.55140D+00       0.17883D+00
       0.46700D+03       0.39475D-02       0.86894D+00       0.55127D+00       0.17860D+00
       0.46800D+03       0.39588D-02       0.88120D+00       0.55144D+00       0.17819D+00
       0.46900D+03       0.39503D-02       0.67365D+00       0.55140D+00       0.17788D+00
       0.47000D+03       0.39516D-02       0.85460D+00       0.55127D+00       0.17765D+00
       0.47100D+03       0.39627D-02       0.86644D+00       0.55144D+00       0.17725D+00
       0.47200D+03       0.39543D-02       0.65835D+00       0.55140D+00       0.17694D+00
       0.47300D+03       0.39555D-02       0.84030D+00       0.55128D+00       0.17672D+00
       0.47400D+03       0.39660D-02       0.85175D+00       0.55144D+00       0.17632D+00
       0.47500D+03       0.39580D-02       0.64310D+00       0.55140D+00       0.17601D+00
       0.47600D+03       0.39593D-02       0.82607D+00       0.55128D+00       0.17580D+00
       0.47700D+03       0.39696D-02       0.83714D+00       0.55144D+00       0.17540D+00
       0.47800D+03       0.39615D-02       0.62794D+00       0.55140D+00       0.17510D+00
       0.47900D+03       0.39628D-02       0.81194D+00       0.55128D+00       0.17488D+00
       0.48000D+03       0.39731D-02       0.82265D+00       0.55144D+00       0.17449D+00
       0.48100D+03       0.39650D-02       0.61290D+00       0.55140D+00       0.17419D+00
       0.48200D+03       0.39663D-02       0.79793D+00       0.55128D+00       0.17398D+00
       0.48300D+03       0.39765D-02       0.80830D+00       0.55144D+00       0.17362D+00
       0.48400D+03       0.39683D-02       0.59800D+00       0.55140D+00       0.17333D+00
       0.48500D+03       0.39696D-02       0.78408D+00       0.55128D+00       0.17312D+00
       0.48600D+03       0.39796D-02       0.79411D+00       0.55144D+00       0.17276D+00
       0.48700D+03       0.39714D-02       0.58326D+00       0.55140D+00       0.17247D+00
       0.48800D+03       0.39729D-02       0.77039D+00       0.55128D+00       0.17227D+00
       0.48900D+03       0.39827D-02       0.78011D+00       0.55144D+00       0.17193D+00
       0.49000D+03       0.39744D-02       0.56871D+00       0.55140D+00       0.17164D+00
       0.49100D+03       0.39760D-02       0.75690D+00       0.55129D+00       0.17145D+00
       0.49200D+03       0.39856D-02       0.76633D+00       0.55144D+00       0.17111D+00
       0.49300D+03       0.39772D-02       0.55436D+00       0.55140D+00       0.17083D+00
       0.49400D+03       0.39789D-02       0.74363D+00       0.55129D+00       0.17063D+00
       0.49500D+03       0.39883D-02       0.75277D+00       0.55144D+00       0.17029D+00
       0.49600D+03       0.39799D-02       0.54025D+00       0.55140D+00       0.17002D+00
       0.49700D+03       0.39817D-02       0.73060D+00       0.55129D+00       0.16982D+00
       0.49800D+03       0.39908D-02       0.73946D+00       0.55144D+00       0.16949D+00
       0.49900D+03       0.39823D-02       0.52637D+00       0.55140D+00       0.16921D+00
       0.50000D+03       0.39842D-02       0.71783D+00       0.55129D+00       0.16902D+00
       0.50100D+03       0.39930D-02       0.72643D+00       0.55144D+00       0.16869D+00
       0.50200D+03       0.39845D-02       0.51276D+00       0.55140D+00       0.16842D+00
       0.50300D+03       0.39864D-02       0.70533D+00       0.55129D+00       0.16823D+00
       0.50400D+03       0.39947D-02       0.71367D+00       0.55144D+00       0.16790D+00
       0.50500D+03       0.39864D-02       0.49943D+00       0.55140D+00       0.16763D+00
       0.50600D+03       0.39884D-02       0.69312D+00       0.55129D+00       0.16744D+00
       0.50700D+03       0.39965D-02       0.70122D+00       0.55144D+00       0.16712D+00
       0.50800D+03       0.39882D-02       0.48640D+00       0.55140D+00       0.16682D+00
       0.50900D+03       0.39902D-02       0.68123D+00       0.55129D+00       0.16663D+00
       0.51000D+03       0.39981D-02       0.68908D+00       0.55144D+00       0.16631D+00
       0.51100D+03       0.39897D-02       0.47367D+00       0.55140D+00       0.16601D+00
       0.51200D+03       0.39918D-02       0.66965D+00       0.55129D+00       0.16583D+00
       0.51300D+03       0.39994D-02       0.67727D+00       0.55144D+00       0.16551D+00
       0.51400D+03       0.39909D-02       0.46126D+00       0.55140D+00       0.16525D+00
       0.51500D+03       0.39932D-02       0.65841D+00       0.55129D+00       0.16507D+00
       0.51600D+03       0.40004D-02       0.66579D+00       0.55144D+00       0.16475D+00
       0.51700D+03       0.39919D-02       0.44918D+00       0.55140D+00       0.16449D+00
       0.51800D+03       0.39942D-02       0.64751D+00       0.55129D+00       0.16431D+00
       0.51900D+03       0.40010D-02       0.65466D+00       0.55144D+00       0.16400D+00
       0.52000D+03       0.39925D-02       0.43744D+00       0.55140D+00       0.16374D+00
       0.52100D+03       0.39949D-02       0.63697D+00       0.55129D+00       0.16361D+00
       0.52200D+03       0.40014D-02       0.64388D+00       0.55144D+00       0.16330D+00
       0.52300D+03       0.39928D-02       0.42604D+00       0.55140D+00       0.16301D+00
       0.52400D+03       0.39954D-02       0.62678D+00       0.55129D+00       0.16289D+00
       0.52500D+03       0.40015D-02       0.63345D+00       0.55144D+00       0.16258D+00
       0.52600D+03       0.39928D-02       0.41499D+00       0.55140D+00       0.16230D+00
       0.52700D+03       0.39955D-02       0.61695D+00       0.55130D+00       0.16218D+00
       0.52800D+03       0.40013D-02       0.62338D+00       0.55144D+00       0.16187D+00
       0.52900D+03       0.39926D-02       0.40428D+00       0.55140D+00       0.16160D+00
       0.53000D+03       0.39955D-02       0.60749D+00       0.55130D+00       0.16148D+00
       0.53100D+03       0.40006D-02       0.61367D+00       0.55144D+00       0.16113D+00
       0.53200D+03       0.39920D-02       0.39393D+00       0.55139D+00       0.16086D+00
       0.53300D+03       0.39951D-02       0.59839D+00       0.55130D+00       0.16075D+00
       0.53400D+03       0.39999D-02       0.60432D+00       0.55144D+00       0.16040D+00
       0.53500D+03       0.39913D-02       0.38393D+00       0.55139D+00       0.16014D+00
       0.53600D+03       0.39945D-02       0.58967D+00       0.55130D+00       0.16003D+00
       0.53700D+03       0.39991D-02       0.59533D+00       0.55144D+00       0.15968D+00
       0.53800D+03       0.39905D-02       0.37427D+00       0.55139D+00       0.15942D+00
       0.53900D+03       0.39938D-02       0.58130D+00       0.55130D+00       0.15939D+00
       0.54000D+03       0.39982D-02       0.58669D+00       0.55144D+00       0.15905D+00
       0.54100D+03       0.39895D-02       0.36496D+00       0.55139D+00       0.15879D+00
       0.54200D+03       0.39929D-02       0.57329D+00       0.55130D+00       0.15867D+00
       0.54300D+03       0.39971D-02       0.57839D+00       0.55144D+00       0.15833D+00
       0.54400D+03       0.39883D-02       0.35599D+00       0.55139D+00       0.15808D+00
       0.54500D+03       0.39918D-02       0.56563D+00       0.55130D+00       0.15796D+00
       0.54600D+03       0.39956D-02       0.57043D+00       0.55144D+00       0.15762D+00
       0.54700D+03       0.39868D-02       0.34734D+00       0.55139D+00       0.15738D+00
       0.54800D+03       0.39904D-02       0.55831D+00       0.55130D+00       0.15726D+00
       0.54900D+03       0.39940D-02       0.56280D+00       0.55144D+00       0.15692D+00
       0.55000D+03       0.39851D-02       0.33901D+00       0.55139D+00       0.15668D+00
       0.55100D+03       0.39889D-02       0.55133D+00       0.55130D+00       0.15657D+00
       0.55200D+03       0.39922D-02       0.55549D+00       0.55144D+00       0.15622D+00
       0.55300D+03       0.39833D-02       0.33099D+00       0.55138D+00       0.15596D+00
       0.55400D+03       0.39871D-02       0.54467D+00       0.55130D+00       0.15585D+00
       0.55500D+03       0.39901D-02       0.54848D+00       0.55144D+00       0.15560D+00
       0.55600D+03       0.39814D-02       0.32327D+00       0.55138D+00       0.15547D+00
       0.55700D+03       0.39853D-02       0.53831D+00       0.55130D+00       0.15545D+00
       0.55800D+03       0.39882D-02       0.54175D+00       0.55144D+00       0.15521D+00
       0.55900D+03       0.39794D-02       0.31583D+00       0.55138D+00       0.15502D+00
       0.56000D+03       0.39833D-02       0.53225D+00       0.55129D+00       0.15500D+00
       0.56100D+03       0.39861D-02       0.53530D+00       0.55143D+00       0.15472D+00
       0.56200D+03       0.39773D-02       0.30865D+00       0.55138D+00       0.15460D+00
       0.56300D+03       0.39812D-02       0.52646D+00       0.55129D+00       0.15458D+00
       0.56400D+03       0.39839D-02       0.52910D+00       0.55143D+00       0.15434D+00
       0.56500D+03       0.39750D-02       0.30172D+00       0.55138D+00       0.15421D+00
       0.56600D+03       0.39791D-02       0.52093D+00       0.55129D+00       0.15419D+00
       0.56700D+03       0.39816D-02       0.52314D+00       0.55143D+00       0.15399D+00
       0.56800D+03       0.39727D-02       0.29502D+00       0.55138D+00       0.15386D+00
       0.56900D+03       0.39768D-02       0.51563D+00       0.55129D+00       0.15384D+00
       0.57000D+03       0.39791D-02       0.51739D+00       0.55143D+00       0.15364D+00
       0.57100D+03       0.39702D-02       0.28853D+00       0.55137D+00       0.15351D+00
       0.57200D+03       0.39745D-02       0.51055D+00       0.55129D+00       0.15350D+00
       0.57300D+03       0.39768D-02       0.51183D+00       0.55143D+00       0.15328D+00
       0.57400D+03       0.39678D-02       0.28223D+00       0.55137D+00       0.15318D+00
       0.57500D+03       0.39721D-02       0.50567D+00       0.55129D+00       0.15317D+00
       0.57600D+03       0.39744D-02       0.50645D+00       0.55143D+00       0.15295D+00
       0.57700D+03       0.39654D-02       0.27610D+00       0.55137D+00       0.15289D+00
       0.57800D+03       0.39698D-02       0.50096D+00       0.55129D+00       0.15288D+00
       0.57900D+03       0.39731D-02       0.50121D+00       0.55143D+00       0.15261D+00
       0.58000D+03       0.39643D-02       0.27012D+00       0.55137D+00       0.15246D+00
       0.58100D+03       0.39687D-02       0.49639D+00       0.55129D+00       0.15246D+00
       0.58200D+03       0.39718D-02       0.49610D+00       0.55143D+00       0.15219D+00
       0.58300D+03       0.39630D-02       0.26426D+00       0.55137D+00       0.15203D+00
       0.58400D+03       0.39673D-02       0.49195D+00       0.55129D+00       0.15202D+00
       0.58500D+03       0.39702D-02       0.49109D+00       0.55142D+00       0.15175D+00
       0.58600D+03       0.39614D-02       0.25850D+00       0.55136D+00       0.15160D+00
       0.58700D+03       0.39657D-02       0.48761D+00       0.55129D+00       0.15150D+00
       0.58800D+03       0.39685D-02       0.48614D+00       0.55142D+00       0.15122D+00
       0.58900D+03       0.39596D-02       0.25282D+00       0.55136D+00       0.15106D+00
       0.59000D+03       0.39639D-02       0.48334D+00       0.55129D+00       0.15096D+00
       0.59100D+03       0.39666D-02       0.48125D+00       0.55142D+00       0.15069D+00
       0.59200D+03       0.39578D-02       0.24718D+00       0.55136D+00       0.15052D+00
       0.59300D+03       0.39620D-02       0.47911D+00       0.55129D+00       0.15043D+00
       0.59400D+03       0.39646D-02       0.47637D+00       0.55142D+00       0.15015D+00
       0.59500D+03       0.39558D-02       0.24158D+00       0.55136D+00       0.14998D+00
       0.59600D+03       0.39601D-02       0.47490D+00       0.55129D+00       0.14989D+00
       0.59700D+03       0.39626D-02       0.47149D+00       0.55142D+00       0.14961D+00
       0.59800D+03       0.39538D-02       0.23597D+00       0.55136D+00       0.14942D+00
       0.59900D+03       0.39583D-02       0.47067D+00       0.55129D+00       0.14933D+00
       0.60000D+03       0.39608D-02       0.46657D+00       0.55142D+00       0.14906D+00
       0.60100D+03       0.39519D-02       0.23033D+00       0.55135D+00       0.14887D+00
       0.60200D+03       0.39563D-02       0.46641D+00       0.55128D+00       0.14878D+00
       0.60300D+03       0.39587D-02       0.46159D+00       0.55141D+00       0.14850D+00
       0.60400D+03       0.39498D-02       0.22465D+00       0.55135D+00       0.14830D+00
       0.60500D+03       0.39541D-02       0.46209D+00       0.55128D+00       0.14821D+00
       0.60600D+03       0.39565D-02       0.45651D+00       0.55141D+00       0.14794D+00
       0.60700D+03       0.39478D-02       0.21888D+00       0.55135D+00       0.14779D+00
       0.60800D+03       0.39520D-02       0.45766D+00       0.55128D+00       0.14770D+00
       0.60900D+03       0.39544D-02       0.45132D+00       0.55141D+00       0.14743D+00
       0.61000D+03       0.39457D-02       0.21301D+00       0.55135D+00       0.14727D+00
       0.61100D+03       0.39498D-02       0.45312D+00       0.55128D+00       0.14718D+00
       0.61200D+03       0.39521D-02       0.44598D+00       0.55141D+00       0.14691D+00
       0.61300D+03       0.39434D-02       0.20701D+00       0.55134D+00       0.14675D+00
       0.61400D+03       0.39474D-02       0.44842D+00       0.55128D+00       0.14667D+00
       0.61500D+03       0.39499D-02       0.44047D+00       0.55141D+00       0.14640D+00
       0.61600D+03       0.39412D-02       0.20085D+00       0.55134D+00       0.14625D+00
       0.61700D+03       0.39451D-02       0.44354D+00       0.55128D+00       0.14616D+00
       0.61800D+03       0.39475D-02       0.43476D+00       0.55141D+00       0.14590D+00
       0.61900D+03       0.39389D-02       0.19451D+00       0.55134D+00       0.14575D+00
       0.62000D+03       0.39427D-02       0.43846D+00       0.55128D+00       0.14567D+00
       0.62100D+03       0.39450D-02       0.42881D+00       0.55140D+00       0.14541D+00
       0.62200D+03       0.39363D-02       0.18796D+00       0.55134D+00       0.14526D+00
       0.62300D+03       0.39400D-02       0.43314D+00       0.55128D+00       0.14518D+00
       0.62400D+03       0.39422D-02       0.42261D+00       0.55140D+00       0.14492D+00
       0.62500D+03       0.39336D-02       0.18117D+00       0.55133D+00       0.14477D+00
       0.62600D+03       0.39370D-02       0.42757D+00       0.55127D+00       0.14469D+00
       0.62700D+03       0.39393D-02       0.41613D+00       0.55140D+00       0.14443D+00
       0.62800D+03       0.39307D-02       0.17413D+00       0.55133D+00       0.14429D+00
       0.62900D+03       0.39340D-02       0.42170D+00       0.55127D+00       0.14421D+00
       0.63000D+03       0.39379D-02       0.40935D+00       0.55140D+00       0.14397D+00
       0.63100D+03       0.39294D-02       0.16680D+00       0.55133D+00       0.14381D+00
       0.63200D+03       0.39328D-02       0.41552D+00       0.55127D+00       0.14374D+00
       0.63300D+03       0.39366D-02       0.40223D+00       0.55139D+00       0.14350D+00
       0.63400D+03       0.39283D-02       0.15917D+00       0.55133D+00       0.14333D+00
       0.63500D+03       0.39316D-02       0.40901D+00       0.55127D+00       0.14330D+00
       0.63600D+03       0.39354D-02       0.39476D+00       0.55139D+00       0.14307D+00
       0.63700D+03       0.39270D-02       0.15121D+00       0.55132D+00       0.14291D+00
       0.63800D+03       0.39302D-02       0.40214D+00       0.55127D+00       0.14287D+00
       0.63900D+03       0.39339D-02       0.38691D+00       0.55139D+00       0.14264D+00
       0.64000D+03       0.39255D-02       0.14291D+00       0.55132D+00       0.14248D+00
       0.64100D+03       0.39286D-02       0.39489D+00       0.55127D+00       0.14232D+00
       0.64200D+03       0.39323D-02       0.37867D+00       0.55139D+00       0.14209D+00
       0.64300D+03       0.39240D-02       0.13423D+00       0.55132D+00       0.14191D+00
       0.64400D+03       0.39268D-02       0.38723D+00       0.55126D+00       0.14176D+00
       0.64500D+03       0.39306D-02       0.37000D+00       0.55139D+00       0.14153D+00
       0.64600D+03       0.39223D-02       0.12516D+00       0.55132D+00       0.14137D+00
       0.64700D+03       0.39249D-02       0.37915D+00       0.55126D+00       0.14121D+00
       0.64800D+03       0.39286D-02       0.36090D+00       0.55138D+00       0.14098D+00
       0.64900D+03       0.39204D-02       0.11569D+00       0.55131D+00       0.14083D+00
       0.65000D+03       0.39227D-02       0.37063D+00       0.55126D+00       0.14067D+00
       0.65100D+03       0.39264D-02       0.35134D+00       0.55138D+00       0.14044D+00
       0.65200D+03       0.39182D-02       0.10579D+00       0.55131D+00       0.14029D+00
       0.65300D+03       0.39203D-02       0.36165D+00       0.55126D+00       0.14026D+00
       0.65400D+03       0.39241D-02       0.34132D+00       0.55138D+00       0.14003D+00
       0.65500D+03       0.39160D-02       0.95451D-01       0.55131D+00       0.13988D+00
       0.65600D+03       0.39179D-02       0.35220D+00       0.55126D+00       0.14088D+00
       0.65700D+03       0.39216D-02       0.33081D+00       0.55138D+00       0.14065D+00
       0.65800D+03       0.39137D-02       0.84658D-01       0.55130D+00       0.14050D+00
       0.65900D+03       0.39154D-02       0.34227D+00       0.55126D+00       0.14150D+00
       0.66000D+03       0.39191D-02       0.31981D+00       0.55137D+00       0.14127D+00
       0.66100D+03       0.39112D-02       0.73399D-01       0.55130D+00       0.14112D+00
       0.66200D+03       0.39128D-02       0.33183D+00       0.55125D+00       0.14211D+00
       0.66300D+03       0.39166D-02       0.30830D+00       0.55137D+00       0.14188D+00
       0.66400D+03       0.39088D-02       0.61662D-01       0.55130D+00       0.14173D+00
       0.66500D+03       0.39101D-02       0.32089D+00       0.55125D+00       0.14271D+00
       0.66600D+03       0.39139D-02       0.29627D+00       0.55137D+00       0.14248D+00
       0.66700D+03       0.39061D-02       0.49440D-01       0.55129D+00       0.14233D+00
       0.66800D+03       0.39072D-02       0.30943D+00       0.55125D+00       0.14331D+00
       0.66900D+03       0.39110D-02       0.28373D+00       0.55137D+00       0.14307D+00
       0.67000D+03       0.39033D-02       0.36727D-01       0.55129D+00       0.14292D+00
       0.67100D+03       0.39041D-02       0.29746D+00       0.55125D+00       0.14390D+00
       0.67200D+03       0.39078D-02       0.27066D+00       0.55136D+00       0.14366D+00
       0.67300D+03       0.39001D-02       0.23516D-01       0.55129D+00       0.14351D+00
       0.67400D+03       0.39008D-02       0.28496D+00       0.55125D+00       0.14448D+00
       0.67500D+03       0.39044D-02       0.25706D+00       0.55136D+00       0.14425D+00
       0.67600D+03       0.38968D-02       0.98011D-02       0.55129D+00       0.14411D+00
       0.67700D+03       0.38972D-02       0.27193D+00       0.55124D+00       0.14507D+00
       0.67800D+03       0.39010D-02       0.24293D+00       0.55136D+00       0.14484D+00
       0.67900D+03       0.38934D-02      -0.44176D-02       0.55128D+00       0.14471D+00
       0.68000D+03       0.38937D-02       0.25837D+00       0.55124D+00       0.14566D+00
       0.68100D+03       0.38974D-02       0.22828D+00       0.55136D+00       0.14543D+00
       0.68200D+03       0.38901D-02      -0.19139D-01       0.55128D+00       0.14525D+00
       0.68300D+03       0.38902D-02       0.24430D+00       0.55124D+00       0.14620D+00
       0.68400D+03       0.38938D-02       0.21311D+00       0.55135D+00       0.14595D+00
       0.68500D+03       0.38866D-02      -0.34361D-01       0.55128D+00       0.14578D+00
       0.68600D+03       0.38865D-02       0.22970D+00       0.55124D+00       0.14672D+00
       0.68700D+03       0.38900D-02       0.19742D+00       0.55135D+00       0.14647D+00
       0.68800D+03       0.38828D-02      -0.50079D-01       0.55127D+00       0.14629D+00
       0.68900D+03       0.38825D-02       0.21459D+00       0.55124D+00       0.14723D+00
       0.69000D+03       0.38859D-02       0.18122D+00       0.55135D+00       0.14698D+00
       0.69100D+03       0.38787D-02      -0.66291D-01       0.55127D+00       0.14680D+00
       0.69200D+03       0.38782D-02       0.19898D+00       0.55123D+00       0.14774D+00
       0.69300D+03       0.38815D-02       0.16451D+00       0.55134D+00       0.14751D+00
       0.69400D+03       0.38744D-02      -0.82990D-01       0.55127D+00       0.14734D+00
       0.69500D+03       0.38737D-02       0.18286D+00       0.55123D+00       0.14825D+00
       0.69600D+03       0.38770D-02       0.14731D+00       0.55134D+00       0.14803D+00
       0.69700D+03       0.38699D-02      -0.10017D+00       0.55126D+00       0.14786D+00
       0.69800D+03       0.38692D-02       0.16626D+00       0.55123D+00       0.14878D+00
       0.69900D+03       0.38723D-02       0.12964D+00       0.55134D+00       0.14856D+00
       0.70000D+03       0.38653D-02      -0.11781D+00       0.55126D+00       0.14839D+00
       0.70100D+03       0.38644D-02       0.14919D+00       0.55123D+00       0.14930D+00
       0.70200D+03       0.38674D-02       0.11149D+00       0.55134D+00       0.14908D+00
       0.70300D+03       0.38606D-02      -0.13592D+00       0.55126D+00       0.14890D+00
       0.70400D+03       0.38595D-02       0.13166D+00       0.55122D+00       0.14981D+00
       0.70500D+03       0.38625D-02       0.92893D-01       0.55133D+00       0.14959D+00
       0.70600D+03       0.38557D-02      -0.15446D+00       0.55125D+00       0.14942D+00
       0.70700D+03       0.38551D-02       0.11368D+00       0.55122D+00       0.15033D+00
       0.70800D+03       0.38597D-02       0.73855D-01       0.55133D+00       0.15010D+00
       0.70900D+03       0.38528D-02      -0.17344D+00       0.55125D+00       0.14992D+00
       0.71000D+03       0.38521D-02       0.95267D-01       0.55122D+00       0.15083D+00
       0.71100D+03       0.38566D-02       0.54391D-01       0.55133D+00       0.15059D+00
       0.71200D+03       0.38497D-02      -0.19285D+00       0.55124D+00       0.15042D+00
       0.71300D+03       0.38489D-02       0.76439D-01       0.55122D+00       0.15132D+00
       0.71400D+03       0.38532D-02       0.34518D-01       0.55132D+00       0.15108D+00
       0.71500D+03       0.38464D-02      -0.21265D+00       0.55124D+00       0.15091D+00
       0.71600D+03       0.38454D-02       0.57211D-01       0.55121D+00       0.15181D+00
       0.71700D+03       0.38494D-02       0.14255D-01       0.55132D+00       0.15156D+00
       0.71800D+03       0.38426D-02      -0.23285D+00       0.55124D+00       0.15139D+00
       0.71900D+03       0.38415D-02       0.37603D-01       0.55121D+00       0.15228D+00
       0.72000D+03       0.38450D-02      -0.63789D-02       0.55132D+00       0.15205D+00
       0.72100D+03       0.38384D-02      -0.25342D+00       0.55123D+00       0.15188D+00
       0.72200D+03       0.38372D-02       0.17633D-01       0.55121D+00       0.15276D+00
       0.72300D+03       0.38404D-02      -0.27368D-01       0.55131D+00       0.15253D+00
       0.72400D+03       0.38338D-02      -0.27435D+00       0.55123D+00       0.15236D+00
       0.72500D+03       0.38317D-02      -0.26804D-02       0.55120D+00       0.15323D+00
       0.72600D+03       0.38346D-02      -0.48695D-01       0.55131D+00       0.15299D+00
       0.72700D+03       0.38279D-02      -0.29562D+00       0.55123D+00       0.15282D+00
       0.72800D+03       0.38258D-02      -0.23322D-01       0.55120D+00       0.15369D+00
       0.72900D+03       0.38283D-02      -0.70343D-01       0.55131D+00       0.15344D+00
       0.73000D+03       0.38217D-02      -0.31721D+00       0.55122D+00       0.15327D+00
       0.73100D+03       0.38194D-02      -0.44274D-01       0.55120D+00       0.15413D+00
       0.73200D+03       0.38217D-02      -0.92293D-01       0.55130D+00       0.15401D+00
       0.73300D+03       0.38151D-02      -0.33911D+00       0.55122D+00       0.15387D+00
       0.73400D+03       0.38126D-02      -0.65514D-01       0.55120D+00       0.15473D+00
       0.73500D+03       0.38148D-02      -0.11452D+00       0.55130D+00       0.15461D+00
       0.73600D+03       0.38083D-02      -0.36129D+00       0.55121D+00       0.15446D+00
       0.73700D+03       0.38057D-02      -0.87022D-01       0.55119D+00       0.15533D+00
       0.73800D+03       0.38076D-02      -0.13701D+00       0.55130D+00       0.15521D+00
       0.73900D+03       0.38012D-02      -0.38374D+00       0.55121D+00       0.15507D+00
       0.74000D+03       0.37986D-02      -0.10878D+00       0.55119D+00       0.15593D+00
       0.74100D+03       0.38003D-02      -0.15974D+00       0.55129D+00       0.15581D+00
       0.74200D+03       0.37938D-02      -0.40644D+00       0.55121D+00       0.15567D+00
       0.74300D+03       0.37911D-02      -0.13076D+00       0.55119D+00       0.15653D+00
       0.74400D+03       0.37925D-02      -0.18269D+00       0.55129D+00       0.15633D+00
       0.74500D+03       0.37861D-02      -0.42936D+00       0.55120D+00       0.15616D+00
       0.74600D+03       0.37832D-02      -0.15295D+00       0.55118D+00       0.15702D+00
       0.74700D+03       0.37845D-02      -0.20585D+00       0.55129D+00       0.15682D+00
       0.74800D+03       0.37781D-02      -0.45249D+00       0.55120D+00       0.15666D+00
       0.74900D+03       0.37751D-02      -0.17533D+00       0.55118D+00       0.15751D+00
       0.75000D+03       0.37763D-02      -0.22918D+00       0.55128D+00       0.15731D+00
       0.75100D+03       0.37698D-02      -0.47580D+00       0.55120D+00       0.15715D+00
       0.75200D+03       0.37667D-02      -0.19788D+00       0.55118D+00       0.15799D+00
       0.75300D+03       0.37677D-02      -0.25267D+00       0.55128D+00       0.15780D+00
       0.75400D+03       0.37612D-02      -0.49927D+00       0.55119D+00       0.15763D+00
       0.75500D+03       0.37580D-02      -0.22056D+00       0.55118D+00       0.15847D+00
       0.75600D+03       0.37595D-02      -0.27630D+00       0.55128D+00       0.15824D+00
       0.75700D+03       0.37532D-02      -0.52287D+00       0.55119D+00       0.15807D+00
       0.75800D+03       0.37499D-02      -0.24337D+00       0.55117D+00       0.15891D+00
       0.75900D+03       0.37510D-02      -0.30004D+00       0.55127D+00       0.15866D+00
       0.76000D+03       0.37447D-02      -0.54658D+00       0.55118D+00       0.15850D+00
       0.76100D+03       0.37413D-02      -0.26626D+00       0.55117D+00       0.15934D+00
       0.76200D+03       0.37420D-02      -0.32387D+00       0.55127D+00       0.15909D+00
       0.76300D+03       0.37356D-02      -0.57037D+00       0.55118D+00       0.15893D+00
       0.76400D+03       0.37320D-02      -0.28924D+00       0.55117D+00       0.15976D+00
       0.76500D+03       0.37323D-02      -0.34777D+00       0.55126D+00       0.15953D+00
       0.76600D+03       0.37259D-02      -0.59422D+00       0.55118D+00       0.15937D+00
       0.76700D+03       0.37222D-02      -0.31225D+00       0.55116D+00       0.16020D+00
       0.76800D+03       0.37224D-02      -0.37171D+00       0.55126D+00       0.15997D+00
       0.76900D+03       0.37158D-02      -0.61809D+00       0.55117D+00       0.15981D+00
       0.77000D+03       0.37121D-02      -0.33529D+00       0.55116D+00       0.16063D+00
       0.77100D+03       0.37120D-02      -0.39566D+00       0.55126D+00       0.16043D+00
       0.77200D+03       0.37055D-02      -0.64195D+00       0.55117D+00       0.16027D+00
       0.77300D+03       0.37016D-02      -0.35831D+00       0.55116D+00       0.16108D+00
       0.77400D+03       0.37012D-02      -0.41959D+00       0.55125D+00       0.16088D+00
       0.77500D+03       0.36946D-02      -0.66577D+00       0.55116D+00       0.16072D+00
       0.77600D+03       0.36901D-02      -0.38130D+00       0.55116D+00       0.16153D+00
       0.77700D+03       0.36894D-02      -0.44349D+00       0.55125D+00       0.16131D+00
       0.77800D+03       0.36829D-02      -0.68951D+00       0.55116D+00       0.16115D+00
       0.77900D+03       0.36782D-02      -0.40421D+00       0.55115D+00       0.16195D+00
       0.78000D+03       0.36774D-02      -0.46731D+00       0.55125D+00       0.16174D+00
       0.78100D+03       0.36708D-02      -0.71315D+00       0.55116D+00       0.16158D+00
       0.78200D+03       0.36661D-02      -0.42702D+00       0.55115D+00       0.16238D+00
       0.78300D+03       0.36652D-02      -0.49104D+00       0.55124D+00       0.16216D+00
       0.78400D+03       0.36585D-02      -0.73664D+00       0.55115D+00       0.16200D+00
       0.78500D+03       0.36537D-02      -0.44971D+00       0.55115D+00       0.16279D+00
       0.78600D+03       0.36534D-02      -0.51463D+00       0.55124D+00       0.16256D+00
       0.78700D+03       0.36468D-02      -0.75994D+00       0.55115D+00       0.16240D+00
       0.78800D+03       0.36418D-02      -0.47223D+00       0.55114D+00       0.16319D+00
       0.78900D+03       0.36409D-02      -0.53806D+00       0.55124D+00       0.16295D+00
       0.79000D+03       0.36344D-02      -0.78302D+00       0.55115D+00       0.16279D+00
       0.79100D+03       0.36293D-02      -0.49455D+00       0.55114D+00       0.16358D+00
       0.79200D+03       0.36282D-02      -0.56128D+00       0.55123D+00       0.16334D+00
       0.79300D+03       0.36216D-02      -0.80582D+00       0.55114D+00       0.16318D+00
       0.79400D+03       0.36165D-02      -0.51662D+00       0.55114D+00       0.16396D+00
       0.79500D+03       0.36151D-02      -0.58427D+00       0.55123D+00       0.16372D+00
       0.79600D+03       0.36085D-02      -0.82832D+00       0.55114D+00       0.16356D+00
       0.79700D+03       0.36032D-02      -0.53842D+00       0.55113D+00       0.16434D+00
       0.79800D+03       0.36016D-02      -0.60698D+00       0.55123D+00       0.16410D+00
       0.79900D+03       0.35949D-02      -0.85045D+00       0.55113D+00       0.16394D+00
       0.80000D+03       0.35896D-02      -0.55990D+00       0.55113D+00       0.16471D+00
       0.80100D+03       0.35877D-02      -0.62939D+00       0.55122D+00       0.16450D+00
       0.80200D+03       0.35810D-02      -0.87219D+00       0.55113D+00       0.16435D+00
       0.80300D+03       0.35755D-02      -0.58103D+00       0.55113D+00       0.16511D+00
       0.80400D+03       0.35736D-02      -0.65144D+00       0.55122D+00       0.16489D+00
       0.80500D+03       0.35669D-02      -0.89348D+00       0.55113D+00       0.16474D+00
       0.80600D+03       0.35613D-02      -0.60176D+00       0.55112D+00       0.16645D+00
       0.80700D+03       0.35592D-02      -0.67309D+00       0.55121D+00       0.16622D+00
       0.80800D+03       0.35526D-02      -0.91425D+00       0.55112D+00       0.16607D+00
       0.80900D+03       0.35469D-02      -0.62204D+00       0.55112D+00       0.16777D+00
       0.81000D+03       0.35446D-02      -0.69429D+00       0.55121D+00       0.16755D+00
       0.81100D+03       0.35380D-02      -0.93447D+00       0.55112D+00       0.16739D+00
       0.81200D+03       0.35322D-02      -0.64181D+00       0.55112D+00       0.16909D+00
       0.81300D+03       0.35299D-02      -0.71499D+00       0.55121D+00       0.16886D+00
       0.81400D+03       0.35232D-02      -0.95407D+00       0.55111D+00       0.16870D+00
       0.81500D+03       0.35174D-02      -0.66104D+00       0.55112D+00       0.17039D+00
       0.81600D+03       0.35150D-02      -0.73515D+00       0.55120D+00       0.17016D+00
       0.81700D+03       0.35097D-02      -0.97300D+00       0.55111D+00       0.17000D+00
       0.81800D+03       0.35038D-02      -0.67967D+00       0.55111D+00       0.17075D+00
       0.81900D+03       0.35022D-02      -0.75471D+00       0.55120D+00       0.17051D+00
       0.82000D+03       0.34955D-02      -0.99121D+00       0.55111D+00       0.17036D+00
       0.82100D+03       0.34895D-02      -0.69765D+00       0.55111D+00       0.17109D+00
       0.82200D+03       0.34876D-02      -0.77361D+00       0.55119D+00       0.17086D+00
       0.82300D+03       0.34810D-02      -0.10086D+01       0.55110D+00       0.17070D+00
       0.82400D+03       0.34749D-02      -0.71491D+00       0.55111D+00       0.17234D+00
       0.82500D+03       0.34726D-02      -0.79180D+00       0.55119D+00       0.17210D+00
       0.82600D+03       0.34660D-02      -0.10252D+01       0.55110D+00       0.17195D+00
       0.82700D+03       0.34597D-02      -0.73141D+00       0.55110D+00       0.17358D+00
       0.82800D+03       0.34572D-02      -0.80920D+00       0.55119D+00       0.17334D+00
       0.82900D+03       0.34506D-02      -0.10408D+01       0.55109D+00       0.17319D+00
       0.83000D+03       0.34443D-02      -0.74707D+00       0.55110D+00       0.17481D+00
       0.83100D+03       0.34415D-02      -0.82577D+00       0.55118D+00       0.17457D+00
       0.83200D+03       0.34348D-02      -0.10555D+01       0.55109D+00       0.17442D+00
       0.83300D+03       0.34285D-02      -0.76185D+00       0.55110D+00       0.17603D+00
       0.83400D+03       0.34255D-02      -0.84144D+00       0.55118D+00       0.17579D+00
       0.83500D+03       0.34188D-02      -0.10692D+01       0.55108D+00       0.17564D+00
       0.83600D+03       0.34124D-02      -0.77567D+00       0.55109D+00       0.17636D+00
       0.83700D+03       0.34092D-02      -0.85616D+00       0.55118D+00       0.17612D+00
       0.83800D+03       0.34026D-02      -0.10817D+01       0.55108D+00       0.17597D+00
       0.83900D+03       0.33960D-02      -0.78849D+00       0.55109D+00       0.17668D+00
       0.84000D+03       0.33927D-02      -0.86985D+00       0.55117D+00       0.17644D+00
       0.84100D+03       0.33862D-02      -0.10931D+01       0.55108D+00       0.17629D+00
       0.84200D+03       0.33795D-02      -0.80024D+00       0.55108D+00       0.17700D+00
       0.84300D+03       0.33762D-02      -0.88247D+00       0.55117D+00       0.17676D+00
       0.84400D+03       0.33696D-02      -0.11033D+01       0.55107D+00       0.17660D+00
       0.84500D+03       0.33630D-02      -0.81087D+00       0.55108D+00       0.17731D+00
       0.84600D+03       0.33598D-02      -0.89394D+00       0.55116D+00       0.17712D+00
       0.84700D+03       0.33533D-02      -0.11122D+01       0.55107D+00       0.17697D+00
       0.84800D+03       0.33465D-02      -0.82032D+00       0.55108D+00       0.17767D+00
       0.84900D+03       0.33432D-02      -0.90422D+00       0.55116D+00       0.17748D+00
       0.85000D+03       0.33367D-02      -0.11198D+01       0.55106D+00       0.17734D+00
       0.85100D+03       0.33299D-02      -0.82854D+00       0.55107D+00       0.17804D+00
       0.85200D+03       0.33266D-02      -0.91327D+00       0.55115D+00       0.17785D+00
       0.85300D+03       0.33202D-02      -0.11261D+01       0.55106D+00       0.17772D+00
       0.85400D+03       0.33133D-02      -0.83549D+00       0.55107D+00       0.17841D+00
       0.85500D+03       0.33099D-02      -0.92104D+00       0.55115D+00       0.17822D+00
       0.85600D+03       0.33035D-02      -0.11310D+01       0.55105D+00       0.17808D+00
       0.85700D+03       0.32966D-02      -0.84113D+00       0.55107D+00       0.17878D+00
       0.85800D+03       0.32931D-02      -0.92749D+00       0.55115D+00       0.17858D+00
       0.85900D+03       0.32869D-02      -0.11344D+01       0.55105D+00       0.17844D+00
       0.86000D+03       0.32799D-02      -0.84544D+00       0.55106D+00       0.17824D+00
       0.86100D+03       0.32772D-02      -0.93259D+00       0.55114D+00       0.17803D+00
       0.86200D+03       0.32710D-02      -0.11365D+01       0.55105D+00       0.17790D+00
       0.86300D+03       0.32640D-02      -0.84838D+00       0.55106D+00       0.17770D+00
       0.86400D+03       0.32609D-02      -0.93633D+00       0.55114D+00       0.17750D+00
       0.86500D+03       0.32549D-02      -0.11370D+01       0.55104D+00       0.17736D+00
       0.86600D+03       0.32479D-02      -0.84993D+00       0.55106D+00       0.17717D+00
       0.86700D+03       0.32453D-02      -0.93867D+00       0.55113D+00       0.17696D+00
       0.86800D+03       0.32394D-02      -0.11361D+01       0.55104D+00       0.17682D+00
       0.86900D+03       0.32323D-02      -0.85009D+00       0.55105D+00       0.17663D+00
       0.87000D+03       0.32291D-02      -0.93962D+00       0.55113D+00       0.17641D+00
       0.87100D+03       0.32234D-02      -0.11338D+01       0.55103D+00       0.17628D+00
       0.87200D+03       0.32163D-02      -0.84885D+00       0.55105D+00       0.17609D+00
       0.87300D+03       0.32130D-02      -0.93918D+00       0.55113D+00       0.17590D+00
       0.87400D+03       0.32075D-02      -0.11300D+01       0.55103D+00       0.17577D+00
       0.87500D+03       0.32004D-02      -0.84623D+00       0.55105D+00       0.17558D+00
       0.87600D+03       0.31971D-02      -0.93736D+00       0.55112D+00       0.17538D+00
       0.87700D+03       0.31917D-02      -0.11248D+01       0.55103D+00       0.17525D+00
       0.87800D+03       0.31847D-02      -0.84223D+00       0.55104D+00       0.17507D+00
       0.87900D+03       0.31813D-02      -0.93417D+00       0.55112D+00       0.17489D+00
       0.88000D+03       0.31761D-02      -0.11181D+01       0.55102D+00       0.17476D+00
       0.88100D+03       0.31691D-02      -0.83689D+00       0.55104D+00       0.17544D+00
       0.88200D+03       0.31658D-02      -0.92965D+00       0.55111D+00       0.17526D+00
       0.88300D+03       0.31608D-02      -0.11101D+01       0.55102D+00       0.17513D+00
       0.88400D+03       0.31538D-02      -0.83022D+00       0.55104D+00       0.17580D+00
       0.88500D+03       0.31507D-02      -0.92381D+00       0.55111D+00       0.17560D+00
       0.88600D+03       0.31459D-02      -0.11007D+01       0.55101D+00       0.17547D+00
       0.88700D+03       0.31390D-02      -0.82227D+00       0.55103D+00       0.17613D+00
       0.88800D+03       0.31359D-02      -0.91671D+00       0.55111D+00       0.17594D+00
       0.88900D+03       0.31314D-02      -0.10901D+01       0.55101D+00       0.17580D+00
       0.89000D+03       0.31245D-02      -0.81308D+00       0.55103D+00       0.17647D+00
       0.89100D+03       0.31216D-02      -0.90838D+00       0.55110D+00       0.17627D+00
       0.89200D+03       0.31172D-02      -0.10782D+01       0.55101D+00       0.17614D+00
       0.89300D+03       0.31103D-02      -0.80270D+00       0.55103D+00       0.17680D+00
       0.89400D+03       0.31076D-02      -0.89888D+00       0.55110D+00       0.17660D+00
       0.89500D+03       0.31035D-02      -0.10651D+01       0.55100D+00       0.17646D+00
       0.89600D+03       0.30966D-02      -0.79119D+00       0.55102D+00       0.17712D+00
       0.89700D+03       0.30940D-02      -0.88826D+00       0.55110D+00       0.17692D+00
       0.89800D+03       0.30902D-02      -0.10510D+01       0.55100D+00       0.17679D+00
       0.89900D+03       0.30834D-02      -0.77860D+00       0.55102D+00       0.17744D+00
       0.90000D+03       0.30809D-02      -0.87657D+00       0.55109D+00       0.17724D+00
       0.90100D+03       0.30773D-02      -0.10357D+01       0.55100D+00       0.17710D+00
       0.90200D+03       0.30706D-02      -0.76499D+00       0.55102D+00       0.17775D+00
       0.90300D+03       0.30682D-02      -0.86388D+00       0.55109D+00       0.17755D+00
       0.90400D+03       0.30649D-02      -0.10194D+01       0.55099D+00       0.17743D+00
       0.90500D+03       0.30582D-02      -0.75041D+00       0.55102D+00       0.17806D+00
       0.90600D+03       0.30558D-02      -0.85023D+00       0.55109D+00       0.17785D+00
       0.90700D+03       0.30528D-02      -0.10022D+01       0.55099D+00       0.17772D+00
       0.90800D+03       0.30462D-02      -0.73493D+00       0.55101D+00       0.17835D+00
       0.90900D+03       0.30439D-02      -0.83570D+00       0.55108D+00       0.17814D+00
       0.91000D+03       0.30411D-02      -0.98413D+00       0.55099D+00       0.17802D+00
       0.91100D+03       0.30346D-02      -0.71862D+00       0.55101D+00       0.17865D+00
       0.91200D+03       0.30325D-02      -0.82033D+00       0.55108D+00       0.17843D+00
       0.91300D+03       0.30300D-02      -0.96523D+00       0.55098D+00       0.17831D+00
       0.91400D+03       0.30235D-02      -0.70154D+00       0.55101D+00       0.17894D+00
       0.91500D+03       0.30212D-02      -0.80421D+00       0.55108D+00       0.17873D+00
       0.91600D+03       0.30189D-02      -0.94557D+00       0.55098D+00       0.17860D+00
       0.91700D+03       0.30125D-02      -0.68375D+00       0.55100D+00       0.17923D+00
       0.91800D+03       0.30103D-02      -0.78736D+00       0.55107D+00       0.17901D+00
       0.91900D+03       0.30082D-02      -0.92521D+00       0.55098D+00       0.17888D+00
       0.92000D+03       0.30019D-02      -0.66530D+00       0.55100D+00       0.17952D+00
       0.92100D+03       0.29997D-02      -0.76986D+00       0.55107D+00       0.17930D+00
       0.92200D+03       0.29979D-02      -0.90421D+00       0.55097D+00       0.17917D+00
       0.92300D+03       0.29916D-02      -0.64624D+00       0.55100D+00       0.17980D+00
       0.92400D+03       0.29895D-02      -0.75174D+00       0.55107D+00       0.17959D+00
       0.92500D+03       0.29879D-02      -0.88261D+00       0.55097D+00       0.17947D+00
       0.92600D+03       0.29817D-02      -0.62662D+00       0.55100D+00       0.18009D+00
       0.92700D+03       0.29797D-02      -0.73306D+00       0.55106D+00       0.17988D+00
       0.92800D+03       0.29784D-02      -0.86048D+00       0.55097D+00       0.17975D+00
       0.92900D+03       0.29722D-02      -0.60651D+00       0.55099D+00       0.18038D+00
       0.93000D+03       0.29703D-02      -0.71388D+00       0.55106D+00       0.18016D+00
       0.93100D+03       0.29692D-02      -0.83786D+00       0.55096D+00       0.18004D+00
       0.93200D+03       0.29631D-02      -0.58594D+00       0.55099D+00       0.18066D+00
       0.93300D+03       0.29612D-02      -0.69424D+00       0.55106D+00       0.18044D+00
       0.93400D+03       0.29604D-02      -0.81481D+00       0.55096D+00       0.18032D+00
       0.93500D+03       0.29543D-02      -0.56497D+00       0.55099D+00       0.18093D+00
       0.93600D+03       0.29525D-02      -0.67418D+00       0.55106D+00       0.18072D+00
       0.93700D+03       0.29519D-02      -0.79135D+00       0.55096D+00       0.18059D+00
       0.93800D+03       0.29459D-02      -0.54364D+00       0.55099D+00       0.18121D+00
       0.93900D+03       0.29442D-02      -0.65373D+00       0.55105D+00       0.18099D+00
       0.94000D+03       0.29438D-02      -0.76754D+00       0.55096D+00       0.18086D+00
       0.94100D+03       0.29378D-02      -0.52197D+00       0.55099D+00       0.18147D+00
       0.94200D+03       0.29364D-02      -0.63294D+00       0.55105D+00       0.18126D+00
       0.94300D+03       0.29362D-02      -0.74341D+00       0.55095D+00       0.18113D+00
       0.94400D+03       0.29303D-02      -0.50001D+00       0.55098D+00       0.18174D+00
       0.94500D+03       0.29291D-02      -0.61184D+00       0.55105D+00       0.18153D+00
       0.94600D+03       0.29291D-02      -0.71899D+00       0.55095D+00       0.18140D+00
       0.94700D+03       0.29233D-02      -0.47779D+00       0.55098D+00       0.18201D+00
       0.94800D+03       0.29223D-02      -0.59047D+00       0.55104D+00       0.18179D+00
       0.94900D+03       0.29226D-02      -0.69433D+00       0.55095D+00       0.18167D+00
       0.95000D+03       0.29168D-02      -0.45536D+00       0.55098D+00       0.18227D+00
       0.95100D+03       0.29154D-02      -0.56888D+00       0.55104D+00       0.18206D+00
       0.95200D+03       0.29159D-02      -0.66947D+00       0.55095D+00       0.18193D+00
       0.95300D+03       0.29103D-02      -0.43274D+00       0.55098D+00       0.18254D+00
       0.95400D+03       0.29090D-02      -0.54708D+00       0.55104D+00       0.18232D+00
       0.95500D+03       0.29097D-02      -0.64444D+00       0.55094D+00       0.18220D+00
       0.95600D+03       0.29041D-02      -0.40997D+00       0.55098D+00       0.18280D+00
       0.95700D+03       0.29029D-02      -0.52512D+00       0.55104D+00       0.18258D+00
       0.95800D+03       0.29038D-02      -0.61926D+00       0.55094D+00       0.18246D+00
       0.95900D+03       0.28982D-02      -0.38707D+00       0.55097D+00       0.18305D+00
       0.96000D+03       0.28971D-02      -0.50301D+00       0.55104D+00       0.18284D+00
       0.96100D+03       0.28987D-02      -0.59397D+00       0.55094D+00       0.18272D+00
       0.96200D+03       0.28932D-02      -0.36408D+00       0.55097D+00       0.18331D+00
       0.96300D+03       0.28922D-02      -0.48080D+00       0.55103D+00       0.18310D+00
       0.96400D+03       0.28939D-02      -0.56860D+00       0.55094D+00       0.18298D+00
       0.96500D+03       0.28885D-02      -0.34102D+00       0.55097D+00       0.18357D+00
       0.96600D+03       0.28876D-02      -0.45851D+00       0.55103D+00       0.18336D+00
       0.96700D+03       0.28896D-02      -0.54319D+00       0.55093D+00       0.18324D+00
       0.96800D+03       0.28842D-02      -0.31792D+00       0.55097D+00       0.18383D+00
       0.96900D+03       0.28833D-02      -0.43618D+00       0.55103D+00       0.18362D+00
       0.97000D+03       0.28855D-02      -0.51776D+00       0.55093D+00       0.18350D+00
       0.97100D+03       0.28802D-02      -0.29482D+00       0.55097D+00       0.18409D+00
       0.97200D+03       0.28795D-02      -0.41383D+00       0.55103D+00       0.18388D+00
       0.97300D+03       0.28819D-02      -0.49234D+00       0.55093D+00       0.18377D+00
       0.97400D+03       0.28777D-02      -0.27174D+00       0.55097D+00       0.18435D+00
       0.97500D+03       0.28772D-02      -0.39149D+00       0.55102D+00       0.18415D+00
       0.97600D+03       0.28797D-02      -0.46697D+00       0.55093D+00       0.18403D+00
       0.97700D+03       0.28746D-02      -0.24870D+00       0.55096D+00       0.18461D+00
       0.97800D+03       0.28743D-02      -0.36918D+00       0.55102D+00       0.18441D+00
       0.97900D+03       0.28769D-02      -0.44165D+00       0.55093D+00       0.18430D+00
       0.98000D+03       0.28719D-02      -0.22572D+00       0.55096D+00       0.18487D+00
       0.98100D+03       0.28714D-02      -0.34694D+00       0.55102D+00       0.18467D+00
       0.98200D+03       0.28741D-02      -0.41644D+00       0.55092D+00       0.18456D+00
       0.98300D+03       0.28692D-02      -0.20285D+00       0.55096D+00       0.18513D+00
       0.98400D+03       0.28686D-02      -0.32479D+00       0.55102D+00       0.18494D+00
       0.98500D+03       0.28716D-02      -0.39134D+00       0.55092D+00       0.18482D+00
       0.98600D+03       0.28668D-02      -0.18010D+00       0.55096D+00       0.18540D+00
       0.98700D+03       0.28663D-02      -0.30276D+00       0.55102D+00       0.18519D+00
       0.98800D+03       0.28693D-02      -0.36640D+00       0.55092D+00       0.18508D+00
       0.98900D+03       0.28646D-02      -0.15750D+00       0.55096D+00       0.18565D+00
       0.99000D+03       0.28643D-02      -0.28086D+00       0.55101D+00       0.18545D+00
       0.99100D+03       0.28674D-02      -0.34163D+00       0.55092D+00       0.18533D+00
       0.99200D+03       0.28628D-02      -0.13507D+00       0.55096D+00       0.18590D+00
       0.99300D+03       0.28625D-02      -0.25913D+00       0.55101D+00       0.18570D+00
       0.99400D+03       0.28657D-02      -0.31705D+00       0.55092D+00       0.18559D+00
       0.99500D+03       0.28611D-02      -0.11283D+00       0.55096D+00       0.18615D+00
       0.99600D+03       0.28609D-02      -0.23758D+00       0.55101D+00       0.18595D+00
       0.99700D+03       0.28642D-02      -0.29269D+00       0.55091D+00       0.18584D+00
       0.99800D+03       0.28597D-02      -0.90796D-01       0.55095D+00       0.18640D+00
       0.99900D+03       0.28593D-02      -0.21624D+00       0.55101D+00       0.18620D+00
       0.10000D+04       0.28628D-02      -0.26857D+00       0.55091D+00       0.18609D+00
       0.10010D+04       0.28584D-02      -0.69003D-01       0.55095D+00       0.18665D+00
       0.10020D+04       0.28581D-02      -0.19514D+00       0.55101D+00       0.18645D+00
       0.10030D+04       0.28616D-02      -0.24471D+00       0.55091D+00       0.18634D+00
       0.10040D+04       0.28573D-02      -0.47468D-01       0.55095D+00       0.18690D+00
       0.10050D+04       0.28570D-02      -0.17428D+00       0.55100D+00       0.18670D+00
       0.10060D+04       0.28606D-02      -0.22114D+00       0.55091D+00       0.18659D+00
       0.10070D+04       0.28563D-02      -0.26212D-01       0.55095D+00       0.18713D+00
       0.10080D+04       0.28562D-02      -0.15370D+00       0.55100D+00       0.18692D+00
