       0.10000D+01       0.92407D-03      -0.10785D-01       0.45355D+00       0.38901D-01
       0.20000D+01       0.57395D-03      -0.11738D-01       0.41203D+00       0.74512D-01
       0.30000D+01       0.22708D-02       0.29134D-02       0.42660D+00       0.64056D-01
       0.40000D+01       0.18801D-02      -0.20027D-01       0.41223D+00       0.73533D-01
       0.50000D+01       0.85192D-02       0.20516D-01       0.42082D+00       0.66520D-01
       0.60000D+01       0.77810D-02      -0.25928D-01       0.41262D+00       0.66355D-01
       0.70000D+01       0.18018D-01       0.38894D-01       0.41845D+00       0.59873D-01
       0.80000D+01       0.17091D-01      -0.29667D-01       0.41316D+00       0.60944D-01
       0.90000D+01       0.28429D-01       0.55863D-01       0.41732D+00       0.58295D-01
       0.10000D+02       0.27812D-01      -0.31994D-01       0.41379D+00       0.63069D-01
       0.11000D+02       0.38781D-01       0.72066D-01       0.41680D+00       0.60451D-01
       0.12000D+02       0.38460D-01      -0.33430D-01       0.41447D+00       0.58257D-01
       0.13000D+02       0.46778D-01       0.86231D-01       0.41659D+00       0.56537D-01
       0.14000D+02       0.46983D-01      -0.34518D-01       0.41514D+00       0.78526D-01
       0.15000D+02       0.53229D-01       0.95505D-01       0.41655D+00       0.76042D-01
       0.16000D+02       0.53745D-01      -0.37074D-01       0.41577D+00       0.82847D-01
       0.17000D+02       0.57684D-01       0.10008D+00       0.41661D+00       0.82711D-01
       0.18000D+02       0.58728D-01      -0.40872D-01       0.41635D+00       0.83290D-01
       0.19000D+02       0.60854D-01       0.10140D+00       0.41669D+00       0.81704D-01
       0.20000D+02       0.62199D-01      -0.42450D-01       0.41685D+00       0.82243D-01
       0.21000D+02       0.62667D-01       0.99689D-01       0.41677D+00       0.89033D-01
       0.22000D+02       0.64911D-01      -0.40781D-01       0.41724D+00       0.87608D-01
       0.23000D+02       0.64161D-01       0.95248D-01       0.41682D+00       0.88149D-01
       0.24000D+02       0.67213D-01      -0.38844D-01       0.41753D+00       0.85976D-01
       0.25000D+02       0.65809D-01       0.87132D-01       0.41681D+00       0.90004D-01
       0.26000D+02       0.69205D-01      -0.38070D-01       0.41771D+00       0.87349D-01
       0.27000D+02       0.67491D-01       0.74081D-01       0.41675D+00       0.91320D-01
       0.28000D+02       0.70783D-01      -0.37146D-01       0.41777D+00       0.88905D-01
       0.29000D+02       0.68828D-01       0.58316D-01       0.41664D+00       0.87493D-01
       0.30000D+02       0.71272D-01      -0.35001D-01       0.41774D+00       0.85934D-01
       0.31000D+02       0.69274D-01       0.42244D-01       0.41647D+00       0.84162D-01
       0.32000D+02       0.70354D-01      -0.31102D-01       0.41761D+00       0.84007D-01
       0.33000D+02       0.68417D-01       0.25197D-01       0.41626D+00       0.82559D-01
       0.34000D+02       0.68156D-01      -0.24889D-01       0.41741D+00       0.81038D-01
       0.35000D+02       0.66366D-01       0.79739D-02       0.41604D+00       0.80882D-01
       0.36000D+02       0.65205D-01      -0.16394D-01       0.41716D+00       0.79589D-01
       0.37000D+02       0.63602D-01      -0.60593D-02       0.41582D+00       0.80339D-01
       0.38000D+02       0.62216D-01      -0.48886D-02       0.41690D+00       0.79202D-01
       0.39000D+02       0.60749D-01      -0.15977D-01       0.41563D+00       0.80032D-01
       0.40000D+02       0.59832D-01       0.10856D-01       0.41665D+00       0.79099D-01
       0.41000D+02       0.58484D-01      -0.23088D-01       0.41549D+00       0.80643D-01
       0.42000D+02       0.58458D-01       0.29301D-01       0.41643D+00       0.79636D-01
       0.43000D+02       0.57252D-01      -0.27930D-01       0.41542D+00       0.79423D-01
       0.44000D+02       0.58120D-01       0.47043D-01       0.41626D+00       0.78499D-01
       0.45000D+02       0.57200D-01      -0.30883D-01       0.41543D+00       0.78899D-01
       0.46000D+02       0.58799D-01       0.63578D-01       0.41616D+00       0.77879D-01
       0.47000D+02       0.58018D-01      -0.32780D-01       0.41550D+00       0.77326D-01
       0.48000D+02       0.59810D-01       0.79196D-01       0.41611D+00       0.76451D-01
       0.49000D+02       0.59442D-01      -0.33886D-01       0.41562D+00       0.78766D-01
       0.50000D+02       0.61058D-01       0.91286D-01       0.41610D+00       0.77734D-01
       0.51000D+02       0.60842D-01      -0.35452D-01       0.41578D+00       0.79754D-01
       0.52000D+02       0.62119D-01       0.98128D-01       0.41612D+00       0.79378D-01
       0.53000D+02       0.62138D-01      -0.38889D-01       0.41596D+00       0.81162D-01
       0.54000D+02       0.62919D-01       0.10108D+00       0.41616D+00       0.80760D-01
       0.55000D+02       0.63234D-01      -0.42085D-01       0.41615D+00       0.81001D-01
       0.56000D+02       0.63637D-01       0.10095D+00       0.41621D+00       0.81251D-01
       0.57000D+02       0.64266D-01      -0.41921D-01       0.41633D+00       0.82260D-01
       0.58000D+02       0.64190D-01       0.97941D-01       0.41625D+00       0.81913D-01
       0.59000D+02       0.65288D-01      -0.39725D-01       0.41649D+00       0.81825D-01
       0.60000D+02       0.64893D-01       0.92013D-01       0.41628D+00       0.82191D-01
       0.61000D+02       0.66307D-01      -0.38385D-01       0.41662D+00       0.81503D-01
       0.62000D+02       0.65683D-01       0.81549D-01       0.41628D+00       0.83389D-01
       0.63000D+02       0.67196D-01      -0.37749D-01       0.41670D+00       0.82490D-01
       0.64000D+02       0.66440D-01       0.66772D-01       0.41626D+00       0.81783D-01
       0.65000D+02       0.67808D-01      -0.36313D-01       0.41674D+00       0.80980D-01
       0.66000D+02       0.66950D-01       0.50780D-01       0.41621D+00       0.80148D-01
       0.67000D+02       0.67800D-01      -0.33430D-01       0.41674D+00       0.79471D-01
       0.68000D+02       0.66903D-01       0.34386D-01       0.41613D+00       0.78772D-01
       0.69000D+02       0.67127D-01      -0.28468D-01       0.41668D+00       0.78743D-01
       0.70000D+02       0.66245D-01       0.16902D-01       0.41603D+00       0.78061D-01
       0.71000D+02       0.65888D-01      -0.21180D-01       0.41660D+00       0.77426D-01
       0.72000D+02       0.65052D-01       0.81461D-03       0.41593D+00       0.77250D-01
       0.73000D+02       0.64366D-01      -0.11447D-01       0.41649D+00       0.76678D-01
       0.74000D+02       0.63574D-01      -0.11168D-01       0.41582D+00       0.77091D-01
       0.75000D+02       0.62919D-01       0.19977D-02       0.41636D+00       0.76581D-01
       0.76000D+02       0.62156D-01      -0.19616D-01       0.41573D+00       0.76933D-01
       0.77000D+02       0.61844D-01       0.19438D-01       0.41625D+00       0.76421D-01
       0.78000D+02       0.61128D-01      -0.25648D-01       0.41567D+00       0.76294D-01
       0.79000D+02       0.61310D-01       0.37867D-01       0.41615D+00       0.75580D-01
       0.80000D+02       0.60678D-01      -0.29499D-01       0.41564D+00       0.75506D-01
       0.81000D+02       0.61295D-01       0.54908D-01       0.41608D+00       0.75108D-01
       0.82000D+02       0.60808D-01      -0.31884D-01       0.41566D+00       0.74966D-01
       0.83000D+02       0.61749D-01       0.71154D-01       0.41604D+00       0.74469D-01
       0.84000D+02       0.61411D-01      -0.33369D-01       0.41571D+00       0.73986D-01
       0.85000D+02       0.62430D-01       0.85526D-01       0.41602D+00       0.73530D-01
       0.86000D+02       0.62180D-01      -0.34432D-01       0.41579D+00       0.76913D-01
       0.87000D+02       0.63030D-01       0.95114D-01       0.41603D+00       0.76510D-01
       0.88000D+02       0.62982D-01      -0.36869D-01       0.41589D+00       0.77737D-01
       0.89000D+02       0.63612D-01       0.99911D-01       0.41605D+00       0.77772D-01
       0.90000D+02       0.63725D-01      -0.40677D-01       0.41600D+00       0.77937D-01
       0.91000D+02       0.64118D-01       0.10141D+00       0.41608D+00       0.77712D-01
       0.92000D+02       0.64352D-01      -0.42464D-01       0.41611D+00       0.77879D-01
       0.93000D+02       0.64447D-01       0.99864D-01       0.41611D+00       0.78994D-01
       0.94000D+02       0.64940D-01      -0.40917D-01       0.41622D+00       0.78752D-01
       0.95000D+02       0.64770D-01       0.95586D-01       0.41614D+00       0.78984D-01
       0.96000D+02       0.65526D-01      -0.38921D-01       0.41632D+00       0.78537D-01
       0.97000D+02       0.65188D-01       0.87738D-01       0.41615D+00       0.79653D-01
       0.98000D+02       0.66106D-01      -0.38102D-01       0.41639D+00       0.79122D-01
       0.99000D+02       0.65674D-01       0.74947D-01       0.41615D+00       0.80292D-01
       0.10000D+03       0.66635D-01      -0.37229D-01       0.41644D+00       0.79751D-01
       0.10100D+03       0.66113D-01       0.59244D-01       0.41613D+00       0.79437D-01
       0.10200D+03       0.66845D-01      -0.35166D-01       0.41645D+00       0.78963D-01
       0.10300D+03       0.66284D-01       0.43189D-01       0.41609D+00       0.78496D-01
       0.10400D+03       0.66669D-01      -0.31389D-01       0.41644D+00       0.78183D-01
       0.10500D+03       0.66091D-01       0.26217D-01       0.41603D+00       0.77695D-01
       0.10600D+03       0.66049D-01      -0.25311D-01       0.41640D+00       0.77254D-01
       0.10700D+03       0.65480D-01       0.89135D-02       0.41596D+00       0.77238D-01
       0.10800D+03       0.65114D-01      -0.16954D-01       0.41634D+00       0.76842D-01
       0.10900D+03       0.64572D-01      -0.53681D-02       0.41589D+00       0.77119D-01
       0.11000D+03       0.64089D-01      -0.56654D-02       0.41626D+00       0.76756D-01
       0.11100D+03       0.63561D-01      -0.15491D-01       0.41582D+00       0.77070D-01
       0.11200D+03       0.63203D-01       0.98370D-02       0.41618D+00       0.76764D-01
       0.11300D+03       0.62690D-01      -0.22738D-01       0.41577D+00       0.77400D-01
       0.11400D+03       0.62629D-01       0.28227D-01       0.41611D+00       0.77058D-01
       0.11500D+03       0.62148D-01      -0.27709D-01       0.41574D+00       0.76999D-01
       0.11600D+03       0.62415D-01       0.46060D-01       0.41605D+00       0.76760D-01
       0.11700D+03       0.62023D-01      -0.30746D-01       0.41573D+00       0.76930D-01
       0.11800D+03       0.62584D-01       0.62634D-01       0.41601D+00       0.76558D-01
       0.11900D+03       0.62241D-01      -0.32694D-01       0.41575D+00       0.76338D-01
       0.12000D+03       0.62907D-01       0.78355D-01       0.41599D+00       0.75921D-01
       0.12100D+03       0.62725D-01      -0.33830D-01       0.41579D+00       0.76858D-01
       0.12200D+03       0.63354D-01       0.90732D-01       0.41599D+00       0.76459D-01
       0.12300D+03       0.63236D-01      -0.35312D-01       0.41586D+00       0.77306D-01
       0.12400D+03       0.63753D-01       0.97855D-01       0.41600D+00       0.77172D-01
       0.12500D+03       0.63736D-01      -0.38659D-01       0.41593D+00       0.77939D-01
       0.12600D+03       0.64064D-01       0.10099D+00       0.41602D+00       0.78047D-01
       0.12700D+03       0.64178D-01      -0.41977D-01       0.41602D+00       0.78168D-01
       0.12800D+03       0.64358D-01       0.10105D+00       0.41604D+00       0.77952D-01
       0.12900D+03       0.64618D-01      -0.42020D-01       0.41610D+00       0.77739D-01
       0.13000D+03       0.64592D-01       0.98187D-01       0.41607D+00       0.77533D-01
       0.13100D+03       0.65075D-01      -0.39845D-01       0.41617D+00       0.77520D-01
       0.13200D+03       0.64906D-01       0.92462D-01       0.41608D+00       0.77727D-01
       0.13300D+03       0.65552D-01      -0.38428D-01       0.41624D+00       0.77439D-01
       0.13400D+03       0.65275D-01       0.82296D-01       0.41609D+00       0.78307D-01
       0.13500D+03       0.65988D-01      -0.37797D-01       0.41628D+00       0.77924D-01
       0.13600D+03       0.65645D-01       0.67689D-01       0.41608D+00       0.77629D-01
       0.13700D+03       0.66314D-01      -0.36432D-01       0.41631D+00       0.77270D-01
       0.13800D+03       0.65916D-01       0.51707D-01       0.41606D+00       0.76898D-01
       0.13900D+03       0.66351D-01      -0.33647D-01       0.41631D+00       0.76596D-01
       0.14000D+03       0.65926D-01       0.35370D-01       0.41603D+00       0.76280D-01
       0.14100D+03       0.66060D-01      -0.28820D-01       0.41630D+00       0.76280D-01
       0.14200D+03       0.65632D-01       0.17914D-01       0.41598D+00       0.75966D-01
       0.14300D+03       0.65473D-01      -0.21663D-01       0.41626D+00       0.75664D-01
       0.14400D+03       0.65057D-01       0.16443D-02       0.41593D+00       0.75589D-01
       0.14500D+03       0.64718D-01      -0.12096D-01       0.41621D+00       0.75312D-01
       0.14600D+03       0.64315D-01      -0.10586D-01       0.41587D+00       0.75531D-01
       0.14700D+03       0.63973D-01       0.10968D-02       0.41615D+00       0.75281D-01
       0.14800D+03       0.63576D-01      -0.19197D-01       0.41582D+00       0.75471D-01
       0.14900D+03       0.63395D-01       0.18362D-01       0.41609D+00       0.75217D-01
       0.15000D+03       0.63017D-01      -0.25360D-01       0.41579D+00       0.75159D-01
       0.15100D+03       0.63084D-01       0.36833D-01       0.41604D+00       0.74794D-01
       0.15200D+03       0.62739D-01      -0.29326D-01       0.41577D+00       0.74771D-01
       0.15300D+03       0.63038D-01       0.53950D-01       0.41601D+00       0.74569D-01
       0.15400D+03       0.62764D-01      -0.31771D-01       0.41578D+00       0.74497D-01
       0.15500D+03       0.63244D-01       0.70236D-01       0.41598D+00       0.74236D-01
       0.15600D+03       0.63048D-01      -0.33306D-01       0.41580D+00       0.73973D-01
       0.15700D+03       0.63584D-01       0.84803D-01       0.41597D+00       0.73727D-01
       0.15800D+03       0.63435D-01      -0.34351D-01       0.41584D+00       0.74492D-01
       0.15900D+03       0.63892D-01       0.94706D-01       0.41598D+00       0.74197D-01
       0.16000D+03       0.63853D-01      -0.36670D-01       0.41590D+00       0.74880D-01
       0.16100D+03       0.64200D-01       0.99731D-01       0.41599D+00       0.74889D-01
       0.16200D+03       0.64250D-01      -0.40474D-01       0.41596D+00       0.74968D-01
       0.16300D+03       0.64474D-01       0.10140D+00       0.41601D+00       0.74863D-01
       0.16400D+03       0.64594D-01      -0.42465D-01       0.41602D+00       0.74974D-01
       0.16500D+03       0.64655D-01       0.10003D+00       0.41603D+00       0.75621D-01
       0.16600D+03       0.64924D-01      -0.41052D-01       0.41609D+00       0.75518D-01
       0.16700D+03       0.64835D-01       0.95913D-01       0.41604D+00       0.75628D-01
       0.16800D+03       0.65262D-01      -0.39002D-01       0.41614D+00       0.75526D-01
       0.16900D+03       0.65075D-01       0.88326D-01       0.41605D+00       0.76186D-01
       0.17000D+03       0.65604D-01      -0.38134D-01       0.41619D+00       0.75897D-01
       0.17100D+03       0.65362D-01       0.75803D-01       0.41605D+00       0.76597D-01
       0.17200D+03       0.65929D-01      -0.37307D-01       0.41622D+00       0.76302D-01
       0.17300D+03       0.65631D-01       0.60172D-01       0.41604D+00       0.76141D-01
       0.17400D+03       0.66075D-01      -0.35326D-01       0.41623D+00       0.75881D-01
       0.17500D+03       0.65750D-01       0.44131D-01       0.41602D+00       0.75623D-01
       0.17600D+03       0.65996D-01      -0.31668D-01       0.41623D+00       0.75453D-01
       0.17700D+03       0.65657D-01       0.27235D-01       0.41599D+00       0.75180D-01
       0.17800D+03       0.65648D-01      -0.25726D-01       0.41621D+00       0.74931D-01
       0.17900D+03       0.65309D-01       0.98642D-02       0.41595D+00       0.74904D-01
       0.18000D+03       0.65100D-01      -0.17505D-01       0.41617D+00       0.74679D-01
       0.18100D+03       0.64773D-01      -0.46620D-02       0.41590D+00       0.74857D-01
       0.18200D+03       0.64481D-01      -0.64271D-02       0.41613D+00       0.74649D-01
       0.18300D+03       0.64160D-01      -0.14995D-01       0.41586D+00       0.74851D-01
       0.18400D+03       0.63932D-01       0.88287D-02       0.41608D+00       0.74678D-01
       0.18500D+03       0.63615D-01      -0.22381D-01       0.41583D+00       0.75078D-01
       0.18600D+03       0.63562D-01       0.27150D-01       0.41604D+00       0.74881D-01
       0.18700D+03       0.63261D-01      -0.27481D-01       0.41581D+00       0.74854D-01
       0.18800D+03       0.63407D-01       0.45072D-01       0.41600D+00       0.74723D-01
       0.18900D+03       0.63157D-01      -0.30606D-01       0.41580D+00       0.74839D-01
       0.19000D+03       0.63488D-01       0.61689D-01       0.41598D+00       0.74623D-01
       0.19100D+03       0.63273D-01      -0.32606D-01       0.41581D+00       0.74494D-01
       0.19200D+03       0.63672D-01       0.77502D-01       0.41597D+00       0.74246D-01
       0.19300D+03       0.63549D-01      -0.33775D-01       0.41584D+00       0.74093D-01
       0.19400D+03       0.63940D-01       0.90158D-01       0.41596D+00       0.73838D-01
       0.19500D+03       0.63892D-01      -0.35179D-01       0.41588D+00       0.74440D-01
       0.19600D+03       0.64218D-01       0.97569D-01       0.41597D+00       0.74372D-01
       0.19700D+03       0.64198D-01      -0.38428D-01       0.41592D+00       0.74891D-01
       0.19800D+03       0.64411D-01       0.10090D+00       0.41598D+00       0.74979D-01
       0.19900D+03       0.64474D-01      -0.41857D-01       0.41598D+00       0.75088D-01
       0.20000D+03       0.64595D-01       0.10113D+00       0.41600D+00       0.74966D-01
       0.20100D+03       0.64753D-01      -0.42111D-01       0.41603D+00       0.74850D-01
       0.20200D+03       0.64743D-01       0.98424D-01       0.41601D+00       0.74735D-01
       0.20300D+03       0.65014D-01      -0.39969D-01       0.41608D+00       0.74816D-01
       0.20400D+03       0.64894D-01       0.92896D-01       0.41602D+00       0.74968D-01
       0.20500D+03       0.65310D-01      -0.38475D-01       0.41612D+00       0.74790D-01
       0.20600D+03       0.65134D-01       0.83026D-01       0.41603D+00       0.75385D-01
       0.20700D+03       0.65600D-01      -0.37842D-01       0.41615D+00       0.75148D-01
       0.20800D+03       0.65371D-01       0.68603D-01       0.41603D+00       0.74971D-01
       0.20900D+03       0.65819D-01      -0.36546D-01       0.41617D+00       0.74748D-01
       0.21000D+03       0.65561D-01       0.52633D-01       0.41601D+00       0.74556D-01
       0.21100D+03       0.65861D-01      -0.33856D-01       0.41618D+00       0.74409D-01
       0.21200D+03       0.65583D-01       0.36349D-01       0.41599D+00       0.74168D-01
       0.21300D+03       0.65686D-01      -0.29165D-01       0.41617D+00       0.74176D-01
       0.21400D+03       0.65404D-01       0.18930D-01       0.41596D+00       0.73974D-01
       0.21500D+03       0.65309D-01      -0.22138D-01       0.41615D+00       0.73783D-01
       0.21600D+03       0.65032D-01       0.24888D-02       0.41593D+00       0.73744D-01
       0.21700D+03       0.64810D-01      -0.12733D-01       0.41611D+00       0.73568D-01
       0.21800D+03       0.64540D-01      -0.99917D-02       0.41589D+00       0.73721D-01
       0.21900D+03       0.64307D-01       0.21074D-03       0.41608D+00       0.73562D-01
       0.22000D+03       0.64039D-01      -0.18771D-01       0.41586D+00       0.73698D-01
       0.22100D+03       0.63910D-01       0.17291D-01       0.41604D+00       0.73535D-01
       0.22200D+03       0.63649D-01      -0.25065D-01       0.41583D+00       0.73503D-01
       0.22300D+03       0.63681D-01       0.35793D-01       0.41600D+00       0.73268D-01
       0.22400D+03       0.63443D-01      -0.29148D-01       0.41582D+00       0.73258D-01
       0.22500D+03       0.63649D-01       0.52991D-01       0.41598D+00       0.73131D-01
       0.22600D+03       0.63442D-01      -0.31656D-01       0.41582D+00       0.73087D-01
       0.22700D+03       0.63759D-01       0.69313D-01       0.41596D+00       0.72916D-01
       0.22800D+03       0.63619D-01      -0.33241D-01       0.41584D+00       0.72739D-01
       0.22900D+03       0.63982D-01       0.84064D-01       0.41596D+00       0.72576D-01
       0.23000D+03       0.63874D-01      -0.34276D-01       0.41587D+00       0.73104D-01
       0.23100D+03       0.64188D-01       0.94282D-01       0.41596D+00       0.72908D-01
       0.23200D+03       0.64155D-01      -0.36477D-01       0.41590D+00       0.73401D-01
       0.23300D+03       0.64397D-01       0.99541D-01       0.41597D+00       0.73417D-01
       0.23400D+03       0.64425D-01      -0.40265D-01       0.41594D+00       0.73476D-01
       0.23500D+03       0.64557D-01       0.10139D+00       0.41598D+00       0.73611D-01
       0.23600D+03       0.64660D-01      -0.42453D-01       0.41599D+00       0.74294D-01
       0.23700D+03       0.64709D-01       0.10019D+00       0.41599D+00       0.74757D-01
       0.23800D+03       0.64891D-01      -0.41185D-01       0.41603D+00       0.74685D-01
       0.23900D+03       0.64835D-01       0.96228D-01       0.41600D+00       0.74770D-01
       0.24000D+03       0.65129D-01      -0.39088D-01       0.41607D+00       0.74607D-01
       0.24100D+03       0.65003D-01       0.88896D-01       0.41601D+00       0.75075D-01
       0.24200D+03       0.65374D-01      -0.38166D-01       0.41611D+00       0.74874D-01
       0.24300D+03       0.65208D-01       0.76647D-01       0.41601D+00       0.75373D-01
       0.24400D+03       0.65612D-01      -0.37381D-01       0.41613D+00       0.75168D-01
       0.24500D+03       0.65404D-01       0.61100D-01       0.41601D+00       0.75062D-01
       0.24600D+03       0.65727D-01      -0.35480D-01       0.41614D+00       0.74881D-01
       0.24700D+03       0.65496D-01       0.45070D-01       0.41599D+00       0.74703D-01
       0.24800D+03       0.65670D-01      -0.31939D-01       0.41614D+00       0.74584D-01
       0.24900D+03       0.65432D-01       0.28250D-01       0.41597D+00       0.74395D-01
       0.25000D+03       0.65436D-01      -0.26134D-01       0.41613D+00       0.74393D-01
       0.25100D+03       0.65195D-01       0.10825D-01       0.41594D+00       0.74204D-01
       0.25200D+03       0.65052D-01      -0.18046D-01       0.41610D+00       0.74046D-01
       0.25300D+03       0.64819D-01      -0.39410D-02       0.41591D+00       0.74185D-01
       0.25400D+03       0.64610D-01      -0.71741D-02       0.41607D+00       0.74046D-01
       0.25500D+03       0.64380D-01      -0.14491D-01       0.41588D+00       0.74196D-01
       0.25600D+03       0.64210D-01       0.78317D-02       0.41604D+00       0.74073D-01
       0.25700D+03       0.63981D-01      -0.22017D-01       0.41585D+00       0.74364D-01
       0.25800D+03       0.63933D-01       0.26070D-01       0.41601D+00       0.74224D-01
       0.25900D+03       0.63714D-01      -0.27247D-01       0.41584D+00       0.74207D-01
       0.26000D+03       0.63808D-01       0.44079D-01       0.41598D+00       0.73983D-01
       0.26100D+03       0.63624D-01      -0.30463D-01       0.41583D+00       0.74072D-01
       0.26200D+03       0.63854D-01       0.60743D-01       0.41596D+00       0.73920D-01
       0.26300D+03       0.63710D-01      -0.32514D-01       0.41584D+00       0.73827D-01
       0.26400D+03       0.64000D-01       0.76639D-01       0.41595D+00       0.73653D-01
       0.26500D+03       0.63906D-01      -0.33720D-01       0.41586D+00       0.73510D-01
       0.26600D+03       0.64190D-01       0.89566D-01       0.41595D+00       0.73330D-01
       0.26700D+03       0.64150D-01      -0.35054D-01       0.41589D+00       0.73768D-01
       0.26800D+03       0.64401D-01       0.97269D-01       0.41596D+00       0.73722D-01
       0.26900D+03       0.64381D-01      -0.38199D-01       0.41592D+00       0.74102D-01
       0.27000D+03       0.64541D-01       0.10079D+00       0.41597D+00       0.74171D-01
       0.27100D+03       0.64581D-01      -0.41725D-01       0.41596D+00       0.74254D-01
       0.27200D+03       0.64676D-01       0.10120D+00       0.41598D+00       0.74168D-01
       0.27300D+03       0.64786D-01      -0.42193D-01       0.41600D+00       0.74090D-01
       0.27400D+03       0.64784D-01       0.98652D-01       0.41599D+00       0.74009D-01
       0.27500D+03       0.64980D-01      -0.40096D-01       0.41604D+00       0.73936D-01
       0.27600D+03       0.64895D-01       0.93315D-01       0.41600D+00       0.74054D-01
       0.27700D+03       0.65175D-01      -0.38525D-01       0.41607D+00       0.73920D-01
       0.27800D+03       0.65048D-01       0.83741D-01       0.41600D+00       0.74365D-01
       0.27900D+03       0.65395D-01      -0.37884D-01       0.41609D+00       0.74189D-01
       0.28000D+03       0.65228D-01       0.69512D-01       0.41600D+00       0.74063D-01
       0.28100D+03       0.65548D-01      -0.36655D-01       0.41611D+00       0.73899D-01
       0.28200D+03       0.65358D-01       0.53559D-01       0.41599D+00       0.73760D-01
       0.28300D+03       0.65591D-01      -0.34059D-01       0.41611D+00       0.73652D-01
       0.28400D+03       0.65385D-01       0.37322D-01       0.41597D+00       0.73494D-01
       0.28500D+03       0.65472D-01      -0.29502D-01       0.41611D+00       0.73501D-01
       0.28600D+03       0.65262D-01       0.19950D-01       0.41595D+00       0.73353D-01
       0.28700D+03       0.65198D-01      -0.22605D-01       0.41609D+00       0.73211D-01
       0.28800D+03       0.64991D-01       0.33480D-02       0.41593D+00       0.73183D-01
       0.28900D+03       0.64828D-01      -0.13358D-01       0.41607D+00       0.73053D-01
       0.29000D+03       0.64625D-01      -0.93849D-02       0.41590D+00       0.73170D-01
       0.29100D+03       0.64448D-01      -0.66010D-03       0.41604D+00       0.73052D-01
       0.29200D+03       0.64245D-01      -0.18336D-01       0.41587D+00       0.73156D-01
       0.29300D+03       0.64141D-01       0.16224D-01       0.41601D+00       0.73035D-01
       0.29400D+03       0.63943D-01      -0.24762D-01       0.41585D+00       0.73013D-01
       0.29500D+03       0.63959D-01       0.34748D-01       0.41598D+00       0.72840D-01
       0.29600D+03       0.63777D-01      -0.28964D-01       0.41585D+00       0.72833D-01
       0.29700D+03       0.63924D-01       0.52029D-01       0.41597D+00       0.72740D-01
       0.29800D+03       0.63767D-01      -0.31537D-01       0.41585D+00       0.72708D-01
       0.29900D+03       0.63999D-01       0.68386D-01       0.41595D+00       0.72580D-01
       0.30000D+03       0.63889D-01      -0.33173D-01       0.41586D+00       0.72444D-01
       0.30100D+03       0.64162D-01       0.83308D-01       0.41595D+00       0.72321D-01
       0.30200D+03       0.64076D-01      -0.34204D-01       0.41588D+00       0.72722D-01
       0.30300D+03       0.64317D-01       0.93840D-01       0.41595D+00       0.72575D-01
       0.30400D+03       0.64287D-01      -0.36291D-01       0.41590D+00       0.72952D-01
       0.30500D+03       0.64475D-01       0.99339D-01       0.41596D+00       0.72968D-01
       0.30600D+03       0.64492D-01      -0.40050D-01       0.41594D+00       0.73014D-01
       0.30700D+03       0.64597D-01       0.10137D+00       0.41596D+00       0.73120D-01
       0.30800D+03       0.64671D-01      -0.42428D-01       0.41597D+00       0.73188D-01
       0.30900D+03       0.64714D-01       0.10034D+00       0.41597D+00       0.73548D-01
       0.31000D+03       0.64849D-01      -0.41316D-01       0.41601D+00       0.73495D-01
       0.31100D+03       0.64810D-01       0.96533D-01       0.41598D+00       0.73567D-01
       0.31200D+03       0.65033D-01      -0.39180D-01       0.41604D+00       0.73479D-01
       0.31300D+03       0.64940D-01       0.89449D-01       0.41599D+00       0.73844D-01
       0.31400D+03       0.65224D-01      -0.38198D-01       0.41606D+00       0.73690D-01
       0.31500D+03       0.65099D-01       0.77481D-01       0.41599D+00       0.74081D-01
       0.31600D+03       0.65414D-01      -0.37450D-01       0.41608D+00       0.73937D-01
       0.31700D+03       0.65256D-01       0.62027D-01       0.41599D+00       0.73860D-01
       0.31800D+03       0.65512D-01      -0.35628D-01       0.41609D+00       0.73736D-01
       0.31900D+03       0.65335D-01       0.46006D-01       0.41598D+00       0.73603D-01
       0.32000D+03       0.65478D-01      -0.32202D-01       0.41609D+00       0.73514D-01
       0.32100D+03       0.65292D-01       0.29261D-01       0.41596D+00       0.73371D-01
       0.32200D+03       0.65304D-01      -0.26534D-01       0.41608D+00       0.73372D-01
       0.32300D+03       0.65117D-01       0.11796D-01       0.41594D+00       0.73232D-01
       0.32400D+03       0.65011D-01      -0.18578D-01       0.41606D+00       0.73112D-01
       0.32500D+03       0.64829D-01      -0.32049D-02       0.41591D+00       0.73224D-01
       0.32600D+03       0.64667D-01      -0.79064D-02       0.41604D+00       0.73120D-01
       0.32700D+03       0.64487D-01      -0.13976D-01       0.41589D+00       0.73239D-01
       0.32800D+03       0.64351D-01       0.68467D-02       0.41601D+00       0.73147D-01
       0.32900D+03       0.64172D-01      -0.21645D-01       0.41587D+00       0.73377D-01
       0.33000D+03       0.64127D-01       0.24989D-01       0.41599D+00       0.73270D-01
       0.33100D+03       0.63954D-01      -0.27005D-01       0.41586D+00       0.73249D-01
       0.33200D+03       0.64021D-01       0.43080D-01       0.41597D+00       0.73085D-01
       0.33300D+03       0.63874D-01      -0.30316D-01       0.41585D+00       0.73157D-01
       0.33400D+03       0.64048D-01       0.59795D-01       0.41595D+00       0.73043D-01
       0.33500D+03       0.63932D-01      -0.32419D-01       0.41586D+00       0.72971D-01
       0.33600D+03       0.64156D-01       0.75765D-01       0.41595D+00       0.72848D-01
       0.33700D+03       0.64079D-01      -0.33665D-01       0.41587D+00       0.72743D-01
       0.33800D+03       0.64302D-01       0.88955D-01       0.41595D+00       0.72606D-01
       0.33900D+03       0.64267D-01      -0.34936D-01       0.41589D+00       0.72960D-01
       0.34000D+03       0.64467D-01       0.96956D-01       0.41595D+00       0.72927D-01
       0.34100D+03       0.64447D-01      -0.37973D-01       0.41592D+00       0.73229D-01
       0.34200D+03       0.64577D-01       0.10067D+00       0.41596D+00       0.73288D-01
       0.34300D+03       0.64604D-01      -0.41580D-01       0.41595D+00       0.73355D-01
       0.34400D+03       0.64682D-01       0.10126D+00       0.41596D+00       0.73432D-01
       0.34500D+03       0.64765D-01      -0.42265D-01       0.41598D+00       0.73888D-01
       0.34600D+03       0.64768D-01       0.98872D-01       0.41597D+00       0.73960D-01
       0.34700D+03       0.64919D-01      -0.40225D-01       0.41601D+00       0.73900D-01
       0.34800D+03       0.64854D-01       0.93719D-01       0.41598D+00       0.74200D-01
       0.34900D+03       0.65075D-01      -0.38578D-01       0.41604D+00       0.74089D-01
       0.35000D+03       0.64977D-01       0.84438D-01       0.41598D+00       0.74443D-01
       0.35100D+03       0.65254D-01      -0.37924D-01       0.41606D+00       0.74315D-01
       0.35200D+03       0.65123D-01       0.70416D-01       0.41598D+00       0.74217D-01
       0.35300D+03       0.65382D-01      -0.36760D-01       0.41607D+00       0.74084D-01
       0.35400D+03       0.65232D-01       0.54485D-01       0.41598D+00       0.73973D-01
       0.35500D+03       0.65425D-01      -0.34256D-01       0.41607D+00       0.73886D-01
       0.35600D+03       0.65262D-01       0.38290D-01       0.41596D+00       0.73760D-01
       0.35700D+03       0.65339D-01      -0.29830D-01       0.41607D+00       0.73762D-01
       0.35800D+03       0.65171D-01       0.20971D-01       0.41595D+00       0.73645D-01
       0.35900D+03       0.65127D-01      -0.23065D-01       0.41606D+00       0.73529D-01
       0.36000D+03       0.64961D-01       0.42214D-02       0.41593D+00       0.73528D-01
       0.36100D+03       0.64833D-01      -0.13972D-01       0.41604D+00       0.73423D-01
       0.36200D+03       0.64671D-01      -0.87653D-02       0.41590D+00       0.73516D-01
       0.36300D+03       0.64527D-01      -0.15156D-02       0.41602D+00       0.73420D-01
       0.36400D+03       0.64365D-01      -0.17894D-01       0.41588D+00       0.73502D-01
       0.36500D+03       0.64276D-01       0.15163D-01       0.41599D+00       0.73404D-01
       0.36600D+03       0.64116D-01      -0.24452D-01       0.41587D+00       0.73385D-01
       0.36700D+03       0.64122D-01       0.33697D-01       0.41597D+00       0.73247D-01
       0.36800D+03       0.63974D-01      -0.28775D-01       0.41586D+00       0.73240D-01
       0.36900D+03       0.64086D-01       0.51065D-01       0.41596D+00       0.73165D-01
       0.37000D+03       0.63958D-01      -0.31416D-01       0.41586D+00       0.73138D-01
       0.37100D+03       0.64140D-01       0.67455D-01       0.41595D+00       0.73034D-01
       0.37200D+03       0.64049D-01      -0.33102D-01       0.41587D+00       0.72951D-01
       0.37300D+03       0.64265D-01       0.82537D-01       0.41594D+00       0.72835D-01
       0.37400D+03       0.64216D-01      -0.34136D-01       0.41588D+00       0.73156D-01
       0.37500D+03       0.64405D-01       0.93380D-01       0.41594D+00       0.73058D-01
       0.37600D+03       0.64378D-01      -0.36112D-01       0.41591D+00       0.73361D-01
       0.37700D+03       0.64532D-01       0.99127D-01       0.41595D+00       0.73375D-01
       0.37800D+03       0.64541D-01      -0.39830D-01       0.41593D+00       0.73411D-01
       0.37900D+03       0.64630D-01       0.10133D+00       0.41596D+00       0.73497D-01
       0.38000D+03       0.64687D-01      -0.42389D-01       0.41596D+00       0.73565D-01
       0.38100D+03       0.64725D-01       0.10048D+00       0.41596D+00       0.73960D-01
       0.38200D+03       0.64831D-01      -0.41444D-01       0.41599D+00       0.74031D-01
       0.38300D+03       0.64803D-01       0.96827D-01       0.41597D+00       0.74090D-01
       0.38400D+03       0.64982D-01      -0.39276D-01       0.41601D+00       0.74016D-01
       0.38500D+03       0.64909D-01       0.89983D-01       0.41598D+00       0.74313D-01
       0.38600D+03       0.65139D-01      -0.38231D-01       0.41603D+00       0.74184D-01
       0.38700D+03       0.65032D-01       0.78302D-01       0.41598D+00       0.74496D-01
       0.38800D+03       0.65291D-01      -0.37516D-01       0.41605D+00       0.74377D-01
       0.38900D+03       0.65164D-01       0.62955D-01       0.41597D+00       0.74314D-01
       0.39000D+03       0.65378D-01      -0.35772D-01       0.41606D+00       0.74210D-01
       0.39100D+03       0.65234D-01       0.46940D-01       0.41597D+00       0.74079D-01
       0.39200D+03       0.65358D-01      -0.32457D-01       0.41606D+00       0.73982D-01
       0.39300D+03       0.65207D-01       0.30269D-01       0.41595D+00       0.73891D-01
       0.39400D+03       0.65222D-01      -0.26927D-01       0.41605D+00       0.73890D-01
       0.39500D+03       0.65070D-01       0.12776D-01       0.41594D+00       0.73775D-01
       0.39600D+03       0.64988D-01      -0.19102D-01       0.41604D+00       0.73675D-01
       0.39700D+03       0.64839D-01      -0.24536D-02       0.41592D+00       0.73771D-01
       0.39800D+03       0.64707D-01      -0.86244D-02       0.41602D+00       0.73684D-01
       0.39900D+03       0.64560D-01      -0.13451D-01       0.41590D+00       0.73781D-01
       0.40000D+03       0.64445D-01       0.58741D-02       0.41600D+00       0.73704D-01
       0.40100D+03       0.64298D-01      -0.21265D-01       0.41588D+00       0.73892D-01
       0.40200D+03       0.64255D-01       0.23906D-01       0.41598D+00       0.73802D-01
       0.40300D+03       0.64113D-01      -0.26756D-01       0.41587D+00       0.73783D-01
       0.40400D+03       0.64167D-01       0.42077D-01       0.41596D+00       0.73647D-01
       0.40500D+03       0.64041D-01      -0.30165D-01       0.41586D+00       0.73706D-01
       0.40600D+03       0.64177D-01       0.58846D-01       0.41595D+00       0.73612D-01
       0.40700D+03       0.64079D-01      -0.32321D-01       0.41587D+00       0.73550D-01
       0.40800D+03       0.64261D-01       0.74882D-01       0.41594D+00       0.73448D-01
       0.40900D+03       0.64195D-01      -0.33610D-01       0.41588D+00       0.73359D-01
       0.41000D+03       0.64378D-01       0.88325D-01       0.41594D+00       0.73265D-01
       0.41100D+03       0.64347D-01      -0.34824D-01       0.41590D+00       0.73555D-01
       0.41200D+03       0.64513D-01       0.96628D-01       0.41594D+00       0.73463D-01
       0.41300D+03       0.64494D-01      -0.37749D-01       0.41592D+00       0.73710D-01
       0.41400D+03       0.64604D-01       0.10055D+00       0.41595D+00       0.73760D-01
       0.41500D+03       0.64623D-01      -0.41425D-01       0.41594D+00       0.73810D-01
       0.41600D+03       0.64692D-01       0.10131D+00       0.41596D+00       0.73874D-01
       0.41700D+03       0.64756D-01      -0.42328D-01       0.41597D+00       0.74250D-01
       0.41800D+03       0.64762D-01       0.99083D-01       0.41596D+00       0.74406D-01
       0.41900D+03       0.64884D-01      -0.40358D-01       0.41599D+00       0.74354D-01
       0.42000D+03       0.64833D-01       0.94110D-01       0.41597D+00       0.74604D-01
       0.42100D+03       0.65014D-01      -0.38636D-01       0.41601D+00       0.74517D-01
       0.42200D+03       0.64935D-01       0.85117D-01       0.41597D+00       0.74812D-01
       0.42300D+03       0.65165D-01      -0.37962D-01       0.41603D+00       0.74692D-01
       0.42400D+03       0.65058D-01       0.71314D-01       0.41597D+00       0.74577D-01
       0.42500D+03       0.65276D-01      -0.36861D-01       0.41604D+00       0.74465D-01
       0.42600D+03       0.65154D-01       0.55411D-01       0.41597D+00       0.74395D-01
       0.42700D+03       0.65320D-01      -0.34446D-01       0.41605D+00       0.74320D-01
       0.42800D+03       0.65185D-01       0.39254D-01       0.41596D+00       0.74214D-01
       0.42900D+03       0.65255D-01      -0.30151D-01       0.41604D+00       0.74214D-01
       0.43000D+03       0.65116D-01       0.21993D-01       0.41594D+00       0.74135D-01
       0.43100D+03       0.65085D-01      -0.23518D-01       0.41603D+00       0.74038D-01
       0.43200D+03       0.64946D-01       0.51087D-02       0.41593D+00       0.74037D-01
       0.43300D+03       0.64843D-01      -0.14575D-01       0.41602D+00       0.73947D-01
       0.43400D+03       0.64707D-01      -0.81323D-02       0.41591D+00       0.74024D-01
       0.43500D+03       0.64586D-01      -0.23558D-02       0.41600D+00       0.73942D-01
       0.43600D+03       0.64451D-01      -0.17443D-01       0.41589D+00       0.74011D-01
       0.43700D+03       0.64372D-01       0.14109D-01       0.41598D+00       0.73928D-01
       0.43800D+03       0.64238D-01      -0.24134D-01       0.41588D+00       0.73911D-01
       0.43900D+03       0.64238D-01       0.32641D-01       0.41597D+00       0.73832D-01
       0.44000D+03       0.64113D-01      -0.28580D-01       0.41587D+00       0.73824D-01
       0.44100D+03       0.64202D-01       0.50098D-01       0.41595D+00       0.73762D-01
       0.44200D+03       0.64094D-01      -0.31291D-01       0.41587D+00       0.73738D-01
       0.44300D+03       0.64242D-01       0.66521D-01       0.41594D+00       0.73650D-01
       0.44400D+03       0.64164D-01      -0.33029D-01       0.41588D+00       0.73577D-01
       0.44500D+03       0.64345D-01       0.81751D-01       0.41594D+00       0.73491D-01
       0.44600D+03       0.64301D-01      -0.34072D-01       0.41589D+00       0.73757D-01
       0.44700D+03       0.64466D-01       0.92902D-01       0.41594D+00       0.73645D-01
       0.44800D+03       0.64441D-01      -0.35941D-01       0.41591D+00       0.73898D-01
       0.44900D+03       0.64572D-01       0.98904D-01       0.41594D+00       0.73912D-01
       0.45000D+03       0.64577D-01      -0.39607D-01       0.41593D+00       0.73941D-01
       0.45100D+03       0.64655D-01       0.10129D+00       0.41595D+00       0.74014D-01
       0.45200D+03       0.64699D-01      -0.42337D-01       0.41595D+00       0.74069D-01
       0.45300D+03       0.64734D-01       0.10061D+00       0.41596D+00       0.74400D-01
       0.45400D+03       0.64820D-01      -0.41568D-01       0.41598D+00       0.74358D-01
       0.45500D+03       0.64799D-01       0.97111D-01       0.41596D+00       0.74554D-01
       0.45600D+03       0.64948D-01      -0.39378D-01       0.41600D+00       0.74489D-01
       0.45700D+03       0.64889D-01       0.90501D-01       0.41597D+00       0.74739D-01
       0.45800D+03       0.65082D-01      -0.38266D-01       0.41602D+00       0.74627D-01
       0.45900D+03       0.64994D-01       0.79109D-01       0.41597D+00       0.74891D-01
       0.46000D+03       0.65201D-01      -0.37578D-01       0.41603D+00       0.74789D-01
       0.46100D+03       0.65096D-01       0.63881D-01       0.41597D+00       0.74701D-01
       0.46200D+03       0.65281D-01      -0.35911D-01       0.41604D+00       0.74611D-01
       0.46300D+03       0.65160D-01       0.47871D-01       0.41596D+00       0.74499D-01
       0.46400D+03       0.65270D-01      -0.32704D-01       0.41604D+00       0.74416D-01
       0.46500D+03       0.65143D-01       0.31272D-01       0.41595D+00       0.74339D-01
       0.46600D+03       0.65162D-01      -0.27312D-01       0.41603D+00       0.74337D-01
       0.46700D+03       0.65033D-01       0.13763D-01       0.41593D+00       0.74239D-01
       0.46800D+03       0.64968D-01      -0.19618D-01       0.41602D+00       0.74153D-01
       0.46900D+03       0.64842D-01      -0.16869D-02       0.41592D+00       0.74230D-01
       0.47000D+03       0.64731D-01      -0.93283D-02       0.41600D+00       0.74155D-01
       0.47100D+03       0.64607D-01      -0.12916D-01       0.41590D+00       0.74237D-01
       0.47200D+03       0.64507D-01       0.49146D-02       0.41599D+00       0.74170D-01
       0.47300D+03       0.64382D-01      -0.20878D-01       0.41589D+00       0.74242D-01
       0.47400D+03       0.64341D-01       0.22824D-01       0.41597D+00       0.74165D-01
       0.47500D+03       0.64220D-01      -0.26500D-01       0.41588D+00       0.74148D-01
       0.47600D+03       0.64261D-01       0.41067D-01       0.41596D+00       0.74032D-01
       0.47700D+03       0.64152D-01      -0.30011D-01       0.41587D+00       0.74082D-01
       0.47800D+03       0.64263D-01       0.57895D-01       0.41594D+00       0.74002D-01
       0.47900D+03       0.64178D-01      -0.32220D-01       0.41588D+00       0.73948D-01
       0.48000D+03       0.64341D-01       0.73992D-01       0.41594D+00       0.73861D-01
       0.48100D+03       0.64272D-01      -0.33554D-01       0.41588D+00       0.73783D-01
       0.48200D+03       0.64428D-01       0.87676D-01       0.41594D+00       0.73703D-01
       0.48300D+03       0.64399D-01      -0.34720D-01       0.41590D+00       0.73948D-01
       0.48400D+03       0.64542D-01       0.96286D-01       0.41594D+00       0.73876D-01
       0.48500D+03       0.64537D-01      -0.37528D-01       0.41592D+00       0.74085D-01
       0.48600D+03       0.64641D-01       0.10041D+00       0.41594D+00       0.74135D-01
       0.48700D+03       0.64655D-01      -0.41258D-01       0.41594D+00       0.74176D-01
       0.48800D+03       0.64716D-01       0.10135D+00       0.41595D+00       0.74231D-01
       0.48900D+03       0.64768D-01      -0.42379D-01       0.41596D+00       0.74460D-01
       0.49000D+03       0.64776D-01       0.99286D-01       0.41596D+00       0.74499D-01
       0.49100D+03       0.64878D-01      -0.40492D-01       0.41598D+00       0.74454D-01
       0.49200D+03       0.64838D-01       0.94487D-01       0.41596D+00       0.74669D-01
       0.49300D+03       0.64993D-01      -0.38697D-01       0.41600D+00       0.74594D-01
       0.49400D+03       0.64927D-01       0.85779D-01       0.41596D+00       0.74847D-01
       0.49500D+03       0.65124D-01      -0.37998D-01       0.41601D+00       0.74742D-01
       0.49600D+03       0.65034D-01       0.72205D-01       0.41596D+00       0.74645D-01
       0.49700D+03       0.65223D-01      -0.36956D-01       0.41602D+00       0.74548D-01
       0.49800D+03       0.65119D-01       0.56338D-01       0.41596D+00       0.74489D-01
       0.49900D+03       0.65266D-01      -0.34629D-01       0.41603D+00       0.74424D-01
       0.50000D+03       0.65151D-01       0.40213D-01       0.41595D+00       0.74334D-01
       0.50100D+03       0.65217D-01      -0.30463D-01       0.41603D+00       0.74331D-01
       0.50200D+03       0.65098D-01       0.23016D-01       0.41594D+00       0.74265D-01
       0.50300D+03       0.65076D-01      -0.23963D-01       0.41602D+00       0.74181D-01
       0.50400D+03       0.64957D-01       0.60095D-02       0.41593D+00       0.74181D-01
       0.50500D+03       0.64870D-01      -0.15166D-01       0.41601D+00       0.74103D-01
       0.50600D+03       0.64754D-01      -0.74857D-02       0.41591D+00       0.74169D-01
       0.50700D+03       0.64650D-01      -0.31805D-02       0.41599D+00       0.74098D-01
       0.50800D+03       0.64534D-01      -0.16985D-01       0.41590D+00       0.74169D-01
       0.50900D+03       0.64463D-01       0.13061D-01       0.41597D+00       0.74109D-01
       0.51000D+03       0.64348D-01      -0.23808D-01       0.41588D+00       0.74094D-01
       0.51100D+03       0.64343D-01       0.31580D-01       0.41596D+00       0.74025D-01
       0.51200D+03       0.64236D-01      -0.28380D-01       0.41588D+00       0.74018D-01
       0.51300D+03       0.64306D-01       0.49127D-01       0.41595D+00       0.73966D-01
       0.51400D+03       0.64212D-01      -0.31164D-01       0.41588D+00       0.73944D-01
       0.51500D+03       0.64338D-01       0.65584D-01       0.41594D+00       0.73862D-01
       0.51600D+03       0.64269D-01      -0.32953D-01       0.41588D+00       0.73800D-01
       0.51700D+03       0.64423D-01       0.80950D-01       0.41594D+00       0.73726D-01
       0.51800D+03       0.64383D-01      -0.34010D-01       0.41589D+00       0.73953D-01
       0.51900D+03       0.64526D-01       0.92406D-01       0.41594D+00       0.73858D-01
       0.52000D+03       0.64502D-01      -0.35777D-01       0.41591D+00       0.74065D-01
       0.52100D+03       0.64617D-01       0.98669D-01       0.41594D+00       0.74037D-01
       0.52200D+03       0.64618D-01      -0.39380D-01       0.41593D+00       0.74071D-01
       0.52300D+03       0.64688D-01       0.10123D+00       0.41594D+00       0.74135D-01
       0.52400D+03       0.64723D-01      -0.42271D-01       0.41595D+00       0.74182D-01
       0.52500D+03       0.64756D-01       0.10073D+00       0.41595D+00       0.74467D-01
       0.52600D+03       0.64828D-01      -0.41687D-01       0.41597D+00       0.74593D-01
       0.52700D+03       0.64813D-01       0.97386D-01       0.41596D+00       0.74763D-01
       0.52800D+03       0.64939D-01      -0.39484D-01       0.41599D+00       0.74704D-01
       0.52900D+03       0.64890D-01       0.91001D-01       0.41596D+00       0.74921D-01
       0.53000D+03       0.65056D-01      -0.38302D-01       0.41600D+00       0.74822D-01
       0.53100D+03       0.64981D-01       0.79904D-01       0.41596D+00       0.75051D-01
       0.53200D+03       0.65162D-01      -0.37637D-01       0.41601D+00       0.74962D-01
       0.53300D+03       0.65072D-01       0.64806D-01       0.41596D+00       0.74887D-01
       0.53400D+03       0.65235D-01      -0.36044D-01       0.41602D+00       0.74807D-01
       0.53500D+03       0.65132D-01       0.48801D-01       0.41595D+00       0.74711D-01
       0.53600D+03       0.65232D-01      -0.32943D-01       0.41602D+00       0.74638D-01
       0.53700D+03       0.65122D-01       0.32271D-01       0.41594D+00       0.74571D-01
       0.53800D+03       0.65143D-01      -0.27689D-01       0.41602D+00       0.74578D-01
       0.53900D+03       0.65032D-01       0.14759D-01       0.41593D+00       0.74495D-01
       0.54000D+03       0.64979D-01      -0.20125D-01       0.41601D+00       0.74419D-01
       0.54100D+03       0.64869D-01      -0.90484D-03       0.41592D+00       0.74405D-01
       0.54200D+03       0.64774D-01      -0.10018D-01       0.41599D+00       0.74340D-01
       0.54300D+03       0.64666D-01      -0.12370D-01       0.41590D+00       0.74411D-01
       0.54400D+03       0.64578D-01       0.39686D-02       0.41598D+00       0.74352D-01
       0.54500D+03       0.64469D-01      -0.20483D-01       0.41589D+00       0.74404D-01
       0.54600D+03       0.64430D-01       0.21741D-01       0.41596D+00       0.74337D-01
       0.54700D+03       0.64324D-01      -0.26236D-01       0.41588D+00       0.74322D-01
       0.54800D+03       0.64355D-01       0.40052D-01       0.41595D+00       0.74222D-01
       0.54900D+03       0.64260D-01      -0.29852D-01       0.41588D+00       0.74275D-01
       0.55000D+03       0.64352D-01       0.56943D-01       0.41594D+00       0.74205D-01
       0.55100D+03       0.64277D-01      -0.32116D-01       0.41588D+00       0.74264D-01
       0.55200D+03       0.64416D-01       0.73093D-01       0.41594D+00       0.74189D-01
       0.55300D+03       0.64364D-01      -0.33497D-01       0.41589D+00       0.74119D-01
       0.55400D+03       0.64499D-01       0.87009D-01       0.41593D+00       0.74049D-01
       0.55500D+03       0.64472D-01      -0.34622D-01       0.41590D+00       0.74262D-01
       0.55600D+03       0.64597D-01       0.95929D-01       0.41594D+00       0.74200D-01
       0.55700D+03       0.64591D-01      -0.37312D-01       0.41592D+00       0.74381D-01
       0.55800D+03       0.64683D-01       0.10026D+00       0.41594D+00       0.74347D-01
       0.55900D+03       0.64705D-01      -0.41082D-01       0.41593D+00       0.74381D-01
       0.56000D+03       0.64761D-01       0.10138D+00       0.41595D+00       0.74426D-01
       0.56100D+03       0.64804D-01      -0.42419D-01       0.41595D+00       0.74626D-01
       0.56200D+03       0.64813D-01       0.99480D-01       0.41595D+00       0.74660D-01
       0.56300D+03       0.64899D-01      -0.40627D-01       0.41597D+00       0.74619D-01
       0.56400D+03       0.64866D-01       0.94851D-01       0.41596D+00       0.74808D-01
       0.56500D+03       0.64998D-01      -0.38764D-01       0.41599D+00       0.74741D-01
       0.56600D+03       0.64937D-01       0.86424D-01       0.41596D+00       0.74963D-01
       0.56700D+03       0.65109D-01      -0.38032D-01       0.41600D+00       0.74870D-01
       0.56800D+03       0.65032D-01       0.73089D-01       0.41596D+00       0.74786D-01
       0.56900D+03       0.65199D-01      -0.37048D-01       0.41601D+00       0.74700D-01
       0.57000D+03       0.65110D-01       0.57265D-01       0.41596D+00       0.74649D-01
       0.57100D+03       0.65242D-01      -0.34807D-01       0.41601D+00       0.74592D-01
       0.57200D+03       0.65142D-01       0.41167D-01       0.41595D+00       0.74513D-01
       0.57300D+03       0.65204D-01      -0.30767D-01       0.41601D+00       0.74523D-01
       0.57400D+03       0.65100D-01       0.24039D-01       0.41594D+00       0.74463D-01
       0.57500D+03       0.65084D-01      -0.24401D-01       0.41601D+00       0.74389D-01
       0.57600D+03       0.64980D-01       0.69233D-02       0.41593D+00       0.74389D-01
