       0.10000D+01       0.91303D-04       0.32967D-01       0.36143D+00       0.32682D-01
       0.20000D+01       0.82561D-03      -0.16679D-01       0.35289D+00       0.42455D-01
       0.30000D+01       0.10773D-02       0.25389D-01       0.34803D+00       0.44354D-01
       0.40000D+01       0.31407D-02      -0.13062D-01       0.35328D+00       0.65190D-01
       0.50000D+01       0.31145D-02       0.72705D-02       0.34708D+00       0.59753D-01
       0.60000D+01       0.32457D-02       0.82275D-02       0.35245D+00       0.54514D-01
       0.70000D+01       0.25357D-02       0.77724D-02       0.34656D+00       0.52934D-01
       0.80000D+01       0.23092D-02       0.36085D-01       0.34875D+00       0.51603D-01
       0.90000D+01       0.26987D-02      -0.18000D-01       0.34760D+00       0.53976D-01
       0.10000D+02       0.27627D-02       0.27932D-01       0.34709D+00       0.51497D-01
       0.11000D+02       0.32633D-02      -0.12194D-01       0.34879D+00       0.65305D-01
       0.12000D+02       0.31542D-02       0.77869D-02       0.34672D+00       0.62954D-01
       0.13000D+02       0.34056D-02       0.10092D-02       0.34925D+00       0.64223D-01
       0.14000D+02       0.32431D-02       0.15184D-01       0.34659D+00       0.63255D-01
       0.15000D+02       0.29372D-02       0.40455D-01       0.34794D+00       0.59449D-01
       0.16000D+02       0.33528D-02      -0.16908D-01       0.34696D+00       0.79614D-01
       0.17000D+02       0.34363D-02       0.30829D-01       0.34696D+00       0.76697D-01
       0.18000D+02       0.37196D-02      -0.10135D-01       0.34780D+00       0.85057D-01
       0.19000D+02       0.36378D-02       0.11780D-01       0.34665D+00       0.82421D-01
       0.20000D+02       0.39529D-02      -0.34754D-02       0.34826D+00       0.82168D-01
       0.21000D+02       0.40260D-02       0.19978D-01       0.34662D+00       0.80373D-01
       0.22000D+02       0.37315D-02       0.42353D-01       0.34769D+00       0.77082D-01
       0.23000D+02       0.40564D-02      -0.14345D-01       0.34674D+00       0.91626D-01
       0.24000D+02       0.41481D-02       0.32835D-01       0.34693D+00       0.89117D-01
       0.25000D+02       0.43175D-02      -0.89293D-02       0.34739D+00       0.88506D-01
       0.26000D+02       0.42561D-02       0.16844D-01       0.34665D+00       0.86983D-01
       0.27000D+02       0.45856D-02      -0.65706D-02       0.34779D+00       0.86532D-01
       0.28000D+02       0.47250D-02       0.20364D-01       0.34665D+00       0.84333D-01
       0.29000D+02       0.45002D-02       0.38947D-01       0.34758D+00       0.81883D-01
       0.30000D+02       0.46198D-02      -0.11067D-01       0.34664D+00       0.92987D-01
       0.31000D+02       0.46827D-02       0.33140D-01       0.34693D+00       0.90903D-01
       0.32000D+02       0.47554D-02      -0.10067D-01       0.34715D+00       0.90379D-01
       0.33000D+02       0.47060D-02       0.20856D-01       0.34666D+00       0.89754D-01
       0.34000D+02       0.49294D-02      -0.93138D-02       0.34750D+00       0.89265D-01
       0.35000D+02       0.50304D-02       0.16504D-01       0.34667D+00       0.87891D-01
       0.36000D+02       0.49047D-02       0.30407D-01       0.34749D+00       0.85760D-01
       0.37000D+02       0.48502D-02      -0.66308D-02       0.34660D+00       0.94237D-01
       0.38000D+02       0.48635D-02       0.32477D-01       0.34693D+00       0.92903D-01
       0.39000D+02       0.48656D-02      -0.13251D-01       0.34699D+00       0.92155D-01
       0.40000D+02       0.48275D-02       0.23342D-01       0.34667D+00       0.90906D-01
       0.41000D+02       0.49739D-02      -0.11801D-01       0.34730D+00       0.90800D-01
       0.42000D+02       0.50022D-02       0.11008D-01       0.34666D+00       0.89915D-01
       0.43000D+02       0.49268D-02       0.19108D-01       0.34739D+00       0.87817D-01
       0.44000D+02       0.47762D-02      -0.30789D-03       0.34658D+00       0.94105D-01
       0.45000D+02       0.47078D-02       0.32895D-01       0.34692D+00       0.92697D-01
       0.46000D+02       0.46977D-02      -0.16570D-01       0.34686D+00       0.91842D-01
       0.47000D+02       0.46734D-02       0.25298D-01       0.34667D+00       0.90907D-01
       0.48000D+02       0.47826D-02      -0.13053D-01       0.34715D+00       0.91670D-01
       0.49000D+02       0.47655D-02       0.73439D-02       0.34663D+00       0.90592D-01
       0.50000D+02       0.47276D-02       0.86086D-02       0.34729D+00       0.89305D-01
       0.51000D+02       0.45812D-02       0.74354D-02       0.34658D+00       0.88447D-01
       0.52000D+02       0.44775D-02       0.35906D-01       0.34691D+00       0.87530D-01
       0.53000D+02       0.45081D-02      -0.17996D-01       0.34676D+00       0.87262D-01
       0.54000D+02       0.45004D-02       0.27810D-01       0.34667D+00       0.86177D-01
       0.55000D+02       0.45836D-02      -0.12267D-01       0.34703D+00       0.88315D-01
       0.56000D+02       0.45527D-02       0.76815D-02       0.34661D+00       0.87412D-01
       0.57000D+02       0.45752D-02       0.12505D-02       0.34719D+00       0.87260D-01
       0.58000D+02       0.45010D-02       0.14907D-01       0.34658D+00       0.86519D-01
       0.59000D+02       0.43812D-02       0.40292D-01       0.34692D+00       0.85059D-01
       0.60000D+02       0.44665D-02      -0.16993D-01       0.34668D+00       0.90035D-01
       0.61000D+02       0.44763D-02       0.30715D-01       0.34668D+00       0.89041D-01
       0.62000D+02       0.45503D-02      -0.10220D-01       0.34694D+00       0.91287D-01
       0.63000D+02       0.45217D-02       0.11570D-01       0.34660D+00       0.90395D-01
       0.64000D+02       0.46026D-02      -0.33228D-02       0.34711D+00       0.90191D-01
       0.65000D+02       0.46070D-02       0.19857D-01       0.34659D+00       0.89499D-01
       0.66000D+02       0.44902D-02       0.42370D-01       0.34695D+00       0.88256D-01
       0.67000D+02       0.45888D-02      -0.14469D-01       0.34664D+00       0.98377D-01
       0.68000D+02       0.46142D-02       0.32784D-01       0.34670D+00       0.97379D-01
       0.69000D+02       0.46727D-02      -0.89380D-02       0.34687D+00       0.97035D-01
       0.70000D+02       0.46486D-02       0.16641D-01       0.34660D+00       0.96349D-01
       0.71000D+02       0.47662D-02      -0.64516D-02       0.34704D+00       0.96049D-01
       0.72000D+02       0.48137D-02       0.20444D-01       0.34661D+00       0.95070D-01
       0.73000D+02       0.47210D-02       0.39206D-01       0.34697D+00       0.93941D-01
       0.74000D+02       0.47680D-02      -0.11223D-01       0.34661D+00       0.98290D-01
       0.75000D+02       0.47917D-02       0.33158D-01       0.34672D+00       0.97347D-01
       0.76000D+02       0.48228D-02      -0.99682D-02       0.34682D+00       0.97042D-01
       0.77000D+02       0.48017D-02       0.20720D-01       0.34661D+00       0.96358D-01
       0.78000D+02       0.48981D-02      -0.91989D-02       0.34698D+00       0.96065D-01
       0.79000D+02       0.49422D-02       0.16726D-01       0.34662D+00       0.95373D-01
       0.80000D+02       0.48870D-02       0.30847D-01       0.34699D+00       0.94316D-01
       0.81000D+02       0.48654D-02      -0.68548D-02       0.34659D+00       0.98088D-01
       0.82000D+02       0.48702D-02       0.32499D-01       0.34674D+00       0.97417D-01
       0.83000D+02       0.48743D-02      -0.13097D-01       0.34677D+00       0.97012D-01
       0.84000D+02       0.48558D-02       0.23257D-01       0.34662D+00       0.96350D-01
       0.85000D+02       0.49269D-02      -0.11712D-01       0.34693D+00       0.96239D-01
       0.86000D+02       0.49418D-02       0.11226D-01       0.34662D+00       0.95747D-01
       0.87000D+02       0.49057D-02       0.19596D-01       0.34698D+00       0.94638D-01
       0.88000D+02       0.48323D-02      -0.61302D-03       0.34658D+00       0.97690D-01
       0.89000D+02       0.48044D-02       0.32828D-01       0.34675D+00       0.96992D-01
       0.90000D+02       0.47984D-02      -0.16457D-01       0.34673D+00       0.96584D-01
       0.91000D+02       0.47849D-02       0.25208D-01       0.34663D+00       0.96043D-01
       0.92000D+02       0.48423D-02      -0.13040D-01       0.34688D+00       0.96392D-01
       0.93000D+02       0.48337D-02       0.74249D-02       0.34661D+00       0.95775D-01
       0.94000D+02       0.48120D-02       0.89959D-02       0.34696D+00       0.95027D-01
       0.95000D+02       0.47315D-02       0.70979D-02       0.34658D+00       0.94513D-01
       0.96000D+02       0.46735D-02       0.35731D-01       0.34676D+00       0.93946D-01
       0.97000D+02       0.46873D-02      -0.17988D-01       0.34668D+00       0.93310D-01
       0.98000D+02       0.46811D-02       0.27689D-01       0.34663D+00       0.92645D-01
       0.99000D+02       0.47268D-02      -0.12338D-01       0.34683D+00       0.93775D-01
       0.10000D+03       0.47094D-02       0.75828D-02       0.34660D+00       0.93217D-01
       0.10100D+03       0.47189D-02       0.14970D-02       0.34693D+00       0.93073D-01
       0.10200D+03       0.46725D-02       0.14625D-01       0.34658D+00       0.92600D-01
       0.10300D+03       0.46011D-02       0.40124D-01       0.34678D+00       0.91703D-01
       0.10400D+03       0.46470D-02      -0.17075D-01       0.34664D+00       0.94515D-01
       0.10500D+03       0.46504D-02       0.30599D-01       0.34664D+00       0.93889D-01
       0.10600D+03       0.46931D-02      -0.10306D-01       0.34679D+00       0.95166D-01
       0.10700D+03       0.46759D-02       0.11362D-01       0.34659D+00       0.94606D-01
       0.10800D+03       0.47220D-02      -0.31677D-02       0.34689D+00       0.94447D-01
       0.10900D+03       0.47222D-02       0.19727D-01       0.34659D+00       0.94000D-01
       0.11000D+03       0.46501D-02       0.42378D-01       0.34680D+00       0.93210D-01
       0.11100D+03       0.47083D-02      -0.14593D-01       0.34661D+00       0.99277D-01
       0.11200D+03       0.47221D-02       0.32729D-01       0.34665D+00       0.98654D-01
       0.11300D+03       0.47576D-02      -0.89512D-02       0.34676D+00       0.98431D-01
       0.11400D+03       0.47426D-02       0.16435D-01       0.34659D+00       0.97997D-01
       0.11500D+03       0.48059D-02      -0.63320D-02       0.34687D+00       0.97700D-01
       0.11600D+03       0.48334D-02       0.20517D-01       0.34660D+00       0.97030D-01
       0.11700D+03       0.47747D-02       0.39455D-01       0.34682D+00       0.96307D-01
       0.11800D+03       0.48054D-02      -0.11376D-01       0.34660D+00       0.99016D-01
       0.11900D+03       0.48193D-02       0.33174D-01       0.34667D+00       0.98408D-01
       0.12000D+03       0.48394D-02      -0.98735D-02       0.34673D+00       0.98108D-01
       0.12100D+03       0.48261D-02       0.20581D-01       0.34660D+00       0.97726D-01
       0.12200D+03       0.48883D-02      -0.90839D-02       0.34684D+00       0.97531D-01
       0.12300D+03       0.49165D-02       0.16944D-01       0.34660D+00       0.96981D-01
       0.12400D+03       0.48809D-02       0.31282D-01       0.34684D+00       0.96190D-01
       0.12500D+03       0.48691D-02      -0.70751D-02       0.34659D+00       0.98620D-01
       0.12600D+03       0.48729D-02       0.32523D-01       0.34668D+00       0.98094D-01
       0.12700D+03       0.48761D-02      -0.12943D-01       0.34671D+00       0.97825D-01
       0.12800D+03       0.48640D-02       0.23171D-01       0.34661D+00       0.97536D-01
       0.12900D+03       0.49118D-02      -0.11620D-01       0.34681D+00       0.97461D-01
       0.13000D+03       0.49242D-02       0.11448D-01       0.34661D+00       0.97126D-01
       0.13100D+03       0.49011D-02       0.20086D-01       0.34685D+00       0.96377D-01
       0.13200D+03       0.48524D-02      -0.91529D-03       0.34658D+00       0.98480D-01
       0.13300D+03       0.48344D-02       0.32766D-01       0.34669D+00       0.98034D-01
       0.13400D+03       0.48302D-02      -0.16341D-01       0.34668D+00       0.97757D-01
       0.13500D+03       0.48205D-02       0.25120D-01       0.34661D+00       0.97377D-01
       0.13600D+03       0.48543D-02      -0.13023D-01       0.34678D+00       0.97523D-01
       0.13700D+03       0.48489D-02       0.75135D-02       0.34660D+00       0.97193D-01
       0.13800D+03       0.48336D-02       0.93893D-02       0.34684D+00       0.96529D-01
       0.13900D+03       0.47781D-02       0.67603D-02       0.34658D+00       0.96172D-01
       0.14000D+03       0.47384D-02       0.35558D-01       0.34670D+00       0.95767D-01
       0.14100D+03       0.47467D-02      -0.17975D-01       0.34665D+00       0.95451D-01
       0.14200D+03       0.47413D-02       0.27569D-01       0.34662D+00       0.94972D-01
       0.14300D+03       0.47732D-02      -0.12406D-01       0.34675D+00       0.95745D-01
       0.14400D+03       0.47612D-02       0.74909D-02       0.34659D+00       0.95344D-01
       0.14500D+03       0.47665D-02       0.17486D-02       0.34682D+00       0.95230D-01
       0.14600D+03       0.47323D-02       0.14339D-01       0.34658D+00       0.94887D-01
       0.14700D+03       0.46818D-02       0.39952D-01       0.34672D+00       0.94243D-01
       0.14800D+03       0.47127D-02      -0.17154D-01       0.34662D+00       0.96205D-01
       0.14900D+03       0.47143D-02       0.30482D-01       0.34662D+00       0.95792D-01
       0.15000D+03       0.47443D-02      -0.10394D-01       0.34673D+00       0.96689D-01
       0.15100D+03       0.47320D-02       0.11156D-01       0.34659D+00       0.96281D-01
       0.15200D+03       0.47636D-02      -0.30099D-02       0.34680D+00       0.96161D-01
       0.15300D+03       0.47619D-02       0.19589D-01       0.34659D+00       0.95643D-01
       0.15400D+03       0.47100D-02       0.42375D-01       0.34674D+00       0.95067D-01
       0.15500D+03       0.47512D-02      -0.14715D-01       0.34661D+00       0.99401D-01
       0.15600D+03       0.47603D-02       0.32671D-01       0.34663D+00       0.98948D-01
       0.15700D+03       0.47860D-02      -0.89687D-02       0.34671D+00       0.98785D-01
       0.15800D+03       0.47751D-02       0.16228D-01       0.34659D+00       0.98469D-01
       0.15900D+03       0.48209D-02      -0.62119D-02       0.34679D+00       0.98255D-01
       0.16000D+03       0.48396D-02       0.20581D-01       0.34659D+00       0.97768D-01
       0.16100D+03       0.47966D-02       0.39695D-01       0.34676D+00       0.97234D-01
       0.16200D+03       0.48200D-02      -0.11528D-01       0.34659D+00       0.99205D-01
       0.16300D+03       0.48283D-02       0.33188D-01       0.34665D+00       0.98756D-01
       0.16400D+03       0.48452D-02      -0.97830D-02       0.34669D+00       0.98533D-01
       0.16500D+03       0.48355D-02       0.20439D-01       0.34660D+00       0.98251D-01
       0.16600D+03       0.48816D-02      -0.89687D-02       0.34677D+00       0.98107D-01
       0.16700D+03       0.49023D-02       0.17158D-01       0.34660D+00       0.97698D-01
       0.16800D+03       0.48758D-02       0.31711D-01       0.34677D+00       0.97110D-01
       0.16900D+03       0.48686D-02      -0.72920D-02       0.34659D+00       0.98903D-01
       0.17000D+03       0.48716D-02       0.32549D-01       0.34666D+00       0.98504D-01
       0.17100D+03       0.48745D-02      -0.12790D-01       0.34668D+00       0.98303D-01
       0.17200D+03       0.48663D-02       0.23084D-01       0.34660D+00       0.97985D-01
       0.17300D+03       0.49029D-02      -0.11527D-01       0.34675D+00       0.97930D-01
       0.17400D+03       0.49126D-02       0.11673D-01       0.34660D+00       0.97677D-01
       0.17500D+03       0.48953D-02       0.20576D-01       0.34678D+00       0.97112D-01
       0.17600D+03       0.48596D-02      -0.12147D-02       0.34658D+00       0.98687D-01
       0.17700D+03       0.48467D-02       0.32709D-01       0.34666D+00       0.98349D-01
       0.17800D+03       0.48434D-02      -0.16221D-01       0.34666D+00       0.98141D-01
       0.17900D+03       0.48359D-02       0.25033D-01       0.34660D+00       0.97850D-01
       0.18000D+03       0.48620D-02      -0.13003D-01       0.34673D+00       0.97960D-01
       0.18100D+03       0.48589D-02       0.76095D-02       0.34660D+00       0.97708D-01
       0.18200D+03       0.48462D-02       0.97886D-02       0.34678D+00       0.97197D-01
       0.18300D+03       0.48038D-02       0.64225D-02       0.34658D+00       0.96925D-01
       0.18400D+03       0.47739D-02       0.35389D-01       0.34667D+00       0.96610D-01
       0.18500D+03       0.47794D-02      -0.17957D-01       0.34663D+00       0.96369D-01
       0.18600D+03       0.47747D-02       0.27451D-01       0.34661D+00       0.95995D-01
       0.18700D+03       0.47994D-02      -0.12471D-01       0.34671D+00       0.96586D-01
       0.18800D+03       0.47903D-02       0.74060D-02       0.34659D+00       0.96274D-01
       0.18900D+03       0.47942D-02       0.20055D-02       0.34677D+00       0.96182D-01
       0.19000D+03       0.47673D-02       0.14049D-01       0.34658D+00       0.95916D-01
       0.19100D+03       0.47284D-02       0.39777D-01       0.34668D+00       0.95414D-01
       0.19200D+03       0.47513D-02      -0.17230D-01       0.34661D+00       0.96923D-01
       0.19300D+03       0.47518D-02       0.30363D-01       0.34661D+00       0.96596D-01
       0.19400D+03       0.47750D-02      -0.10483D-01       0.34670D+00       0.97290D-01
       0.19500D+03       0.47654D-02       0.10953D-01       0.34659D+00       0.96970D-01
       0.19600D+03       0.47892D-02      -0.28493D-02       0.34675D+00       0.96876D-01
       0.19700D+03       0.47864D-02       0.19443D-01       0.34658D+00       0.96474D-01
       0.19800D+03       0.47459D-02       0.42363D-01       0.34670D+00       0.96021D-01
       0.19900D+03       0.47778D-02      -0.14836D-01       0.34660D+00       0.99392D-01
       0.20000D+03       0.47842D-02       0.32609D-01       0.34662D+00       0.99036D-01
       0.20100D+03       0.48044D-02      -0.89905D-02       0.34668D+00       0.98909D-01
       0.20200D+03       0.47958D-02       0.16019D-01       0.34659D+00       0.98609D-01
       0.20300D+03       0.48316D-02      -0.60911D-02       0.34674D+00       0.98481D-01
       0.20400D+03       0.48475D-02       0.20636D-01       0.34659D+00       0.98098D-01
       0.20500D+03       0.48114D-02       0.39925D-01       0.34672D+00       0.97677D-01
       0.20600D+03       0.48307D-02      -0.11678D-01       0.34659D+00       0.99226D-01
       0.20700D+03       0.48370D-02       0.33199D-01       0.34663D+00       0.98868D-01
       0.20800D+03       0.48508D-02      -0.96968D-02       0.34667D+00       0.98690D-01
       0.20900D+03       0.48431D-02       0.20294D-01       0.34659D+00       0.98466D-01
       0.21000D+03       0.48799D-02      -0.88533D-02       0.34673D+00       0.98354D-01
       0.21100D+03       0.48980D-02       0.17368D-01       0.34659D+00       0.98029D-01
       0.21200D+03       0.48748D-02       0.32134D-01       0.34673D+00       0.97561D-01
       0.21300D+03       0.48703D-02      -0.75054D-02       0.34658D+00       0.98983D-01
       0.21400D+03       0.48727D-02       0.32577D-01       0.34664D+00       0.98659D-01
       0.21500D+03       0.48755D-02      -0.12637D-01       0.34666D+00       0.98500D-01
       0.21600D+03       0.48688D-02       0.22996D-01       0.34660D+00       0.98272D-01
       0.21700D+03       0.48987D-02      -0.11432D-01       0.34672D+00       0.98230D-01
       0.21800D+03       0.49068D-02       0.11900D-01       0.34660D+00       0.98026D-01
       0.21900D+03       0.48929D-02       0.21068D-01       0.34674D+00       0.97571D-01
       0.22000D+03       0.48651D-02      -0.15111D-02       0.34658D+00       0.98831D-01
       0.22100D+03       0.48551D-02       0.32658D-01       0.34665D+00       0.98558D-01
       0.22200D+03       0.48514D-02      -0.16098D-01       0.34664D+00       0.98392D-01
       0.22300D+03       0.48450D-02       0.24946D-01       0.34660D+00       0.98154D-01
       0.22400D+03       0.48665D-02      -0.12978D-01       0.34670D+00       0.98243D-01
       0.22500D+03       0.48643D-02       0.77129D-02       0.34659D+00       0.98038D-01
       0.22600D+03       0.48548D-02       0.10194D-01       0.34674D+00       0.97623D-01
       0.22700D+03       0.48207D-02       0.60848D-02       0.34658D+00       0.97402D-01
       0.22800D+03       0.47969D-02       0.35224D-01       0.34665D+00       0.97144D-01
       0.22900D+03       0.48008D-02      -0.17935D-01       0.34662D+00       0.96950D-01
       0.23000D+03       0.47966D-02       0.27333D-01       0.34660D+00       0.96668D-01
       0.23100D+03       0.48146D-02      -0.12533D-01       0.34669D+00       0.97130D-01
       0.23200D+03       0.48072D-02       0.73282D-02       0.34659D+00       0.96875D-01
       0.23300D+03       0.48097D-02       0.22678D-02       0.34673D+00       0.96799D-01
       0.23400D+03       0.47870D-02       0.13754D-01       0.34658D+00       0.96582D-01
       0.23500D+03       0.47555D-02       0.39598D-01       0.34666D+00       0.96171D-01
       0.23600D+03       0.47735D-02      -0.17304D-01       0.34661D+00       0.97397D-01
       0.23700D+03       0.47733D-02       0.30244D-01       0.34661D+00       0.97126D-01
       0.23800D+03       0.47924D-02      -0.10573D-01       0.34667D+00       0.97102D-01
       0.23900D+03       0.47846D-02       0.10753D-01       0.34659D+00       0.96842D-01
       0.24000D+03       0.48033D-02      -0.26859D-02       0.34672D+00       0.96767D-01
       0.24100D+03       0.48001D-02       0.19289D-01       0.34658D+00       0.96441D-01
       0.24200D+03       0.47668D-02       0.42341D-01       0.34668D+00       0.96070D-01
       0.24300D+03       0.47929D-02      -0.14956D-01       0.34660D+00       0.98831D-01
       0.24400D+03       0.47975D-02       0.32544D-01       0.34661D+00       0.98539D-01
       0.24500D+03       0.48141D-02      -0.90166D-02       0.34666D+00       0.98422D-01
       0.24600D+03       0.48070D-02       0.15808D-01       0.34659D+00       0.98178D-01
       0.24700D+03       0.48362D-02      -0.59696D-02       0.34671D+00       0.98076D-01
       0.24800D+03       0.48485D-02       0.20683D-01       0.34659D+00       0.97764D-01
       0.24900D+03       0.48186D-02       0.40145D-01       0.34669D+00       0.97418D-01
       0.25000D+03       0.48352D-02      -0.11827D-01       0.34659D+00       0.98696D-01
       0.25100D+03       0.48402D-02       0.33208D-01       0.34662D+00       0.98400D-01
       0.25200D+03       0.48519D-02      -0.96148D-02       0.34666D+00       0.98255D-01
       0.25300D+03       0.48457D-02       0.20145D-01       0.34659D+00       0.98071D-01
       0.25400D+03       0.48762D-02      -0.87379D-02       0.34671D+00       0.97983D-01
       0.25500D+03       0.48911D-02       0.17575D-01       0.34659D+00       0.97716D-01
       0.25600D+03       0.48718D-02       0.32552D-01       0.34671D+00       0.97329D-01
       0.25700D+03       0.48690D-02      -0.77153D-02       0.34658D+00       0.98509D-01
       0.25800D+03       0.48713D-02       0.32605D-01       0.34663D+00       0.98239D-01
       0.25900D+03       0.48729D-02      -0.12486D-01       0.34664D+00       0.98109D-01
       0.26000D+03       0.48673D-02       0.22906D-01       0.34659D+00       0.97919D-01
       0.26100D+03       0.48928D-02      -0.11334D-01       0.34670D+00       0.97887D-01
       0.26200D+03       0.48998D-02       0.12130D-01       0.34659D+00       0.97719D-01
       0.26300D+03       0.48882D-02       0.21560D-01       0.34671D+00       0.97340D-01
       0.26400D+03       0.48656D-02      -0.18044D-02       0.34658D+00       0.98391D-01
       0.26500D+03       0.48577D-02       0.32611D-01       0.34664D+00       0.98164D-01
       0.26600D+03       0.48546D-02      -0.15972D-01       0.34663D+00       0.98029D-01
       0.26700D+03       0.48509D-02       0.24861D-01       0.34660D+00       0.97844D-01
       0.26800D+03       0.48692D-02      -0.12949D-01       0.34668D+00       0.97920D-01
       0.26900D+03       0.48677D-02       0.78235D-02       0.34659D+00       0.97750D-01
       0.27000D+03       0.48595D-02       0.10605D-01       0.34671D+00       0.97401D-01
       0.27100D+03       0.48309D-02       0.57474D-02       0.34658D+00       0.97219D-01
       0.27200D+03       0.48112D-02       0.35062D-01       0.34664D+00       0.97002D-01
       0.27300D+03       0.48131D-02      -0.17908D-01       0.34662D+00       0.96807D-01
       0.27400D+03       0.48093D-02       0.27216D-01       0.34660D+00       0.96569D-01
       0.27500D+03       0.48246D-02      -0.12593D-01       0.34667D+00       0.96961D-01
       0.27600D+03       0.48185D-02       0.72575D-02       0.34659D+00       0.96747D-01
       0.27700D+03       0.48201D-02       0.25357D-02       0.34671D+00       0.96547D-01
       0.27800D+03       0.48002D-02       0.13456D-01       0.34658D+00       0.96366D-01
       0.27900D+03       0.47739D-02       0.39416D-01       0.34665D+00       0.96021D-01
       0.28000D+03       0.47874D-02      -0.17374D-01       0.34660D+00       0.97018D-01
       0.28100D+03       0.47868D-02       0.30123D-01       0.34660D+00       0.96789D-01
       0.28200D+03       0.48022D-02      -0.10663D-01       0.34666D+00       0.96794D-01
       0.28300D+03       0.47956D-02       0.10556D-01       0.34659D+00       0.96575D-01
       0.28400D+03       0.48109D-02      -0.25196D-02       0.34670D+00       0.96514D-01
       0.28500D+03       0.48080D-02       0.19128D-01       0.34658D+00       0.96242D-01
       0.28600D+03       0.47790D-02       0.42310D-01       0.34666D+00       0.95927D-01
       0.28700D+03       0.48010D-02      -0.15075D-01       0.34660D+00       0.96965D-01
       0.28800D+03       0.48044D-02       0.32476D-01       0.34661D+00       0.96722D-01
       0.28900D+03       0.48186D-02      -0.90468D-02       0.34665D+00       0.96628D-01
       0.29000D+03       0.48125D-02       0.15595D-01       0.34659D+00       0.96427D-01
       0.29100D+03       0.48372D-02      -0.58472D-02       0.34669D+00       0.96348D-01
       0.29200D+03       0.48470D-02       0.20722D-01       0.34659D+00       0.96090D-01
       0.29300D+03       0.48215D-02       0.40355D-01       0.34668D+00       0.95801D-01
       0.29400D+03       0.48361D-02      -0.11973D-01       0.34659D+00       0.96893D-01
       0.29500D+03       0.48433D-02       0.33214D-01       0.34662D+00       0.96662D-01
       0.29600D+03       0.48536D-02      -0.95372D-02       0.34664D+00       0.96569D-01
       0.29700D+03       0.48483D-02       0.19994D-01       0.34659D+00       0.96417D-01
       0.29800D+03       0.48747D-02      -0.86223D-02       0.34669D+00       0.96350D-01
       0.29900D+03       0.48872D-02       0.17776D-01       0.34659D+00       0.96128D-01
       0.30000D+03       0.48706D-02       0.32962D-01       0.34669D+00       0.95803D-01
       0.30100D+03       0.48690D-02      -0.79217D-02       0.34658D+00       0.96815D-01
       0.30200D+03       0.48711D-02       0.32635D-01       0.34662D+00       0.96630D-01
       0.30300D+03       0.48728D-02      -0.12336D-01       0.34664D+00       0.96524D-01
       0.30400D+03       0.48680D-02       0.22815D-01       0.34659D+00       0.96365D-01
       0.30500D+03       0.48903D-02      -0.11236D-01       0.34668D+00       0.96345D-01
       0.30600D+03       0.48964D-02       0.12363D-01       0.34659D+00       0.96205D-01
       0.30700D+03       0.48864D-02       0.22052D-01       0.34669D+00       0.95885D-01
       0.30800D+03       0.48677D-02      -0.20945D-02       0.34658D+00       0.96791D-01
       0.30900D+03       0.48613D-02       0.32568D-01       0.34663D+00       0.96600D-01
       0.31000D+03       0.48587D-02      -0.15842D-01       0.34662D+00       0.96490D-01
       0.31100D+03       0.48552D-02       0.24776D-01       0.34659D+00       0.96335D-01
       0.31200D+03       0.48714D-02      -0.12917D-01       0.34667D+00       0.96406D-01
       0.31300D+03       0.48703D-02       0.79413D-02       0.34659D+00       0.96243D-01
       0.31400D+03       0.48631D-02       0.11022D-01       0.34669D+00       0.95947D-01
       0.31500D+03       0.48384D-02       0.54103D-02       0.34658D+00       0.95796D-01
       0.31600D+03       0.48219D-02       0.34904D-01       0.34663D+00       0.95612D-01
       0.31700D+03       0.48231D-02      -0.17876D-01       0.34661D+00       0.95451D-01
       0.31800D+03       0.48196D-02       0.27101D-01       0.34660D+00       0.95248D-01
       0.31900D+03       0.48329D-02      -0.12649D-01       0.34666D+00       0.95593D-01
       0.32000D+03       0.48277D-02       0.71943D-02       0.34659D+00       0.95413D-01
       0.32100D+03       0.48286D-02       0.28092D-02       0.34669D+00       0.95243D-01
       0.32200D+03       0.48110D-02       0.13154D-01       0.34658D+00       0.95319D-01
       0.32300D+03       0.47884D-02       0.39232D-01       0.34664D+00       0.95024D-01
       0.32400D+03       0.47997D-02      -0.17441D-01       0.34660D+00       0.95891D-01
       0.32500D+03       0.47987D-02       0.30001D-01       0.34660D+00       0.95694D-01
       0.32600D+03       0.48120D-02      -0.10755D-01       0.34665D+00       0.95672D-01
       0.32700D+03       0.48062D-02       0.10361D-01       0.34658D+00       0.95486D-01
       0.32800D+03       0.48187D-02      -0.23501D-02       0.34668D+00       0.95437D-01
       0.32900D+03       0.48157D-02       0.18959D-01       0.34658D+00       0.95296D-01
       0.33000D+03       0.47906D-02       0.42270D-01       0.34665D+00       0.95026D-01
       0.33100D+03       0.48097D-02      -0.15193D-01       0.34659D+00       0.95930D-01
       0.33200D+03       0.48124D-02       0.32405D-01       0.34660D+00       0.95720D-01
       0.33300D+03       0.48247D-02      -0.90810D-02       0.34664D+00       0.95641D-01
       0.33400D+03       0.48194D-02       0.15382D-01       0.34659D+00       0.95469D-01
       0.33500D+03       0.48407D-02      -0.57239D-02       0.34668D+00       0.95405D-01
       0.33600D+03       0.48486D-02       0.20752D-01       0.34659D+00       0.95184D-01
       0.33700D+03       0.48264D-02       0.40554D-01       0.34666D+00       0.94934D-01
       0.33800D+03       0.48396D-02      -0.12119D-01       0.34659D+00       0.95887D-01
       0.33900D+03       0.48458D-02       0.33218D-01       0.34661D+00       0.95704D-01
       0.34000D+03       0.48550D-02      -0.94641D-02       0.34664D+00       0.95625D-01
       0.34100D+03       0.48503D-02       0.19840D-01       0.34659D+00       0.95495D-01
       0.34200D+03       0.48737D-02      -0.85066D-02       0.34667D+00       0.95441D-01
       0.34300D+03       0.48845D-02       0.17974D-01       0.34659D+00       0.95249D-01
       0.34400D+03       0.48698D-02       0.33366D-01       0.34667D+00       0.94968D-01
       0.34500D+03       0.48692D-02      -0.81248D-02       0.34658D+00       0.95854D-01
       0.34600D+03       0.48712D-02       0.32665D-01       0.34662D+00       0.95694D-01
       0.34700D+03       0.48730D-02      -0.12187D-01       0.34663D+00       0.95605D-01
       0.34800D+03       0.48686D-02       0.22722D-01       0.34659D+00       0.95466D-01
       0.34900D+03       0.48884D-02      -0.11135D-01       0.34667D+00       0.95469D-01
       0.35000D+03       0.48940D-02       0.12597D-01       0.34659D+00       0.95329D-01
       0.35100D+03       0.48851D-02       0.22543D-01       0.34668D+00       0.95051D-01
       0.35200D+03       0.48692D-02      -0.23814D-02       0.34658D+00       0.95847D-01
       0.35300D+03       0.48639D-02       0.32531D-01       0.34662D+00       0.95682D-01
       0.35400D+03       0.48617D-02      -0.15710D-01       0.34662D+00       0.95589D-01
       0.35500D+03       0.48586D-02       0.24693D-01       0.34659D+00       0.95454D-01
       0.35600D+03       0.48730D-02      -0.12881D-01       0.34666D+00       0.95520D-01
       0.35700D+03       0.48722D-02       0.80660D-02       0.34659D+00       0.95378D-01
       0.35800D+03       0.48659D-02       0.11444D-01       0.34668D+00       0.95139D-01
       0.35900D+03       0.48442D-02       0.50738D-02       0.34658D+00       0.95009D-01
       0.36000D+03       0.48299D-02       0.34750D-01       0.34663D+00       0.94850D-01
       0.36100D+03       0.48307D-02      -0.17839D-01       0.34661D+00       0.94711D-01
       0.36200D+03       0.48274D-02       0.26987D-01       0.34659D+00       0.94534D-01
       0.36300D+03       0.48391D-02      -0.12702D-01       0.34665D+00       0.94841D-01
       0.36400D+03       0.48347D-02       0.71384D-02       0.34659D+00       0.94685D-01
       0.36500D+03       0.48351D-02       0.30883D-02       0.34668D+00       0.94537D-01
       0.36600D+03       0.48191D-02       0.12849D-01       0.34658D+00       0.94609D-01
       0.36700D+03       0.47996D-02       0.39046D-01       0.34663D+00       0.94351D-01
       0.36800D+03       0.48091D-02      -0.17504D-01       0.34660D+00       0.95118D-01
       0.36900D+03       0.48078D-02       0.29878D-01       0.34660D+00       0.94945D-01
       0.37000D+03       0.48196D-02      -0.10846D-01       0.34664D+00       0.94927D-01
       0.37100D+03       0.48145D-02       0.10171D-01       0.34658D+00       0.94765D-01
       0.37200D+03       0.48251D-02      -0.21775D-02       0.34667D+00       0.94726D-01
       0.37300D+03       0.48218D-02       0.18783D-01       0.34658D+00       0.94604D-01
       0.37400D+03       0.47998D-02       0.42221D-01       0.34664D+00       0.94368D-01
       0.37500D+03       0.48165D-02      -0.15309D-01       0.34659D+00       0.97151D-01
       0.37600D+03       0.48212D-02       0.32331D-01       0.34660D+00       0.96991D-01
       0.37700D+03       0.48321D-02      -0.91192D-02       0.34664D+00       0.96958D-01
       0.37800D+03       0.48274D-02       0.15167D-01       0.34658D+00       0.96802D-01
       0.37900D+03       0.48460D-02      -0.55998D-02       0.34667D+00       0.96744D-01
       0.38000D+03       0.48525D-02       0.20773D-01       0.34658D+00       0.96546D-01
       0.38100D+03       0.48327D-02       0.40744D-01       0.34665D+00       0.96320D-01
       0.38200D+03       0.48448D-02      -0.12262D-01       0.34659D+00       0.97161D-01
       0.38300D+03       0.48501D-02       0.33219D-01       0.34661D+00       0.96992D-01
       0.38400D+03       0.48584D-02      -0.93954D-02       0.34663D+00       0.96918D-01
       0.38500D+03       0.48543D-02       0.19682D-01       0.34659D+00       0.96799D-01
       0.38600D+03       0.48752D-02      -0.83909D-02       0.34666D+00       0.96749D-01
       0.38700D+03       0.48846D-02       0.18166D-01       0.34659D+00       0.96571D-01
       0.38800D+03       0.48714D-02       0.33764D-01       0.34666D+00       0.96367D-01
       0.38900D+03       0.48716D-02      -0.83246D-02       0.34658D+00       0.97150D-01
       0.39000D+03       0.48735D-02       0.32697D-01       0.34661D+00       0.97003D-01
       0.39100D+03       0.48754D-02      -0.12040D-01       0.34662D+00       0.96922D-01
       0.39200D+03       0.48713D-02       0.22627D-01       0.34659D+00       0.96793D-01
       0.39300D+03       0.48893D-02      -0.11033D-01       0.34666D+00       0.96792D-01
       0.39400D+03       0.48944D-02       0.12832D-01       0.34659D+00       0.96666D-01
       0.39500D+03       0.48864D-02       0.23035D-01       0.34667D+00       0.96415D-01
       0.39600D+03       0.48727D-02      -0.26650D-02       0.34658D+00       0.97151D-01
       0.39700D+03       0.48683D-02       0.32498D-01       0.34662D+00       0.97019D-01
       0.39800D+03       0.48664D-02      -0.15576D-01       0.34662D+00       0.96935D-01
       0.39900D+03       0.48634D-02       0.24610D-01       0.34659D+00       0.96809D-01
       0.40000D+03       0.48766D-02      -0.12841D-01       0.34665D+00       0.96866D-01
       0.40100D+03       0.48760D-02       0.81977D-02       0.34659D+00       0.96736D-01
       0.40200D+03       0.48703D-02       0.11872D-01       0.34667D+00       0.96519D-01
       0.40300D+03       0.48510D-02       0.47380D-02       0.34658D+00       0.96401D-01
       0.40400D+03       0.48386D-02       0.34601D-01       0.34662D+00       0.96255D-01
       0.40500D+03       0.48390D-02      -0.17798D-01       0.34661D+00       0.96129D-01
       0.40600D+03       0.48376D-02       0.26874D-01       0.34659D+00       0.95975D-01
       0.40700D+03       0.48482D-02      -0.12752D-01       0.34664D+00       0.96280D-01
       0.40800D+03       0.48442D-02       0.70900D-02       0.34659D+00       0.96138D-01
       0.40900D+03       0.48443D-02       0.33732D-02       0.34667D+00       0.96001D-01
       0.41000D+03       0.48296D-02       0.12541D-01       0.34658D+00       0.96065D-01
       0.41100D+03       0.48123D-02       0.38857D-01       0.34663D+00       0.95831D-01
       0.41200D+03       0.48205D-02      -0.17564D-01       0.34660D+00       0.96514D-01
       0.41300D+03       0.48213D-02       0.29754D-01       0.34659D+00       0.96365D-01
       0.41400D+03       0.48318D-02      -0.10938D-01       0.34664D+00       0.96363D-01
       0.41500D+03       0.48272D-02       0.99832D-02       0.34658D+00       0.96215D-01
       0.41600D+03       0.48365D-02      -0.20016D-02       0.34666D+00       0.96176D-01
       0.41700D+03       0.48329D-02       0.18599D-01       0.34658D+00       0.96066D-01
       0.41800D+03       0.48132D-02       0.42162D-01       0.34664D+00       0.95851D-01
       0.41900D+03       0.48273D-02      -0.15424D-01       0.34659D+00       0.98263D-01
       0.42000D+03       0.48306D-02       0.32254D-01       0.34660D+00       0.98115D-01
       0.42100D+03       0.48410D-02      -0.91613D-02       0.34663D+00       0.98082D-01
       0.42200D+03       0.48369D-02       0.14951D-01       0.34658D+00       0.97948D-01
       0.42300D+03       0.48533D-02      -0.54746D-02       0.34666D+00       0.97911D-01
       0.42400D+03       0.48587D-02       0.20786D-01       0.34658D+00       0.97731D-01
       0.42500D+03       0.48409D-02       0.40923D-01       0.34664D+00       0.97525D-01
       0.42600D+03       0.48521D-02      -0.12405D-01       0.34659D+00       0.98278D-01
       0.42700D+03       0.48566D-02       0.33217D-01       0.34660D+00       0.98122D-01
       0.42800D+03       0.48643D-02      -0.93313D-02       0.34663D+00       0.98053D-01
       0.42900D+03       0.48605D-02       0.19521D-01       0.34659D+00       0.97943D-01
       0.43000D+03       0.48794D-02      -0.82751D-02       0.34665D+00       0.97896D-01
       0.43100D+03       0.48878D-02       0.18353D-01       0.34659D+00       0.97734D-01
       0.43200D+03       0.48758D-02       0.34154D-01       0.34665D+00       0.97548D-01
       0.43300D+03       0.48754D-02      -0.85211D-02       0.34658D+00       0.98249D-01
       0.43400D+03       0.48772D-02       0.32728D-01       0.34661D+00       0.98113D-01
       0.43500D+03       0.48790D-02      -0.11894D-01       0.34662D+00       0.98038D-01
       0.43600D+03       0.48754D-02       0.22531D-01       0.34659D+00       0.97979D-01
       0.43700D+03       0.48918D-02      -0.10930D-01       0.34665D+00       0.97977D-01
       0.43800D+03       0.48972D-02       0.13069D-01       0.34659D+00       0.97860D-01
       0.43900D+03       0.48893D-02       0.23525D-01       0.34666D+00       0.97631D-01
       0.44000D+03       0.48774D-02      -0.29453D-02       0.34658D+00       0.98291D-01
       0.44100D+03       0.48737D-02       0.32470D-01       0.34661D+00       0.98169D-01
       0.44200D+03       0.48720D-02      -0.15438D-01       0.34661D+00       0.98091D-01
       0.44300D+03       0.48692D-02       0.24528D-01       0.34659D+00       0.97974D-01
       0.44400D+03       0.48814D-02      -0.12798D-01       0.34664D+00       0.98022D-01
       0.44500D+03       0.48810D-02       0.83360D-02       0.34659D+00       0.97904D-01
       0.44600D+03       0.48757D-02       0.12305D-01       0.34666D+00       0.97704D-01
       0.44700D+03       0.48584D-02       0.44030D-02       0.34658D+00       0.97597D-01
       0.44800D+03       0.48474D-02       0.34456D-01       0.34662D+00       0.97461D-01
       0.44900D+03       0.48476D-02      -0.17752D-01       0.34660D+00       0.97346D-01
       0.45000D+03       0.48460D-02       0.26763D-01       0.34659D+00       0.97204D-01
       0.45100D+03       0.48558D-02      -0.12799D-01       0.34664D+00       0.97478D-01
       0.45200D+03       0.48524D-02       0.70492D-02       0.34658D+00       0.97347D-01
       0.45300D+03       0.48521D-02       0.36640D-02       0.34666D+00       0.97221D-01
       0.45400D+03       0.48385D-02       0.12229D-01       0.34658D+00       0.97280D-01
       0.45500D+03       0.48229D-02       0.38667D-01       0.34662D+00       0.97166D-01
       0.45600D+03       0.48300D-02      -0.17621D-01       0.34660D+00       0.97111D-01
       0.45700D+03       0.48305D-02       0.29630D-01       0.34659D+00       0.96973D-01
       0.45800D+03       0.48400D-02      -0.11030D-01       0.34663D+00       0.96971D-01
       0.45900D+03       0.48358D-02       0.97997D-02       0.34658D+00       0.96835D-01
       0.46000D+03       0.48439D-02      -0.18223D-02       0.34665D+00       0.96800D-01
       0.46100D+03       0.48401D-02       0.18408D-01       0.34658D+00       0.96700D-01
       0.46200D+03       0.48223D-02       0.42096D-01       0.34663D+00       0.96504D-01
       0.46300D+03       0.48350D-02      -0.15538D-01       0.34659D+00       0.98686D-01
       0.46400D+03       0.48378D-02       0.32174D-01       0.34660D+00       0.98548D-01
       0.46500D+03       0.48472D-02      -0.92071D-02       0.34663D+00       0.98517D-01
       0.46600D+03       0.48435D-02       0.14733D-01       0.34658D+00       0.98395D-01
       0.46700D+03       0.48583D-02      -0.53483D-02       0.34665D+00       0.98362D-01
       0.46800D+03       0.48636D-02       0.20790D-01       0.34658D+00       0.98198D-01
       0.46900D+03       0.48466D-02       0.41092D-01       0.34664D+00       0.98010D-01
       0.47000D+03       0.48564D-02      -0.12545D-01       0.34659D+00       0.98669D-01
       0.47100D+03       0.48603D-02       0.33212D-01       0.34660D+00       0.98525D-01
       0.47200D+03       0.48674D-02      -0.92719D-02       0.34662D+00       0.98461D-01
       0.47300D+03       0.48641D-02       0.19357D-01       0.34659D+00       0.98360D-01
       0.47400D+03       0.48813D-02      -0.81593D-02       0.34665D+00       0.98319D-01
       0.47500D+03       0.48896D-02       0.18535D-01       0.34659D+00       0.98171D-01
       0.47600D+03       0.48777D-02       0.34538D-01       0.34665D+00       0.98001D-01
       0.47700D+03       0.48779D-02      -0.87145D-02       0.34658D+00       0.98637D-01
       0.47800D+03       0.48795D-02       0.32760D-01       0.34661D+00       0.98512D-01
       0.47900D+03       0.48814D-02      -0.11750D-01       0.34662D+00       0.98442D-01
       0.48000D+03       0.48781D-02       0.22432D-01       0.34659D+00       0.98388D-01
       0.48100D+03       0.48934D-02      -0.10825D-01       0.34664D+00       0.98386D-01
       0.48200D+03       0.48984D-02       0.13307D-01       0.34659D+00       0.98280D-01
       0.48300D+03       0.48912D-02       0.24014D-01       0.34665D+00       0.98070D-01
       0.48400D+03       0.48807D-02      -0.32221D-02       0.34658D+00       0.98669D-01
       0.48500D+03       0.48776D-02       0.32446D-01       0.34661D+00       0.98531D-01
       0.48600D+03       0.48761D-02      -0.15298D-01       0.34661D+00       0.98460D-01
       0.48700D+03       0.48735D-02       0.24446D-01       0.34659D+00       0.98351D-01
       0.48800D+03       0.48849D-02      -0.12751D-01       0.34664D+00       0.98396D-01
       0.48900D+03       0.48846D-02       0.84809D-02       0.34659D+00       0.98288D-01
       0.49000D+03       0.48798D-02       0.12744D-01       0.34665D+00       0.98105D-01
       0.49100D+03       0.48640D-02       0.40690D-02       0.34658D+00       0.98007D-01
       0.49200D+03       0.48542D-02       0.34315D-01       0.34661D+00       0.97882D-01
       0.49300D+03       0.48543D-02      -0.17701D-01       0.34660D+00       0.97777D-01
       0.49400D+03       0.48526D-02       0.26653D-01       0.34659D+00       0.97645D-01
       0.49500D+03       0.48617D-02      -0.12842D-01       0.34663D+00       0.97896D-01
       0.49600D+03       0.48586D-02       0.70161D-02       0.34658D+00       0.97776D-01
       0.49700D+03       0.48581D-02       0.39607D-02       0.34665D+00       0.97659D-01
       0.49800D+03       0.48454D-02       0.11914D-01       0.34658D+00       0.97715D-01
       0.49900D+03       0.48313D-02       0.38476D-01       0.34662D+00       0.97610D-01
       0.50000D+03       0.48374D-02      -0.17674D-01       0.34660D+00       0.97560D-01
       0.50100D+03       0.48377D-02       0.29505D-01       0.34659D+00       0.97431D-01
       0.50200D+03       0.48464D-02      -0.11121D-01       0.34663D+00       0.97442D-01
       0.50300D+03       0.48426D-02       0.96203D-02       0.34658D+00       0.97318D-01
       0.50400D+03       0.48482D-02      -0.16396D-02       0.34665D+00       0.97262D-01
       0.50500D+03       0.48442D-02       0.18210D-01       0.34658D+00       0.97160D-01
       0.50600D+03       0.48280D-02       0.42020D-01       0.34663D+00       0.96980D-01
       0.50700D+03       0.48395D-02      -0.15650D-01       0.34659D+00       0.98971D-01
       0.50800D+03       0.48417D-02       0.32091D-01       0.34660D+00       0.98844D-01
       0.50900D+03       0.48504D-02      -0.92565D-02       0.34662D+00       0.98815D-01
       0.51000D+03       0.48469D-02       0.14516D-01       0.34658D+00       0.98702D-01
       0.51100D+03       0.48605D-02      -0.52207D-02       0.34665D+00       0.98672D-01
       0.51200D+03       0.48649D-02       0.20785D-01       0.34658D+00       0.98523D-01
       0.51300D+03       0.48493D-02       0.41251D-01       0.34663D+00       0.98350D-01
       0.51400D+03       0.48586D-02      -0.12685D-01       0.34659D+00       0.98952D-01
       0.51500D+03       0.48621D-02       0.33204D-01       0.34660D+00       0.98819D-01
       0.51600D+03       0.48688D-02      -0.92170D-02       0.34662D+00       0.98760D-01
       0.51700D+03       0.48656D-02       0.19191D-01       0.34658D+00       0.98667D-01
       0.51800D+03       0.48815D-02      -0.80433D-02       0.34664D+00       0.98630D-01
       0.51900D+03       0.48890D-02       0.18711D-01       0.34659D+00       0.98494D-01
       0.52000D+03       0.48780D-02       0.34913D-01       0.34664D+00       0.98337D-01
       0.52100D+03       0.48786D-02      -0.89047D-02       0.34658D+00       0.98918D-01
       0.52200D+03       0.48801D-02       0.32793D-01       0.34660D+00       0.98785D-01
       0.52300D+03       0.48820D-02      -0.11609D-01       0.34661D+00       0.98721D-01
       0.52400D+03       0.48790D-02       0.22332D-01       0.34659D+00       0.98670D-01
       0.52500D+03       0.48933D-02      -0.10719D-01       0.34664D+00       0.98670D-01
       0.52600D+03       0.48980D-02       0.13546D-01       0.34659D+00       0.98571D-01
       0.52700D+03       0.48913D-02       0.24502D-01       0.34665D+00       0.98377D-01
       0.52800D+03       0.48821D-02      -0.34955D-02       0.34658D+00       0.98926D-01
       0.52900D+03       0.48794D-02       0.32426D-01       0.34661D+00       0.98821D-01
       0.53000D+03       0.48781D-02      -0.15156D-01       0.34661D+00       0.98756D-01
       0.53100D+03       0.48756D-02       0.24365D-01       0.34659D+00       0.98654D-01
       0.53200D+03       0.48863D-02      -0.12700D-01       0.34663D+00       0.98696D-01
       0.53300D+03       0.48865D-02       0.86322D-02       0.34659D+00       0.98596D-01
       0.53400D+03       0.48817D-02       0.13187D-01       0.34665D+00       0.98427D-01
       0.53500D+03       0.48673D-02       0.37362D-02       0.34658D+00       0.98338D-01
       0.53600D+03       0.48585D-02       0.34179D-01       0.34661D+00       0.98222D-01
       0.53700D+03       0.48584D-02      -0.17646D-01       0.34660D+00       0.98125D-01
       0.53800D+03       0.48568D-02       0.26544D-01       0.34659D+00       0.98001D-01
       0.53900D+03       0.48652D-02      -0.12881D-01       0.34663D+00       0.98211D-01
       0.54000D+03       0.48625D-02       0.69907D-02       0.34658D+00       0.98101D-01
       0.54100D+03       0.48608D-02       0.42634D-02       0.34665D+00       0.97979D-01
       0.54200D+03       0.48489D-02       0.11597D-01       0.34658D+00       0.97999D-01
       0.54300D+03       0.48360D-02       0.38283D-01       0.34662D+00       0.97902D-01
       0.54400D+03       0.48414D-02      -0.17724D-01       0.34659D+00       0.97856D-01
       0.54500D+03       0.48413D-02       0.29380D-01       0.34659D+00       0.97736D-01
       0.54600D+03       0.48493D-02      -0.11213D-01       0.34662D+00       0.97746D-01
       0.54700D+03       0.48459D-02       0.94450D-02       0.34658D+00       0.97631D-01
       0.54800D+03       0.48508D-02      -0.14532D-02       0.34664D+00       0.97580D-01
       0.54900D+03       0.48466D-02       0.18006D-01       0.34658D+00       0.97487D-01
       0.55000D+03       0.48318D-02       0.41937D-01       0.34662D+00       0.97320D-01
       0.55100D+03       0.48423D-02      -0.15761D-01       0.34659D+00       0.99152D-01
       0.55200D+03       0.48441D-02       0.32005D-01       0.34659D+00       0.99033D-01
       0.55300D+03       0.48521D-02      -0.93095D-02       0.34662D+00       0.99006D-01
       0.55400D+03       0.48488D-02       0.14297D-01       0.34658D+00       0.98902D-01
       0.55500D+03       0.48612D-02      -0.50919D-02       0.34664D+00       0.98874D-01
       0.55600D+03       0.48649D-02       0.20772D-01       0.34658D+00       0.98778D-01
       0.55700D+03       0.48505D-02       0.41399D-01       0.34663D+00       0.98617D-01
       0.55800D+03       0.48593D-02      -0.12823D-01       0.34659D+00       0.99172D-01
       0.55900D+03       0.48624D-02       0.33194D-01       0.34660D+00       0.99048D-01
       0.56000D+03       0.48687D-02      -0.91669D-02       0.34662D+00       0.98993D-01
       0.56100D+03       0.48658D-02       0.19021D-01       0.34658D+00       0.98906D-01
       0.56200D+03       0.48806D-02      -0.79274D-02       0.34664D+00       0.98873D-01
       0.56300D+03       0.48874D-02       0.18881D-01       0.34659D+00       0.98748D-01
       0.56400D+03       0.48771D-02       0.35282D-01       0.34664D+00       0.98602D-01
       0.56500D+03       0.48781D-02      -0.90919D-02       0.34658D+00       0.99138D-01
       0.56600D+03       0.48796D-02       0.32825D-01       0.34660D+00       0.99012D-01
       0.56700D+03       0.48815D-02      -0.11470D-01       0.34661D+00       0.98954D-01
       0.56800D+03       0.48787D-02       0.22229D-01       0.34659D+00       0.98906D-01
       0.56900D+03       0.48922D-02      -0.10612D-01       0.34663D+00       0.98890D-01
       0.57000D+03       0.48966D-02       0.13786D-01       0.34659D+00       0.98799D-01
       0.57100D+03       0.48904D-02       0.24989D-01       0.34664D+00       0.98646D-01
       0.57200D+03       0.48823D-02      -0.37654D-02       0.34658D+00       0.99152D-01
       0.57300D+03       0.48799D-02       0.32410D-01       0.34661D+00       0.99054D-01
       0.57400D+03       0.48788D-02      -0.15012D-01       0.34661D+00       0.98994D-01
       0.57500D+03       0.48764D-02       0.24284D-01       0.34659D+00       0.98899D-01
       0.57600D+03       0.48866D-02      -0.12647D-01       0.34663D+00       0.98937D-01
       0.57700D+03       0.48869D-02       0.87898D-02       0.34659D+00       0.98845D-01
       0.57800D+03       0.48824D-02       0.13635D-01       0.34664D+00       0.98688D-01
       0.57900D+03       0.48692D-02       0.34045D-02       0.34658D+00       0.98605D-01
       0.58000D+03       0.48612D-02       0.34048D-01       0.34661D+00       0.98497D-01
       0.58100D+03       0.48610D-02      -0.17586D-01       0.34660D+00       0.98408D-01
       0.58200D+03       0.48594D-02       0.26437D-01       0.34659D+00       0.98292D-01
       0.58300D+03       0.48673D-02      -0.12917D-01       0.34662D+00       0.98487D-01
       0.58400D+03       0.48648D-02       0.69731D-02       0.34658D+00       0.98384D-01
       0.58500D+03       0.48631D-02       0.45721D-02       0.34664D+00       0.98270D-01
       0.58600D+03       0.48518D-02       0.11277D-01       0.34658D+00       0.98175D-01
       0.58700D+03       0.48400D-02       0.38090D-01       0.34661D+00       0.98084D-01
       0.58800D+03       0.48448D-02      -0.17769D-01       0.34659D+00       0.98041D-01
       0.58900D+03       0.48445D-02       0.29255D-01       0.34659D+00       0.97929D-01
       0.59000D+03       0.48519D-02      -0.11304D-01       0.34662D+00       0.97939D-01
       0.59100D+03       0.48487D-02       0.92742D-02       0.34658D+00       0.97833D-01
       0.59200D+03       0.48530D-02      -0.12630D-02       0.34664D+00       0.97786D-01
       0.59300D+03       0.48488D-02       0.17794D-01       0.34658D+00       0.97650D-01
       0.59400D+03       0.48351D-02       0.41845D-01       0.34662D+00       0.97495D-01
       0.59500D+03       0.48447D-02      -0.15870D-01       0.34659D+00       0.99191D-01
       0.59600D+03       0.48462D-02       0.31917D-01       0.34659D+00       0.99080D-01
       0.59700D+03       0.48536D-02      -0.93658D-02       0.34662D+00       0.99055D-01
       0.59800D+03       0.48506D-02       0.14078D-01       0.34658D+00       0.98959D-01
       0.59900D+03       0.48619D-02      -0.49618D-02       0.34664D+00       0.98933D-01
       0.60000D+03       0.48649D-02       0.20749D-01       0.34658D+00       0.98797D-01
       0.60100D+03       0.48516D-02       0.41537D-01       0.34662D+00       0.98648D-01
       0.60200D+03       0.48600D-02      -0.12960D-01       0.34659D+00       0.99163D-01
       0.60300D+03       0.48627D-02       0.33180D-01       0.34660D+00       0.99046D-01
       0.60400D+03       0.48686D-02      -0.91214D-02       0.34661D+00       0.98995D-01
       0.60500D+03       0.48659D-02       0.18848D-01       0.34658D+00       0.98915D-01
       0.60600D+03       0.48799D-02      -0.78113D-02       0.34663D+00       0.98885D-01
       0.60700D+03       0.48861D-02       0.19046D-01       0.34658D+00       0.98769D-01
       0.60800D+03       0.48764D-02       0.35642D-01       0.34663D+00       0.98633D-01
       0.60900D+03       0.48777D-02      -0.92761D-02       0.34658D+00       0.99131D-01
       0.61000D+03       0.48792D-02       0.32857D-01       0.34660D+00       0.99012D-01
       0.61100D+03       0.48811D-02      -0.11333D-01       0.34661D+00       0.98958D-01
       0.61200D+03       0.48785D-02       0.22124D-01       0.34659D+00       0.98913D-01
       0.61300D+03       0.48897D-02      -0.10504D-01       0.34663D+00       0.98880D-01
       0.61400D+03       0.48938D-02       0.14025D-01       0.34659D+00       0.98796D-01
       0.61500D+03       0.48880D-02       0.25473D-01       0.34664D+00       0.98628D-01
       0.61600D+03       0.48808D-02      -0.40317D-02       0.34658D+00       0.99099D-01
       0.61700D+03       0.48788D-02       0.32398D-01       0.34660D+00       0.99007D-01
       0.61800D+03       0.48778D-02      -0.14867D-01       0.34660D+00       0.98952D-01
       0.61900D+03       0.48755D-02       0.24204D-01       0.34659D+00       0.98863D-01
       0.62000D+03       0.48838D-02      -0.12589D-01       0.34663D+00       0.98881D-01
       0.62100D+03       0.48842D-02       0.89534D-02       0.34659D+00       0.98807D-01
       0.62200D+03       0.48800D-02       0.14088D-01       0.34664D+00       0.98660D-01
       0.62300D+03       0.48678D-02       0.30743D-02       0.34658D+00       0.98585D-01
       0.62400D+03       0.48606D-02       0.33921D-01       0.34661D+00       0.98483D-01
       0.62500D+03       0.48603D-02      -0.17522D-01       0.34660D+00       0.98401D-01
       0.62600D+03       0.48586D-02       0.26331D-01       0.34659D+00       0.98293D-01
       0.62700D+03       0.48652D-02      -0.12949D-01       0.34662D+00       0.98458D-01
       0.62800D+03       0.48629D-02       0.69634D-02       0.34658D+00       0.98362D-01
       0.62900D+03       0.48612D-02       0.48870D-02       0.34664D+00       0.98255D-01
       0.63000D+03       0.48505D-02       0.10955D-01       0.34658D+00       0.98167D-01
       0.63100D+03       0.48396D-02       0.37897D-01       0.34661D+00       0.98082D-01
       0.63200D+03       0.48439D-02      -0.17811D-01       0.34659D+00       0.98043D-01
       0.63300D+03       0.48434D-02       0.29129D-01       0.34659D+00       0.97937D-01
       0.63400D+03       0.48504D-02      -0.11394D-01       0.34662D+00       0.97947D-01
       0.63500D+03       0.48474D-02       0.91081D-02       0.34658D+00       0.97848D-01
       0.63600D+03       0.48512D-02      -0.10691D-02       0.34663D+00       0.97805D-01
       0.63700D+03       0.48472D-02       0.17576D-01       0.34658D+00       0.97679D-01
       0.63800D+03       0.48342D-02       0.41746D-01       0.34662D+00       0.97535D-01
       0.63900D+03       0.48431D-02      -0.15977D-01       0.34659D+00       0.99114D-01
       0.64000D+03       0.48442D-02       0.31825D-01       0.34659D+00       0.99009D-01
       0.64100D+03       0.48511D-02      -0.94254D-02       0.34661D+00       0.98986D-01
       0.64200D+03       0.48483D-02       0.13859D-01       0.34658D+00       0.98896D-01
       0.64300D+03       0.48588D-02      -0.48302D-02       0.34663D+00       0.98874D-01
       0.64400D+03       0.48613D-02       0.20718D-01       0.34658D+00       0.98748D-01
       0.64500D+03       0.48488D-02       0.41664D-01       0.34662D+00       0.98609D-01
       0.64600D+03       0.48568D-02      -0.13096D-01       0.34659D+00       0.99089D-01
       0.64700D+03       0.48592D-02       0.33163D-01       0.34660D+00       0.98979D-01
       0.64800D+03       0.48649D-02      -0.90807D-02       0.34661D+00       0.98931D-01
       0.64900D+03       0.48624D-02       0.18672D-01       0.34658D+00       0.98856D-01
       0.65000D+03       0.48740D-02      -0.76952D-02       0.34663D+00       0.98810D-01
       0.65100D+03       0.48796D-02       0.19204D-01       0.34658D+00       0.98694D-01
       0.65200D+03       0.48705D-02       0.35995D-01       0.34663D+00       0.98566D-01
       0.65300D+03       0.48722D-02      -0.94574D-02       0.34658D+00       0.99031D-01
       0.65400D+03       0.48736D-02       0.32888D-01       0.34660D+00       0.98919D-01
       0.65500D+03       0.48755D-02      -0.11198D-01       0.34661D+00       0.98869D-01
       0.65600D+03       0.48732D-02       0.22017D-01       0.34659D+00       0.98789D-01
       0.65700D+03       0.48838D-02      -0.10395D-01       0.34663D+00       0.98759D-01
       0.65800D+03       0.48877D-02       0.14265D-01       0.34659D+00       0.98681D-01
       0.65900D+03       0.48823D-02       0.25955D-01       0.34663D+00       0.98547D-01
       0.66000D+03       0.48761D-02      -0.42944D-02       0.34658D+00       0.98987D-01
       0.66100D+03       0.48744D-02       0.32390D-01       0.34660D+00       0.98901D-01
       0.66200D+03       0.48735D-02      -0.14719D-01       0.34660D+00       0.98835D-01
       0.66300D+03       0.48713D-02       0.24123D-01       0.34659D+00       0.98751D-01
       0.66400D+03       0.48793D-02      -0.12529D-01       0.34662D+00       0.98768D-01
       0.66500D+03       0.48798D-02       0.91229D-02       0.34659D+00       0.98699D-01
       0.66600D+03       0.48759D-02       0.14545D-01       0.34663D+00       0.98562D-01
       0.66700D+03       0.48645D-02       0.27456D-02       0.34658D+00       0.98492D-01
       0.66800D+03       0.48580D-02       0.33800D-01       0.34660D+00       0.98396D-01
       0.66900D+03       0.48576D-02      -0.17452D-01       0.34660D+00       0.98321D-01
       0.67000D+03       0.48559D-02       0.26227D-01       0.34659D+00       0.98219D-01
       0.67100D+03       0.48621D-02      -0.12978D-01       0.34662D+00       0.98374D-01
       0.67200D+03       0.48601D-02       0.69614D-02       0.34658D+00       0.98284D-01
       0.67300D+03       0.48583D-02       0.52080D-02       0.34663D+00       0.98184D-01
       0.67400D+03       0.48482D-02       0.10630D-01       0.34658D+00       0.98102D-01
       0.67500D+03       0.48381D-02       0.37704D-01       0.34661D+00       0.98022D-01
       0.67600D+03       0.48419D-02      -0.17849D-01       0.34659D+00       0.97986D-01
       0.67700D+03       0.48413D-02       0.29003D-01       0.34659D+00       0.97886D-01
       0.67800D+03       0.48479D-02      -0.11483D-01       0.34662D+00       0.97896D-01
       0.67900D+03       0.48451D-02       0.89467D-02       0.34658D+00       0.97809D-01
       0.68000D+03       0.48484D-02      -0.87125D-03       0.34663D+00       0.97779D-01
       0.68100D+03       0.48444D-02       0.17352D-01       0.34658D+00       0.97705D-01
       0.68200D+03       0.48324D-02       0.41639D-01       0.34661D+00       0.97570D-01
       0.68300D+03       0.48405D-02      -0.16083D-01       0.34659D+00       0.99047D-01
       0.68400D+03       0.48414D-02       0.31732D-01       0.34659D+00       0.98948D-01
       0.68500D+03       0.48479D-02      -0.94881D-02       0.34661D+00       0.98927D-01
       0.68600D+03       0.48453D-02       0.13640D-01       0.34658D+00       0.98842D-01
       0.68700D+03       0.48549D-02      -0.46971D-02       0.34663D+00       0.98822D-01
       0.68800D+03       0.48570D-02       0.20678D-01       0.34658D+00       0.98705D-01
       0.68900D+03       0.48453D-02       0.41781D-01       0.34662D+00       0.98574D-01
       0.69000D+03       0.48529D-02      -0.13231D-01       0.34658D+00       0.99025D-01
       0.69100D+03       0.48551D-02       0.33143D-01       0.34659D+00       0.98921D-01
       0.69200D+03       0.48605D-02      -0.90447D-02       0.34661D+00       0.98875D-01
       0.69300D+03       0.48581D-02       0.18493D-01       0.34658D+00       0.98805D-01
       0.69400D+03       0.48695D-02      -0.75790D-02       0.34663D+00       0.98763D-01
       0.69500D+03       0.48746D-02       0.19355D-01       0.34658D+00       0.98654D-01
       0.69600D+03       0.48661D-02       0.36340D-01       0.34662D+00       0.98535D-01
       0.69700D+03       0.48680D-02      -0.96359D-02       0.34658D+00       0.98970D-01
       0.69800D+03       0.48705D-02       0.32919D-01       0.34660D+00       0.98872D-01
       0.69900D+03       0.48725D-02      -0.11067D-01       0.34661D+00       0.98834D-01
       0.70000D+03       0.48702D-02       0.21908D-01       0.34658D+00       0.98795D-01
       0.70100D+03       0.48803D-02      -0.10285D-01       0.34662D+00       0.98767D-01
       0.70200D+03       0.48846D-02       0.14504D-01       0.34659D+00       0.98694D-01
       0.70300D+03       0.48789D-02       0.26434D-01       0.34663D+00       0.98569D-01
       0.70400D+03       0.48734D-02      -0.45535D-02       0.34658D+00       0.98981D-01
       0.70500D+03       0.48720D-02       0.32386D-01       0.34660D+00       0.98900D-01
       0.70600D+03       0.48713D-02      -0.14570D-01       0.34660D+00       0.98838D-01
       0.70700D+03       0.48692D-02       0.24043D-01       0.34659D+00       0.98758D-01
       0.70800D+03       0.48768D-02      -0.12465D-01       0.34662D+00       0.98775D-01
       0.70900D+03       0.48774D-02       0.92981D-02       0.34658D+00       0.98710D-01
       0.71000D+03       0.48737D-02       0.15006D-01       0.34663D+00       0.98580D-01
       0.71100D+03       0.48632D-02       0.24186D-02       0.34658D+00       0.98515D-01
       0.71200D+03       0.48573D-02       0.33684D-01       0.34660D+00       0.98425D-01
       0.71300D+03       0.48568D-02      -0.17379D-01       0.34660D+00       0.98356D-01
       0.71400D+03       0.48551D-02       0.26124D-01       0.34659D+00       0.98259D-01
       0.71500D+03       0.48611D-02      -0.13002D-01       0.34662D+00       0.98405D-01
       0.71600D+03       0.48592D-02       0.69674D-02       0.34658D+00       0.98321D-01
       0.71700D+03       0.48574D-02       0.55353D-02       0.34663D+00       0.98226D-01
       0.71800D+03       0.48477D-02       0.10303D-01       0.34658D+00       0.98150D-01
       0.71900D+03       0.48384D-02       0.37511D-01       0.34661D+00       0.98074D-01
       0.72000D+03       0.48418D-02      -0.17883D-01       0.34659D+00       0.98039D-01
       0.72100D+03       0.48411D-02       0.28877D-01       0.34659D+00       0.97945D-01
       0.72200D+03       0.48469D-02      -0.11572D-01       0.34661D+00       0.97950D-01
       0.72300D+03       0.48443D-02       0.87905D-02       0.34658D+00       0.97868D-01
       0.72400D+03       0.48472D-02      -0.66933D-03       0.34663D+00       0.97839D-01
       0.72500D+03       0.48431D-02       0.17122D-01       0.34658D+00       0.97771D-01
       0.72600D+03       0.48319D-02       0.41526D-01       0.34661D+00       0.97644D-01
       0.72700D+03       0.48395D-02      -0.16187D-01       0.34659D+00       0.99032D-01
       0.72800D+03       0.48402D-02       0.31635D-01       0.34659D+00       0.98938D-01
       0.72900D+03       0.48463D-02      -0.95538D-02       0.34661D+00       0.98917D-01
       0.73000D+03       0.48438D-02       0.13421D-01       0.34658D+00       0.98837D-01
       0.73100D+03       0.48528D-02      -0.45623D-02       0.34663D+00       0.98819D-01
       0.73200D+03       0.48548D-02       0.20630D-01       0.34658D+00       0.98710D-01
       0.73300D+03       0.48434D-02       0.41887D-01       0.34662D+00       0.98587D-01
       0.73400D+03       0.48508D-02      -0.13364D-01       0.34658D+00       0.99011D-01
       0.73500D+03       0.48526D-02       0.33120D-01       0.34659D+00       0.98912D-01
       0.73600D+03       0.48578D-02      -0.90134D-02       0.34661D+00       0.98869D-01
       0.73700D+03       0.48555D-02       0.18312D-01       0.34658D+00       0.98803D-01
       0.73800D+03       0.48663D-02      -0.74626D-02       0.34662D+00       0.98764D-01
       0.73900D+03       0.48716D-02       0.19500D-01       0.34658D+00       0.98662D-01
       0.74000D+03       0.48628D-02       0.36676D-01       0.34662D+00       0.98549D-01
       0.74100D+03       0.48649D-02      -0.98117D-02       0.34658D+00       0.98959D-01
       0.74200D+03       0.48673D-02       0.32950D-01       0.34660D+00       0.98865D-01
       0.74300D+03       0.48693D-02      -0.10938D-01       0.34660D+00       0.98830D-01
       0.74400D+03       0.48672D-02       0.21796D-01       0.34658D+00       0.98793D-01
       0.74500D+03       0.48769D-02      -0.10174D-01       0.34662D+00       0.98768D-01
       0.74600D+03       0.48809D-02       0.14742D-01       0.34658D+00       0.98699D-01
       0.74700D+03       0.48756D-02       0.26910D-01       0.34663D+00       0.98581D-01
       0.74800D+03       0.48707D-02      -0.48090D-02       0.34658D+00       0.98969D-01
       0.74900D+03       0.48695D-02       0.32385D-01       0.34660D+00       0.98892D-01
       0.75000D+03       0.48689D-02      -0.14419D-01       0.34660D+00       0.98834D-01
       0.75100D+03       0.48672D-02       0.23963D-01       0.34659D+00       0.98763D-01
       0.75200D+03       0.48747D-02      -0.12399D-01       0.34662D+00       0.98755D-01
       0.75300D+03       0.48754D-02       0.94787D-02       0.34658D+00       0.98694D-01
       0.75400D+03       0.48718D-02       0.15471D-01       0.34663D+00       0.98571D-01
       0.75500D+03       0.48620D-02       0.20934D-02       0.34658D+00       0.98510D-01
       0.75600D+03       0.48566D-02       0.33572D-01       0.34660D+00       0.98425D-01
       0.75700D+03       0.48561D-02      -0.17301D-01       0.34660D+00       0.98360D-01
       0.75800D+03       0.48544D-02       0.26023D-01       0.34659D+00       0.98268D-01
       0.75900D+03       0.48601D-02      -0.13023D-01       0.34662D+00       0.98406D-01
       0.76000D+03       0.48584D-02       0.69813D-02       0.34658D+00       0.98327D-01
       0.76100D+03       0.48566D-02       0.58688D-02       0.34663D+00       0.98237D-01
       0.76200D+03       0.48473D-02       0.99749D-02       0.34658D+00       0.98165D-01
       0.76300D+03       0.48387D-02       0.37318D-01       0.34660D+00       0.98094D-01
       0.76400D+03       0.48417D-02      -0.17913D-01       0.34659D+00       0.98061D-01
       0.76500D+03       0.48409D-02       0.28751D-01       0.34659D+00       0.97971D-01
       0.76600D+03       0.48463D-02      -0.11659D-01       0.34661D+00       0.97977D-01
       0.76700D+03       0.48439D-02       0.86394D-02       0.34658D+00       0.97899D-01
       0.76800D+03       0.48465D-02      -0.46325D-03       0.34663D+00       0.97872D-01
       0.76900D+03       0.48423D-02       0.16885D-01       0.34658D+00       0.97808D-01
       0.77000D+03       0.48318D-02       0.41405D-01       0.34661D+00       0.97688D-01
       0.77100D+03       0.48389D-02      -0.16289D-01       0.34659D+00       0.98997D-01
       0.77200D+03       0.48394D-02       0.31536D-01       0.34659D+00       0.98907D-01
       0.77300D+03       0.48452D-02      -0.96223D-02       0.34661D+00       0.98876D-01
       0.77400D+03       0.48428D-02       0.13202D-01       0.34658D+00       0.98801D-01
       0.77500D+03       0.48512D-02      -0.44259D-02       0.34662D+00       0.98785D-01
       0.77600D+03       0.48529D-02       0.20572D-01       0.34658D+00       0.98682D-01
       0.77700D+03       0.48421D-02       0.41982D-01       0.34661D+00       0.98565D-01
       0.77800D+03       0.48492D-02      -0.13497D-01       0.34658D+00       0.98966D-01
       0.77900D+03       0.48509D-02       0.33093D-01       0.34659D+00       0.98872D-01
       0.78000D+03       0.48558D-02      -0.89869D-02       0.34661D+00       0.98831D-01
       0.78100D+03       0.48537D-02       0.18127D-01       0.34658D+00       0.98768D-01
       0.78200D+03       0.48639D-02      -0.73461D-02       0.34662D+00       0.98732D-01
       0.78300D+03       0.48687D-02       0.19638D-01       0.34658D+00       0.98636D-01
       0.78400D+03       0.48604D-02       0.37004D-01       0.34662D+00       0.98529D-01
       0.78500D+03       0.48627D-02      -0.99848D-02       0.34658D+00       0.98917D-01
       0.78600D+03       0.48650D-02       0.32979D-01       0.34660D+00       0.98827D-01
       0.78700D+03       0.48670D-02      -0.10812D-01       0.34660D+00       0.98794D-01
       0.78800D+03       0.48650D-02       0.21681D-01       0.34658D+00       0.98759D-01
       0.78900D+03       0.48744D-02      -0.10063D-01       0.34662D+00       0.98736D-01
       0.79000D+03       0.48782D-02       0.14980D-01       0.34658D+00       0.98671D-01
       0.79100D+03       0.48731D-02       0.27384D-01       0.34662D+00       0.98560D-01
       0.79200D+03       0.48687D-02      -0.50608D-02       0.34658D+00       0.98926D-01
       0.79300D+03       0.48677D-02       0.32388D-01       0.34660D+00       0.98852D-01
       0.79400D+03       0.48672D-02      -0.14268D-01       0.34660D+00       0.98798D-01
       0.79500D+03       0.48656D-02       0.23883D-01       0.34659D+00       0.98730D-01
       0.79600D+03       0.48728D-02      -0.12329D-01       0.34662D+00       0.98723D-01
       0.79700D+03       0.48735D-02       0.96646D-02       0.34658D+00       0.98665D-01
       0.79800D+03       0.48702D-02       0.15940D-01       0.34662D+00       0.98549D-01
       0.79900D+03       0.48610D-02       0.17700D-02       0.34658D+00       0.98492D-01
       0.80000D+03       0.48561D-02       0.33466D-01       0.34660D+00       0.98411D-01
       0.80100D+03       0.48555D-02      -0.17218D-01       0.34660D+00       0.98351D-01
       0.80200D+03       0.48547D-02       0.25923D-01       0.34659D+00       0.98268D-01
       0.80300D+03       0.48602D-02      -0.13040D-01       0.34661D+00       0.98408D-01
       0.80400D+03       0.48586D-02       0.70031D-02       0.34658D+00       0.98334D-01
       0.80500D+03       0.48568D-02       0.62085D-02       0.34662D+00       0.98248D-01
       0.80600D+03       0.48479D-02       0.96447D-02       0.34658D+00       0.98181D-01
       0.80700D+03       0.48398D-02       0.37127D-01       0.34660D+00       0.98112D-01
       0.80800D+03       0.48425D-02      -0.17938D-01       0.34659D+00       0.98082D-01
       0.80900D+03       0.48416D-02       0.28626D-01       0.34659D+00       0.97996D-01
       0.81000D+03       0.48468D-02      -0.11745D-01       0.34661D+00       0.98104D-01
       0.81100D+03       0.48445D-02       0.84938D-02       0.34658D+00       0.98030D-01
       0.81200D+03       0.48468D-02      -0.25291D-03       0.34662D+00       0.98005D-01
       0.81300D+03       0.48425D-02       0.16642D-01       0.34658D+00       0.97945D-01
       0.81400D+03       0.48326D-02       0.41277D-01       0.34661D+00       0.97831D-01
       0.81500D+03       0.48393D-02      -0.16389D-01       0.34659D+00       0.99068D-01
       0.81600D+03       0.48396D-02       0.31435D-01       0.34659D+00       0.98983D-01
       0.81700D+03       0.48451D-02      -0.96935D-02       0.34661D+00       0.98954D-01
       0.81800D+03       0.48428D-02       0.12984D-01       0.34658D+00       0.98883D-01
       0.81900D+03       0.48497D-02      -0.42876D-02       0.34662D+00       0.98854D-01
       0.82000D+03       0.48510D-02       0.20506D-01       0.34658D+00       0.98756D-01
       0.82100D+03       0.48408D-02       0.42068D-01       0.34661D+00       0.98646D-01
       0.82200D+03       0.48476D-02      -0.13628D-01       0.34658D+00       0.99025D-01
       0.82300D+03       0.48492D-02       0.33063D-01       0.34659D+00       0.98942D-01
       0.82400D+03       0.48539D-02      -0.89651D-02       0.34660D+00       0.98903D-01
       0.82500D+03       0.48519D-02       0.17940D-01       0.34658D+00       0.98844D-01
       0.82600D+03       0.48616D-02      -0.72294D-02       0.34662D+00       0.98810D-01
       0.82700D+03       0.48661D-02       0.19769D-01       0.34658D+00       0.98720D-01
       0.82800D+03       0.48581D-02       0.37324D-01       0.34662D+00       0.98618D-01
       0.82900D+03       0.48606D-02      -0.10155D-01       0.34658D+00       0.98985D-01
       0.83000D+03       0.48627D-02       0.33008D-01       0.34659D+00       0.98899D-01
       0.83100D+03       0.48647D-02      -0.10689D-01       0.34660D+00       0.98868D-01
       0.83200D+03       0.48628D-02       0.21564D-01       0.34658D+00       0.98834D-01
       0.83300D+03       0.48719D-02      -0.99504D-02       0.34662D+00       0.98813D-01
       0.83400D+03       0.48755D-02       0.15216D-01       0.34658D+00       0.98751D-01
       0.83500D+03       0.48707D-02       0.27853D-01       0.34662D+00       0.98646D-01
       0.83600D+03       0.48668D-02      -0.53090D-02       0.34658D+00       0.98993D-01
       0.83700D+03       0.48660D-02       0.32394D-01       0.34660D+00       0.98909D-01
       0.83800D+03       0.48656D-02      -0.14115D-01       0.34660D+00       0.98858D-01
       0.83900D+03       0.48640D-02       0.23802D-01       0.34659D+00       0.98792D-01
       0.84000D+03       0.48710D-02      -0.12256D-01       0.34662D+00       0.98786D-01
       0.84100D+03       0.48720D-02       0.98556D-02       0.34658D+00       0.98732D-01
       0.84200D+03       0.48685D-02       0.16412D-01       0.34662D+00       0.98620D-01
       0.84300D+03       0.48600D-02       0.14487D-02       0.34658D+00       0.98567D-01
       0.84400D+03       0.48554D-02       0.33365D-01       0.34660D+00       0.98490D-01
       0.84500D+03       0.48548D-02      -0.17132D-01       0.34659D+00       0.98433D-01
       0.84600D+03       0.48539D-02       0.25824D-01       0.34659D+00       0.98354D-01
       0.84700D+03       0.48592D-02      -0.13053D-01       0.34661D+00       0.98487D-01
       0.84800D+03       0.48579D-02       0.70327D-02       0.34658D+00       0.98416D-01
       0.84900D+03       0.48560D-02       0.65546D-02       0.34662D+00       0.98335D-01
       0.85000D+03       0.48474D-02       0.93129D-02       0.34658D+00       0.98271D-01
       0.85100D+03       0.48399D-02       0.36937D-01       0.34660D+00       0.98206D-01
       0.85200D+03       0.48423D-02      -0.17959D-01       0.34659D+00       0.98177D-01
       0.85300D+03       0.48423D-02       0.28501D-01       0.34659D+00       0.98100D-01
       0.85400D+03       0.48473D-02      -0.11829D-01       0.34661D+00       0.98219D-01
       0.85500D+03       0.48451D-02       0.83538D-02       0.34658D+00       0.98149D-01
       0.85600D+03       0.48471D-02      -0.38184D-04       0.34662D+00       0.98125D-01
       0.85700D+03       0.48428D-02       0.16394D-01       0.34658D+00       0.98068D-01
       0.85800D+03       0.48335D-02       0.41144D-01       0.34661D+00       0.97960D-01
       0.85900D+03       0.48395D-02      -0.16487D-01       0.34659D+00       0.98289D-01
       0.86000D+03       0.48397D-02       0.31332D-01       0.34659D+00       0.98208D-01
       0.86100D+03       0.48448D-02      -0.97673D-02       0.34661D+00       0.98191D-01
       0.86200D+03       0.48427D-02       0.12766D-01       0.34658D+00       0.98125D-01
       0.86300D+03       0.48491D-02      -0.41474D-02       0.34662D+00       0.98099D-01
       0.86400D+03       0.48501D-02       0.20432D-01       0.34658D+00       0.98008D-01
       0.86500D+03       0.48404D-02       0.42142D-01       0.34661D+00       0.97904D-01
       0.86600D+03       0.48470D-02      -0.13759D-01       0.34658D+00       0.98265D-01
       0.86700D+03       0.48484D-02       0.33030D-01       0.34659D+00       0.98186D-01
       0.86800D+03       0.48530D-02      -0.89480D-02       0.34660D+00       0.98149D-01
       0.86900D+03       0.48510D-02       0.17750D-01       0.34658D+00       0.98094D-01
       0.87000D+03       0.48602D-02      -0.71125D-02       0.34662D+00       0.98063D-01
       0.87100D+03       0.48644D-02       0.19893D-01       0.34658D+00       0.97979D-01
       0.87200D+03       0.48568D-02       0.37634D-01       0.34661D+00       0.97883D-01
       0.87300D+03       0.48593D-02      -0.10323D-01       0.34658D+00       0.98232D-01
       0.87400D+03       0.48613D-02       0.33035D-01       0.34659D+00       0.98165D-01
       0.87500D+03       0.48633D-02      -0.10570D-01       0.34660D+00       0.98137D-01
       0.87600D+03       0.48615D-02       0.21444D-01       0.34658D+00       0.98105D-01
       0.87700D+03       0.48703D-02      -0.98377D-02       0.34662D+00       0.98087D-01
       0.87800D+03       0.48738D-02       0.15451D-01       0.34658D+00       0.98029D-01
       0.87900D+03       0.48691D-02       0.28319D-01       0.34662D+00       0.97930D-01
       0.88000D+03       0.48657D-02      -0.55534D-02       0.34658D+00       0.98260D-01
       0.88100D+03       0.48650D-02       0.32402D-01       0.34660D+00       0.98180D-01
       0.88200D+03       0.48647D-02      -0.13962D-01       0.34660D+00       0.98132D-01
       0.88300D+03       0.48632D-02       0.23721D-01       0.34658D+00       0.98070D-01
       0.88400D+03       0.48700D-02      -0.12181D-01       0.34661D+00       0.98067D-01
       0.88500D+03       0.48710D-02       0.10051D-01       0.34658D+00       0.98016D-01
       0.88600D+03       0.48677D-02       0.16887D-01       0.34662D+00       0.97910D-01
       0.88700D+03       0.48597D-02       0.11295D-02       0.34658D+00       0.97861D-01
       0.88800D+03       0.48555D-02       0.33269D-01       0.34660D+00       0.97790D-01
       0.88900D+03       0.48549D-02      -0.17041D-01       0.34659D+00       0.97737D-01
       0.89000D+03       0.48540D-02       0.25727D-01       0.34659D+00       0.97662D-01
       0.89100D+03       0.48591D-02      -0.13062D-01       0.34661D+00       0.97790D-01
       0.89200D+03       0.48579D-02       0.70703D-02       0.34658D+00       0.97724D-01
       0.89300D+03       0.48560D-02       0.69069D-02       0.34662D+00       0.97646D-01
       0.89400D+03       0.48478D-02       0.89799D-02       0.34658D+00       0.97587D-01
       0.89500D+03       0.48407D-02       0.36748D-01       0.34660D+00       0.97525D-01
       0.89600D+03       0.48428D-02      -0.17976D-01       0.34659D+00       0.97498D-01
       0.89700D+03       0.48427D-02       0.28376D-01       0.34659D+00       0.97425D-01
       0.89800D+03       0.48474D-02      -0.11912D-01       0.34661D+00       0.97540D-01
       0.89900D+03       0.48453D-02       0.82195D-02       0.34658D+00       0.97475D-01
       0.90000D+03       0.48471D-02       0.18105D-03       0.34662D+00       0.97452D-01
       0.90100D+03       0.48428D-02       0.16140D-01       0.34658D+00       0.97400D-01
       0.90200D+03       0.48340D-02       0.41004D-01       0.34660D+00       0.97297D-01
       0.90300D+03       0.48396D-02      -0.16583D-01       0.34659D+00       0.97612D-01
       0.90400D+03       0.48396D-02       0.31226D-01       0.34659D+00       0.97535D-01
       0.90500D+03       0.48445D-02      -0.98434D-02       0.34660D+00       0.97520D-01
       0.90600D+03       0.48425D-02       0.12549D-01       0.34658D+00       0.97457D-01
       0.90700D+03       0.48485D-02      -0.40053D-02       0.34662D+00       0.97433D-01
       0.90800D+03       0.48491D-02       0.20348D-01       0.34658D+00       0.97348D-01
       0.90900D+03       0.48400D-02       0.42207D-01       0.34661D+00       0.97249D-01
       0.91000D+03       0.48463D-02      -0.13888D-01       0.34658D+00       0.97594D-01
       0.91100D+03       0.48485D-02       0.32994D-01       0.34659D+00       0.97525D-01
       0.91200D+03       0.48526D-02      -0.89356D-02       0.34660D+00       0.97499D-01
       0.91300D+03       0.48508D-02       0.17557D-01       0.34658D+00       0.97446D-01
       0.91400D+03       0.48596D-02      -0.69953D-02       0.34662D+00       0.97418D-01
       0.91500D+03       0.48634D-02       0.20009D-01       0.34658D+00       0.97338D-01
       0.91600D+03       0.48561D-02       0.37936D-01       0.34661D+00       0.97247D-01
       0.91700D+03       0.48588D-02      -0.10489D-01       0.34658D+00       0.97581D-01
       0.91800D+03       0.48607D-02       0.33061D-01       0.34659D+00       0.97509D-01
       0.91900D+03       0.48628D-02      -0.10454D-01       0.34660D+00       0.97483D-01
       0.92000D+03       0.48610D-02       0.21321D-01       0.34658D+00       0.97454D-01
       0.92100D+03       0.48695D-02      -0.97245D-02       0.34661D+00       0.97437D-01
       0.92200D+03       0.48729D-02       0.15684D-01       0.34658D+00       0.97384D-01
       0.92300D+03       0.48684D-02       0.28781D-01       0.34662D+00       0.97290D-01
       0.92400D+03       0.48655D-02      -0.57942D-02       0.34658D+00       0.97605D-01
       0.92500D+03       0.48648D-02       0.32414D-01       0.34660D+00       0.97542D-01
       0.92600D+03       0.48646D-02      -0.13808D-01       0.34660D+00       0.97498D-01
       0.92700D+03       0.48631D-02       0.23640D-01       0.34658D+00       0.97441D-01
       0.92800D+03       0.48698D-02      -0.12103D-01       0.34661D+00       0.97439D-01
       0.92900D+03       0.48708D-02       0.10252D-01       0.34658D+00       0.97392D-01
       0.93000D+03       0.48677D-02       0.17366D-01       0.34662D+00       0.97291D-01
       0.93100D+03       0.48602D-02       0.81262D-03       0.34658D+00       0.97245D-01
       0.93200D+03       0.48563D-02       0.33178D-01       0.34660D+00       0.97178D-01
       0.93300D+03       0.48557D-02      -0.16945D-01       0.34659D+00       0.97129D-01
       0.93400D+03       0.48547D-02       0.25632D-01       0.34659D+00       0.97078D-01
       0.93500D+03       0.48597D-02      -0.13068D-01       0.34661D+00       0.97109D-01
       0.93600D+03       0.48586D-02       0.71158D-02       0.34658D+00       0.97047D-01
       0.93700D+03       0.48567D-02       0.72656D-02       0.34662D+00       0.96973D-01
       0.93800D+03       0.48488D-02       0.86457D-02       0.34658D+00       0.96917D-01
       0.93900D+03       0.48421D-02       0.36561D-01       0.34660D+00       0.96859D-01
       0.94000D+03       0.48440D-02      -0.17989D-01       0.34659D+00       0.96834D-01
       0.94100D+03       0.48437D-02       0.28252D-01       0.34659D+00       0.96764D-01
       0.94200D+03       0.48483D-02      -0.11993D-01       0.34661D+00       0.96875D-01
       0.94300D+03       0.48463D-02       0.80913D-02       0.34658D+00       0.96813D-01
       0.94400D+03       0.48478D-02       0.40489D-03       0.34662D+00       0.96793D-01
       0.94500D+03       0.48435D-02       0.15881D-01       0.34658D+00       0.96744D-01
       0.94600D+03       0.48352D-02       0.40858D-01       0.34660D+00       0.96647D-01
       0.94700D+03       0.48404D-02      -0.16676D-01       0.34659D+00       0.96949D-01
       0.94800D+03       0.48413D-02       0.31118D-01       0.34659D+00       0.96880D-01
       0.94900D+03       0.48460D-02      -0.99217D-02       0.34660D+00       0.96874D-01
       0.95000D+03       0.48440D-02       0.12334D-01       0.34658D+00       0.96815D-01
       0.95100D+03       0.48495D-02      -0.38610D-02       0.34662D+00       0.96793D-01
       0.95200D+03       0.48500D-02       0.20257D-01       0.34658D+00       0.96738D-01
       0.95300D+03       0.48413D-02       0.42261D-01       0.34661D+00       0.96644D-01
       0.95400D+03       0.48474D-02      -0.14016D-01       0.34658D+00       0.96974D-01
       0.95500D+03       0.48494D-02       0.32954D-01       0.34659D+00       0.96907D-01
       0.95600D+03       0.48533D-02      -0.89278D-02       0.34660D+00       0.96883D-01
       0.95700D+03       0.48516D-02       0.17362D-01       0.34658D+00       0.96834D-01
       0.95800D+03       0.48600D-02      -0.68778D-02       0.34661D+00       0.96808D-01
       0.95900D+03       0.48639D-02       0.20118D-01       0.34658D+00       0.96733D-01
       0.96000D+03       0.48565D-02       0.38229D-01       0.34661D+00       0.96646D-01
       0.96100D+03       0.48593D-02      -0.10652D-01       0.34658D+00       0.96965D-01
       0.96200D+03       0.48611D-02       0.33085D-01       0.34659D+00       0.96896D-01
       0.96300D+03       0.48632D-02      -0.10342D-01       0.34660D+00       0.96872D-01
       0.96400D+03       0.48615D-02       0.21196D-01       0.34658D+00       0.96844D-01
       0.96500D+03       0.48697D-02      -0.96109D-02       0.34661D+00       0.96830D-01
       0.96600D+03       0.48733D-02       0.15915D-01       0.34658D+00       0.96780D-01
       0.96700D+03       0.48686D-02       0.29239D-01       0.34661D+00       0.96691D-01
       0.96800D+03       0.48660D-02      -0.60313D-02       0.34658D+00       0.96992D-01
       0.96900D+03       0.48655D-02       0.32428D-01       0.34659D+00       0.96932D-01
       0.97000D+03       0.48654D-02      -0.13653D-01       0.34660D+00       0.96891D-01
       0.97100D+03       0.48639D-02       0.23558D-01       0.34658D+00       0.96836D-01
       0.97200D+03       0.48705D-02      -0.12022D-01       0.34661D+00       0.96836D-01
       0.97300D+03       0.48716D-02       0.10457D-01       0.34658D+00       0.96792D-01
       0.97400D+03       0.48685D-02       0.17847D-01       0.34662D+00       0.96696D-01
       0.97500D+03       0.48615D-02       0.49811D-03       0.34658D+00       0.96653D-01
       0.97600D+03       0.48579D-02       0.33093D-01       0.34660D+00       0.96589D-01
       0.97700D+03       0.48573D-02      -0.16846D-01       0.34659D+00       0.96543D-01
       0.97800D+03       0.48562D-02       0.25537D-01       0.34659D+00       0.96495D-01
       0.97900D+03       0.48611D-02      -0.13069D-01       0.34661D+00       0.96526D-01
       0.98000D+03       0.48601D-02       0.71691D-02       0.34658D+00       0.96467D-01
       0.98100D+03       0.48582D-02       0.76305D-02       0.34662D+00       0.96396D-01
       0.98200D+03       0.48506D-02       0.83105D-02       0.34658D+00       0.96344D-01
       0.98300D+03       0.48443D-02       0.36376D-01       0.34660D+00       0.96288D-01
       0.98400D+03       0.48459D-02      -0.17997D-01       0.34659D+00       0.96265D-01
       0.98500D+03       0.48456D-02       0.28128D-01       0.34659D+00       0.96198D-01
       0.98600D+03       0.48500D-02      -0.12072D-01       0.34661D+00       0.96306D-01
       0.98700D+03       0.48481D-02       0.79692D-02       0.34658D+00       0.96247D-01
       0.98800D+03       0.48493D-02       0.63344D-03       0.34662D+00       0.96228D-01
       0.98900D+03       0.48450D-02       0.15617D-01       0.34658D+00       0.96183D-01
       0.99000D+03       0.48371D-02       0.40707D-01       0.34660D+00       0.96091D-01
       0.99100D+03       0.48421D-02      -0.16767D-01       0.34659D+00       0.96380D-01
       0.99200D+03       0.48428D-02       0.31009D-01       0.34659D+00       0.96314D-01
       0.99300D+03       0.48472D-02      -0.10002D-01       0.34660D+00       0.96454D-01
       0.99400D+03       0.48454D-02       0.12119D-01       0.34658D+00       0.96393D-01
       0.99500D+03       0.48504D-02      -0.37145D-02       0.34661D+00       0.96372D-01
       0.99600D+03       0.48507D-02       0.20156D-01       0.34658D+00       0.96320D-01
       0.99700D+03       0.48424D-02       0.42304D-01       0.34661D+00       0.96231D-01
       0.99800D+03       0.48483D-02      -0.14143D-01       0.34658D+00       0.96547D-01
       0.99900D+03       0.48501D-02       0.32911D-01       0.34659D+00       0.96483D-01
       0.10000D+04       0.48539D-02      -0.89247D-02       0.34660D+00       0.96460D-01
       0.10010D+04       0.48522D-02       0.17165D-01       0.34658D+00       0.96413D-01
       0.10020D+04       0.48603D-02      -0.67599D-02       0.34661D+00       0.96390D-01
       0.10030D+04       0.48639D-02       0.20219D-01       0.34658D+00       0.96319D-01
       0.10040D+04       0.48572D-02       0.38512D-01       0.34661D+00       0.96236D-01
       0.10050D+04       0.48599D-02      -0.10813D-01       0.34658D+00       0.96553D-01
       0.10060D+04       0.48617D-02       0.33108D-01       0.34659D+00       0.96486D-01
       0.10070D+04       0.48637D-02      -0.10233D-01       0.34660D+00       0.96464D-01
       0.10080D+04       0.48621D-02       0.21067D-01       0.34658D+00       0.96438D-01
       0.10090D+04       0.48701D-02      -0.94969D-02       0.34661D+00       0.96425D-01
       0.10100D+04       0.48735D-02       0.16144D-01       0.34658D+00       0.96377D-01
       0.10110D+04       0.48690D-02       0.29692D-01       0.34661D+00       0.96293D-01
       0.10120D+04       0.48668D-02      -0.62648D-02       0.34658D+00       0.96582D-01
