       0.10000D+01       0.38606D-04       0.25628D-01       0.10976D+00       0.46575D-01
       0.20000D+01       0.40880D-04      -0.79740D-04       0.11029D+00       0.28913D-01
       0.30000D+01       0.90526D-04      -0.11405D+00       0.13657D+00       0.30733D-01
       0.40000D+01       0.68279D-04      -0.16089D+00       0.17398D+00       0.27558D-01
       0.50000D+01       0.58132D-04      -0.26314D-01       0.18450D+00       0.25561D-01
       0.60000D+01       0.90152D-04       0.19706D-01       0.17588D+00       0.28542D-01
       0.70000D+01       0.75439D-04       0.13339D-01       0.16567D+00       0.28880D-01
       0.80000D+01       0.71072D-04      -0.54068D-01       0.16329D+00       0.29607D-01
       0.90000D+01       0.74494D-04      -0.17477D+00       0.17355D+00       0.29865D-01
       0.10000D+02       0.68471D-04      -0.73307D-01       0.18298D+00       0.27775D-01
       0.11000D+02       0.69891D-04       0.63175D-02       0.18108D+00       0.28700D-01
       0.12000D+02       0.66514D-04       0.22512D-01       0.17500D+00       0.31024D-01
       0.13000D+02       0.64959D-04      -0.12436D-01       0.17089D+00       0.30078D-01
       0.14000D+02       0.74149D-04      -0.14169D+00       0.17362D+00       0.30167D-01
       0.15000D+02       0.70734D-04      -0.13692D+00       0.18108D+00       0.29206D-01
       0.16000D+02       0.67301D-04      -0.11976D-01       0.18254D+00       0.29404D-01
       0.17000D+02       0.78043D-04       0.24501D-01       0.17901D+00       0.30756D-01
       0.18000D+02       0.74871D-04       0.91471D-02       0.17504D+00       0.29940D-01
       0.19000D+02       0.75563D-04      -0.79165D-01       0.17440D+00       0.30099D-01
       0.20000D+02       0.75271D-04      -0.17449D+00       0.17920D+00       0.30311D-01
       0.21000D+02       0.72822D-04      -0.48824D-01       0.18261D+00       0.29363D-01
       0.22000D+02       0.76326D-04       0.12973D-01       0.18102D+00       0.29768D-01
       0.23000D+02       0.72281D-04       0.18866D-01       0.17773D+00       0.29650D-01
       0.24000D+02       0.70687D-04      -0.28605D-01       0.17583D+00       0.29587D-01
       0.25000D+02       0.73786D-04      -0.16169D+00       0.17804D+00       0.29778D-01
       0.26000D+02       0.72077D-04      -0.10661D+00       0.18199D+00       0.29176D-01
       0.27000D+02       0.71251D-04      -0.14252D-02       0.18205D+00       0.29840D-01
       0.28000D+02       0.73967D-04       0.25954D-01       0.17963D+00       0.30062D-01
       0.29000D+02       0.73040D-04       0.18311D-02       0.17732D+00       0.29593D-01
       0.30000D+02       0.76170D-04      -0.10842D+00       0.17750D+00       0.29739D-01
       0.31000D+02       0.74959D-04      -0.16405D+00       0.18084D+00       0.29458D-01
       0.32000D+02       0.73148D-04      -0.29344D-01       0.18239D+00       0.29001D-01
       0.33000D+02       0.78002D-04       0.18765D-01       0.18095D+00       0.29517D-01
       0.34000D+02       0.75360D-04       0.14162D-01       0.17872D+00       0.29706D-01
       0.35000D+02       0.74317D-04      -0.49759D-01       0.17775D+00       0.30018D-01
       0.36000D+02       0.75179D-04      -0.17363D+00       0.17978D+00       0.30005D-01
       0.37000D+02       0.73549D-04      -0.78212D-01       0.18222D+00       0.29469D-01
       0.38000D+02       0.73830D-04       0.51775D-02       0.18177D+00       0.29555D-01
       0.39000D+02       0.72990D-04       0.23138D-01       0.17991D+00       0.30183D-01
       0.40000D+02       0.72444D-04      -0.99136D-02       0.17842D+00       0.29857D-01
       0.41000D+02       0.75511D-04      -0.13710D+00       0.17906D+00       0.29834D-01
       0.42000D+02       0.74177D-04      -0.14214D+00       0.18159D+00       0.29367D-01
       0.43000D+02       0.72765D-04      -0.14408D-01       0.18221D+00       0.29380D-01
       0.44000D+02       0.76702D-04       0.23712D-01       0.18090D+00       0.29678D-01
       0.45000D+02       0.75337D-04       0.10009D-01       0.17926D+00       0.29484D-01
       0.46000D+02       0.75392D-04      -0.74209D-01       0.17884D+00       0.29594D-01
       0.47000D+02       0.75332D-04      -0.17532D+00       0.18072D+00       0.29670D-01
       0.48000D+02       0.74239D-04      -0.53059D-01       0.18225D+00       0.29260D-01
       0.49000D+02       0.75584D-04       0.11728D-01       0.18160D+00       0.29437D-01
       0.50000D+02       0.73882D-04       0.19634D-01       0.18008D+00       0.29408D-01
       0.51000D+02       0.73160D-04      -0.25210D-01       0.17911D+00       0.29441D-01
       0.52000D+02       0.74757D-04      -0.15856D+00       0.18002D+00       0.29443D-01
       0.53000D+02       0.73876D-04      -0.11225D+00       0.18195D+00       0.29230D-01
       0.54000D+02       0.73368D-04      -0.30098D-02       0.18204D+00       0.29248D-01
       0.55000D+02       0.75084D-04       0.26109D-01       0.18084D+00       0.29349D-01
       0.56000D+02       0.74485D-04       0.35802D-02       0.17961D+00       0.29194D-01
       0.57000D+02       0.75873D-04      -0.10277D+00       0.17959D+00       0.29276D-01
       0.58000D+02       0.75301D-04      -0.16679D+00       0.18131D+00       0.29155D-01
       0.59000D+02       0.74342D-04      -0.32533D-01       0.18221D+00       0.29117D-01
       0.60000D+02       0.76727D-04       0.17803D-01       0.18146D+00       0.29251D-01
       0.61000D+02       0.75232D-04       0.15028D-01       0.18021D+00       0.29368D-01
       0.62000D+02       0.74611D-04      -0.45545D-01       0.17959D+00       0.29446D-01
       0.63000D+02       0.75315D-04      -0.17212D+00       0.18067D+00       0.29497D-01
       0.64000D+02       0.74408D-04      -0.83220D-01       0.18210D+00       0.29276D-01
       0.65000D+02       0.74508D-04       0.40595D-02       0.18189D+00       0.29368D-01
       0.66000D+02       0.74218D-04       0.23766D-01       0.18080D+00       0.29727D-01
       0.67000D+02       0.73842D-04      -0.74973D-02       0.17988D+00       0.29459D-01
       0.68000D+02       0.75861D-04      -0.13222D+00       0.18018D+00       0.29780D-01
       0.69000D+02       0.75159D-04      -0.14706D+00       0.18169D+00       0.29568D-01
       0.70000D+02       0.74177D-04      -0.16948D-01       0.18214D+00       0.29666D-01
       0.71000D+02       0.76503D-04       0.22844D-01       0.18135D+00       0.29824D-01
       0.72000D+02       0.75579D-04       0.10789D-01       0.18031D+00       0.29675D-01
       0.73000D+02       0.75493D-04      -0.69411D-01       0.17999D+00       0.29824D-01
       0.74000D+02       0.75474D-04      -0.17581D+00       0.18113D+00       0.29910D-01
       0.75000D+02       0.74765D-04      -0.57457D-01       0.18215D+00       0.29609D-01
       0.76000D+02       0.75530D-04       0.10463D-01       0.18176D+00       0.29690D-01
       0.77000D+02       0.74497D-04       0.20346D-01       0.18078D+00       0.29806D-01
       0.78000D+02       0.74056D-04      -0.22009D-01       0.18011D+00       0.29827D-01
       0.79000D+02       0.75210D-04      -0.15517D+00       0.18065D+00       0.29862D-01
       0.80000D+02       0.74566D-04      -0.11794D+00       0.18193D+00       0.29681D-01
       0.81000D+02       0.74067D-04      -0.47685D-02       0.18204D+00       0.29615D-01
       0.82000D+02       0.75459D-04       0.26070D-01       0.18125D+00       0.29843D-01
       0.83000D+02       0.74986D-04       0.51512D-02       0.18040D+00       0.29707D-01
       0.84000D+02       0.75774D-04      -0.97175D-01       0.18034D+00       0.29738D-01
       0.85000D+02       0.75547D-04      -0.16915D+00       0.18148D+00       0.29687D-01
       0.86000D+02       0.74925D-04      -0.35904D-01       0.18214D+00       0.29551D-01
       0.87000D+02       0.76404D-04       0.16802D-01       0.18165D+00       0.29691D-01
       0.88000D+02       0.75320D-04       0.15922D-01       0.18078D+00       0.29776D-01
       0.89000D+02       0.74872D-04      -0.41439D-01       0.18032D+00       0.29826D-01
       0.90000D+02       0.75392D-04      -0.17027D+00       0.18102D+00       0.29861D-01
       0.91000D+02       0.74818D-04      -0.88341D-01       0.18205D+00       0.29737D-01
       0.92000D+02       0.74682D-04       0.29350D-02       0.18194D+00       0.29749D-01
       0.93000D+02       0.74641D-04       0.24383D-01       0.18117D+00       0.29919D-01
       0.94000D+02       0.74386D-04      -0.51802D-02       0.18050D+00       0.29838D-01
       0.95000D+02       0.75707D-04      -0.12709D+00       0.18066D+00       0.29961D-01
       0.96000D+02       0.75149D-04      -0.15163D+00       0.18174D+00       0.29778D-01
       0.97000D+02       0.74469D-04      -0.19586D-01       0.18210D+00       0.29685D-01
       0.98000D+02       0.76245D-04       0.21932D-01       0.18155D+00       0.29778D-01
       0.99000D+02       0.75521D-04       0.11530D-01       0.18079D+00       0.29734D-01
       0.10000D+03       0.75381D-04      -0.64752D-01       0.18052D+00       0.29807D-01
       0.10100D+03       0.75619D-04      -0.17595D+00       0.18132D+00       0.29924D-01
       0.10200D+03       0.75078D-04      -0.61995D-01       0.18210D+00       0.29724D-01
       0.10300D+03       0.75593D-04       0.92021D-02       0.18184D+00       0.29808D-01
       0.10400D+03       0.74898D-04       0.21011D-01       0.18112D+00       0.29900D-01
       0.10500D+03       0.74589D-04      -0.18993D-01       0.18060D+00       0.29948D-01
       0.10600D+03       0.75546D-04      -0.15153D+00       0.18096D+00       0.29963D-01
       0.10700D+03       0.75131D-04      -0.12365D+00       0.18192D+00       0.29831D-01
       0.10800D+03       0.74702D-04      -0.67036D-02       0.18204D+00       0.29755D-01
       0.10900D+03       0.75926D-04       0.25827D-01       0.18146D+00       0.30202D-01
       0.11000D+03       0.75510D-04       0.65365D-02       0.18081D+00       0.30088D-01
       0.11100D+03       0.75955D-04      -0.91683D-01       0.18072D+00       0.30134D-01
       0.11200D+03       0.75825D-04      -0.17113D+00       0.18157D+00       0.30149D-01
       0.11300D+03       0.75389D-04      -0.39473D-01       0.18210D+00       0.30138D-01
       0.11400D+03       0.76395D-04       0.15746D-01       0.18175D+00       0.30241D-01
       0.11500D+03       0.75556D-04       0.16823D-01       0.18108D+00       0.30270D-01
       0.11600D+03       0.75199D-04      -0.37462D-01       0.18071D+00       0.30194D-01
       0.11700D+03       0.75594D-04      -0.16808D+00       0.18121D+00       0.30206D-01
       0.11800D+03       0.75177D-04      -0.93582D-01       0.18202D+00       0.30136D-01
       0.11900D+03       0.75072D-04       0.17677D-02       0.18196D+00       0.30157D-01
       0.12000D+03       0.75279D-04       0.24961D-01       0.18138D+00       0.30224D-01
       0.12100D+03       0.75093D-04      -0.29651D-02       0.18084D+00       0.30086D-01
       0.12200D+03       0.76145D-04      -0.12174D+00       0.18093D+00       0.30185D-01
       0.12300D+03       0.75804D-04      -0.15580D+00       0.18176D+00       0.30090D-01
       0.12400D+03       0.75293D-04      -0.22323D-01       0.18208D+00       0.29950D-01
       0.12500D+03       0.76596D-04       0.21003D-01       0.18166D+00       0.30105D-01
       0.12600D+03       0.75988D-04       0.12267D-01       0.18106D+00       0.30040D-01
       0.12700D+03       0.75748D-04      -0.60211D-01       0.18083D+00       0.30022D-01
       0.12800D+03       0.75922D-04      -0.17572D+00       0.18143D+00       0.30033D-01
       0.12900D+03       0.75456D-04      -0.66655D-01       0.18207D+00       0.29869D-01
       0.13000D+03       0.75665D-04       0.79672D-02       0.18189D+00       0.29941D-01
       0.13100D+03       0.75180D-04       0.21647D-01       0.18132D+00       0.30057D-01
       0.13200D+03       0.74961D-04      -0.16147D-01       0.18089D+00       0.30096D-01
       0.13300D+03       0.75764D-04      -0.14761D+00       0.18114D+00       0.30082D-01
       0.13400D+03       0.75423D-04      -0.12930D+00       0.18191D+00       0.29993D-01
       0.13500D+03       0.75048D-04      -0.88066D-02       0.18204D+00       0.30152D-01
       0.13600D+03       0.76164D-04       0.25388D-01       0.18158D+00       0.30166D-01
       0.13700D+03       0.75828D-04       0.77404D-02       0.18105D+00       0.30062D-01
       0.13800D+03       0.76064D-04      -0.86331D-01       0.18096D+00       0.30120D-01
       0.13900D+03       0.75976D-04      -0.17277D+00       0.18162D+00       0.30146D-01
       0.14000D+03       0.75649D-04      -0.43246D-01       0.18208D+00       0.30047D-01
       0.14100D+03       0.76370D-04       0.14628D-01       0.18181D+00       0.30096D-01
       0.14200D+03       0.75694D-04       0.17706D-01       0.18127D+00       0.30069D-01
       0.14300D+03       0.75405D-04      -0.33636D-01       0.18095D+00       0.30043D-01
       0.14400D+03       0.75914D-04      -0.16560D+00       0.18133D+00       0.30048D-01
       0.14500D+03       0.75525D-04      -0.98950D-01       0.18200D+00       0.29967D-01
       0.14600D+03       0.75417D-04       0.51792D-03       0.18198D+00       0.29962D-01
       0.14700D+03       0.75716D-04       0.25462D-01       0.18151D+00       0.30024D-01
       0.14800D+03       0.75529D-04      -0.86412D-03       0.18106D+00       0.29906D-01
       0.14900D+03       0.76289D-04      -0.11623D+00       0.18111D+00       0.29969D-01
       0.15000D+03       0.75994D-04      -0.15954D+00       0.18178D+00       0.29902D-01
       0.15100D+03       0.75540D-04      -0.25170D-01       0.18207D+00       0.29761D-01
       0.15200D+03       0.76657D-04       0.20070D-01       0.18174D+00       0.29836D-01
       0.15300D+03       0.76096D-04       0.13030D-01       0.18124D+00       0.29831D-01
       0.15400D+03       0.75887D-04      -0.55773D-01       0.18103D+00       0.29864D-01
       0.15500D+03       0.76037D-04      -0.17511D+00       0.18151D+00       0.29873D-01
       0.15600D+03       0.75664D-04      -0.71421D-01       0.18205D+00       0.29747D-01
       0.15700D+03       0.75785D-04       0.67720D-02       0.18192D+00       0.29796D-01
       0.15800D+03       0.75448D-04       0.22269D-01       0.18145D+00       0.29918D-01
       0.15900D+03       0.75288D-04      -0.13451D-01       0.18108D+00       0.29856D-01
       0.16000D+03       0.76024D-04      -0.14341D+00       0.18126D+00       0.29923D-01
       0.16100D+03       0.75679D-04      -0.13482D+00       0.18191D+00       0.29800D-01
       0.16200D+03       0.75357D-04      -0.11061D-01       0.18204D+00       0.29814D-01
       0.16300D+03       0.76386D-04       0.24778D-01       0.18167D+00       0.29945D-01
       0.16400D+03       0.76066D-04       0.87802D-02       0.18122D+00       0.29891D-01
       0.16500D+03       0.76172D-04      -0.81142D-01       0.18112D+00       0.29922D-01
       0.16600D+03       0.76099D-04      -0.17407D+00       0.18166D+00       0.29951D-01
       0.16700D+03       0.75851D-04      -0.47221D-01       0.18206D+00       0.29816D-01
       0.16800D+03       0.76385D-04       0.13447D-01       0.18185D+00       0.29858D-01
       0.16900D+03       0.75826D-04       0.18551D-01       0.18140D+00       0.29841D-01
       0.17000D+03       0.75594D-04      -0.29980D-01       0.18112D+00       0.29831D-01
       0.17100D+03       0.76053D-04      -0.16284D+00       0.18142D+00       0.29857D-01
       0.17200D+03       0.75725D-04      -0.10444D+00       0.18199D+00       0.29772D-01
       0.17300D+03       0.75631D-04      -0.85182D-03       0.18199D+00       0.29772D-01
       0.17400D+03       0.75998D-04       0.25845D-01       0.18160D+00       0.29800D-01
       0.17500D+03       0.75810D-04       0.11042D-02       0.18121D+00       0.29708D-01
       0.17600D+03       0.76375D-04      -0.11062D+00       0.18123D+00       0.29780D-01
       0.17700D+03       0.76176D-04      -0.16287D+00       0.18179D+00       0.29749D-01
       0.17800D+03       0.75811D-04      -0.28144D-01       0.18206D+00       0.29664D-01
       0.17900D+03       0.76677D-04       0.19133D-01       0.18179D+00       0.29744D-01
       0.18000D+03       0.76196D-04       0.13835D-01       0.18136D+00       0.29796D-01
       0.18100D+03       0.75986D-04      -0.51428D-01       0.18117D+00       0.29843D-01
       0.18200D+03       0.76123D-04      -0.17412D+00       0.18156D+00       0.29848D-01
       0.18300D+03       0.75763D-04      -0.76287D-01       0.18203D+00       0.29749D-01
       0.18400D+03       0.75864D-04       0.56182D-02       0.18194D+00       0.29777D-01
       0.18500D+03       0.75643D-04       0.22893D-01       0.18154D+00       0.29904D-01
       0.18600D+03       0.75493D-04      -0.10884D-01       0.18122D+00       0.29831D-01
       0.18700D+03       0.76197D-04      -0.13892D+00       0.18135D+00       0.29919D-01
       0.18800D+03       0.75952D-04      -0.14014D+00       0.18190D+00       0.29819D-01
       0.18900D+03       0.75607D-04      -0.13447D-01       0.18203D+00       0.29777D-01
       0.19000D+03       0.76474D-04       0.24031D-01       0.18173D+00       0.29906D-01
       0.19100D+03       0.76167D-04       0.96849D-02       0.18134D+00       0.29862D-01
       0.19200D+03       0.76205D-04      -0.76122D-01       0.18123D+00       0.29844D-01
       0.19300D+03       0.76163D-04      -0.17504D+00       0.18168D+00       0.29890D-01
       0.19400D+03       0.75913D-04      -0.51387D-01       0.18205D+00       0.29807D-01
       0.19500D+03       0.76328D-04       0.12217D-01       0.18188D+00       0.29859D-01
       0.19600D+03       0.75861D-04       0.19341D-01       0.18149D+00       0.29847D-01
       0.19700D+03       0.75670D-04      -0.26511D-01       0.18124D+00       0.29822D-01
       0.19800D+03       0.76099D-04      -0.15981D+00       0.18148D+00       0.29862D-01
       0.19900D+03       0.75843D-04      -0.11004D+00       0.18198D+00       0.29784D-01
       0.20000D+03       0.75672D-04      -0.23718D-02       0.18200D+00       0.29766D-01
       0.20100D+03       0.76092D-04       0.26071D-01       0.18166D+00       0.29807D-01
       0.20200D+03       0.75932D-04       0.29186D-02       0.18132D+00       0.29736D-01
       0.20300D+03       0.76347D-04      -0.10497D+00       0.18132D+00       0.29812D-01
       0.20400D+03       0.76203D-04      -0.16577D+00       0.18180D+00       0.29776D-01
       0.20500D+03       0.75878D-04      -0.31269D-01       0.18205D+00       0.29721D-01
       0.20600D+03       0.76558D-04       0.18181D-01       0.18183D+00       0.29759D-01
       0.20700D+03       0.76124D-04       0.14686D-01       0.18146D+00       0.29789D-01
       0.20800D+03       0.75929D-04      -0.47176D-01       0.18127D+00       0.29832D-01
       0.20900D+03       0.76143D-04      -0.17275D+00       0.18159D+00       0.29844D-01
       0.21000D+03       0.75872D-04      -0.81255D-01       0.18202D+00       0.29771D-01
       0.21100D+03       0.75884D-04       0.44944D-02       0.18195D+00       0.29807D-01
       0.21200D+03       0.75757D-04       0.23521D-01       0.18161D+00       0.29929D-01
       0.21300D+03       0.75640D-04      -0.84275D-02       0.18132D+00       0.29969D-01
       0.21400D+03       0.76204D-04      -0.13415D+00       0.18142D+00       0.30080D-01
       0.21500D+03       0.75953D-04      -0.14518D+00       0.18190D+00       0.29986D-01
       0.21600D+03       0.75642D-04      -0.15946D-01       0.18203D+00       0.29910D-01
       0.21700D+03       0.76457D-04       0.23189D-01       0.18177D+00       0.29957D-01
       0.21800D+03       0.76163D-04       0.10492D-01       0.18143D+00       0.29913D-01
       0.21900D+03       0.76140D-04      -0.71264D-01       0.18132D+00       0.29992D-01
       0.22000D+03       0.76167D-04      -0.17566D+00       0.18170D+00       0.30009D-01
       0.22100D+03       0.75964D-04      -0.55724D-01       0.18204D+00       0.29927D-01
       0.22200D+03       0.76299D-04       0.10957D-01       0.18190D+00       0.29974D-01
       0.22300D+03       0.75926D-04       0.20075D-01       0.18157D+00       0.29997D-01
       0.22400D+03       0.75766D-04      -0.23234D-01       0.18133D+00       0.29991D-01
       0.22500D+03       0.76182D-04      -0.15652D+00       0.18152D+00       0.30020D-01
       0.22600D+03       0.75993D-04      -0.11572D+00       0.18197D+00       0.29948D-01
       0.22700D+03       0.75838D-04      -0.40616D-02       0.18200D+00       0.29922D-01
       0.22800D+03       0.76297D-04       0.26110D-01       0.18172D+00       0.29957D-01
       0.22900D+03       0.76131D-04       0.45606D-02       0.18141D+00       0.29911D-01
       0.23000D+03       0.76424D-04      -0.99347D-01       0.18139D+00       0.29912D-01
       0.23100D+03       0.76329D-04      -0.16827D+00       0.18180D+00       0.29907D-01
       0.23200D+03       0.76057D-04      -0.34567D-01       0.18204D+00       0.29838D-01
       0.23300D+03       0.76593D-04       0.17198D-01       0.18185D+00       0.29879D-01
       0.23400D+03       0.76186D-04       0.15571D-01       0.18153D+00       0.29908D-01
       0.23500D+03       0.76008D-04      -0.43026D-01       0.18135D+00       0.29935D-01
       0.23600D+03       0.76203D-04      -0.17103D+00       0.18162D+00       0.29929D-01
       0.23700D+03       0.75970D-04      -0.86330D-01       0.18201D+00       0.29876D-01
       0.23800D+03       0.75963D-04       0.33764D-02       0.18196D+00       0.29885D-01
       0.23900D+03       0.75914D-04       0.24146D-01       0.18166D+00       0.29968D-01
       0.24000D+03       0.75816D-04      -0.60719D-02       0.18140D+00       0.29953D-01
       0.24100D+03       0.76338D-04      -0.12912D+00       0.18147D+00       0.30057D-01
       0.24200D+03       0.76117D-04      -0.14989D+00       0.18189D+00       0.29989D-01
       0.24300D+03       0.75847D-04      -0.18546D-01       0.18203D+00       0.29918D-01
       0.24400D+03       0.76548D-04       0.22291D-01       0.18181D+00       0.29975D-01
       0.24500D+03       0.76261D-04       0.11243D-01       0.18150D+00       0.29954D-01
       0.24600D+03       0.76209D-04      -0.66553D-01       0.18139D+00       0.30035D-01
       0.24700D+03       0.76236D-04      -0.17594D+00       0.18172D+00       0.30060D-01
       0.24800D+03       0.76002D-04      -0.60210D-01       0.18203D+00       0.29975D-01
       0.24900D+03       0.76188D-04       0.96916D-02       0.18192D+00       0.30015D-01
       0.25000D+03       0.75883D-04       0.20757D-01       0.18162D+00       0.30051D-01
       0.25100D+03       0.75754D-04      -0.20147D-01       0.18140D+00       0.30028D-01
       0.25200D+03       0.76164D-04      -0.15298D+00       0.18156D+00       0.30050D-01
       0.25300D+03       0.75978D-04      -0.12143D+00       0.18196D+00       0.30005D-01
       0.25400D+03       0.75816D-04      -0.59285D-02       0.18201D+00       0.30129D-01
       0.25500D+03       0.76305D-04       0.25946D-01       0.18175D+00       0.30308D-01
       0.25600D+03       0.76134D-04       0.60185D-02       0.18148D+00       0.30262D-01
       0.25700D+03       0.76351D-04      -0.93809D-01       0.18144D+00       0.30291D-01
       0.25800D+03       0.76272D-04      -0.17040D+00       0.18181D+00       0.30306D-01
       0.25900D+03       0.76044D-04      -0.38057D-01       0.18204D+00       0.30279D-01
       0.26000D+03       0.76467D-04       0.16165D-01       0.18188D+00       0.30325D-01
       0.26100D+03       0.76098D-04       0.16472D-01       0.18158D+00       0.30335D-01
       0.26200D+03       0.75947D-04      -0.38996D-01       0.18142D+00       0.30347D-01
       0.26300D+03       0.76120D-04      -0.16897D+00       0.18165D+00       0.30357D-01
       0.26400D+03       0.75908D-04      -0.91523D-01       0.18200D+00       0.30315D-01
       0.26500D+03       0.75892D-04       0.22305D-02       0.18197D+00       0.30316D-01
       0.26600D+03       0.75955D-04       0.24743D-01       0.18171D+00       0.30341D-01
       0.26700D+03       0.75853D-04      -0.38161D-02       0.18146D+00       0.30280D-01
       0.26800D+03       0.76274D-04      -0.12385D+00       0.18151D+00       0.30350D-01
       0.26900D+03       0.76101D-04      -0.15422D+00       0.18189D+00       0.30298D-01
       0.27000D+03       0.75850D-04      -0.21244D-01       0.18203D+00       0.30251D-01
       0.27100D+03       0.76512D-04       0.21366D-01       0.18183D+00       0.30313D-01
       0.27200D+03       0.76234D-04       0.11978D-01       0.18155D+00       0.30282D-01
       0.27300D+03       0.76126D-04      -0.61969D-01       0.18145D+00       0.30265D-01
       0.27400D+03       0.76156D-04      -0.17585D+00       0.18173D+00       0.30269D-01
       0.27500D+03       0.75925D-04      -0.64825D-01       0.18203D+00       0.30209D-01
       0.27600D+03       0.76077D-04       0.84445D-02       0.18193D+00       0.30246D-01
       0.27700D+03       0.75833D-04       0.21401D-01       0.18167D+00       0.30280D-01
       0.27800D+03       0.75729D-04      -0.17237D-01       0.18146D+00       0.30294D-01
       0.27900D+03       0.76136D-04      -0.14917D+00       0.18159D+00       0.30305D-01
       0.28000D+03       0.75962D-04      -0.12710D+00       0.18195D+00       0.30240D-01
       0.28100D+03       0.75788D-04      -0.79676D-02       0.18201D+00       0.30242D-01
       0.28200D+03       0.76299D-04       0.25581D-01       0.18179D+00       0.30328D-01
       0.28300D+03       0.76124D-04       0.72918D-02       0.18153D+00       0.30280D-01
       0.28400D+03       0.76272D-04      -0.88399D-01       0.18149D+00       0.30343D-01
       0.28500D+03       0.76216D-04      -0.17217D+00       0.18181D+00       0.30353D-01
       0.28600D+03       0.76031D-04      -0.41750D-01       0.18203D+00       0.30277D-01
       0.28700D+03       0.76372D-04       0.15072D-01       0.18190D+00       0.30322D-01
       0.28800D+03       0.76037D-04       0.17365D-01       0.18163D+00       0.30335D-01
       0.28900D+03       0.75897D-04      -0.35108D-01       0.18147D+00       0.30318D-01
       0.29000D+03       0.76070D-04      -0.16660D+00       0.18167D+00       0.30346D-01
       0.29100D+03       0.75878D-04      -0.96842D-01       0.18200D+00       0.30294D-01
       0.29200D+03       0.75801D-04       0.10175D-02       0.18198D+00       0.30281D-01
       0.29300D+03       0.75923D-04       0.25279D-01       0.18174D+00       0.30270D-01
       0.29400D+03       0.75835D-04      -0.16686D-02       0.18152D+00       0.30212D-01
       0.29500D+03       0.76239D-04      -0.11840D+00       0.18154D+00       0.30224D-01
       0.29600D+03       0.76074D-04      -0.15813D+00       0.18189D+00       0.30188D-01
       0.29700D+03       0.75839D-04      -0.24046D-01       0.18202D+00       0.30176D-01
       0.29800D+03       0.76396D-04       0.20434D-01       0.18185D+00       0.30229D-01
       0.29900D+03       0.76129D-04       0.12728D-01       0.18160D+00       0.30226D-01
       0.30000D+03       0.76022D-04      -0.57492D-01       0.18149D+00       0.30222D-01
       0.30100D+03       0.76107D-04      -0.17539D+00       0.18174D+00       0.30226D-01
       0.30200D+03       0.75889D-04      -0.69551D-01       0.18202D+00       0.30159D-01
       0.30300D+03       0.75999D-04       0.72329D-02       0.18195D+00       0.30175D-01
       0.30400D+03       0.75809D-04       0.22027D-01       0.18170D+00       0.30224D-01
       0.30500D+03       0.75710D-04      -0.14486D-01       0.18151D+00       0.30180D-01
       0.30600D+03       0.76125D-04      -0.14508D+00       0.18161D+00       0.30181D-01
       0.30700D+03       0.75981D-04      -0.13268D+00       0.18195D+00       0.30116D-01
       0.30800D+03       0.75799D-04      -0.10165D-01       0.18201D+00       0.30107D-01
       0.30900D+03       0.76318D-04       0.25034D-01       0.18181D+00       0.30169D-01
       0.31000D+03       0.76156D-04       0.83927D-02       0.18158D+00       0.30141D-01
       0.31100D+03       0.76230D-04      -0.83145D-01       0.18153D+00       0.30126D-01
       0.31200D+03       0.76159D-04      -0.17360D+00       0.18181D+00       0.30143D-01
       0.31300D+03       0.76009D-04      -0.45648D-01       0.18203D+00       0.30080D-01
       0.31400D+03       0.76284D-04       0.13915D-01       0.18191D+00       0.30104D-01
       0.31500D+03       0.75982D-04       0.18227D-01       0.18167D+00       0.30093D-01
       0.31600D+03       0.75860D-04      -0.31384D-01       0.18152D+00       0.30079D-01
       0.31700D+03       0.76036D-04      -0.16395D+00       0.18168D+00       0.30091D-01
       0.31800D+03       0.75868D-04      -0.10229D+00       0.18199D+00       0.30041D-01
       0.31900D+03       0.75798D-04      -0.30135D-03       0.18198D+00       0.30035D-01
       0.32000D+03       0.75972D-04       0.25713D-01       0.18177D+00       0.30093D-01
       0.32100D+03       0.75876D-04       0.35386D-03       0.18156D+00       0.30032D-01
       0.32200D+03       0.76207D-04      -0.11281D+00       0.18157D+00       0.30021D-01
       0.32300D+03       0.76092D-04      -0.16162D+00       0.18188D+00       0.30002D-01
       0.32400D+03       0.75897D-04      -0.26968D-01       0.18202D+00       0.29967D-01
       0.32500D+03       0.76370D-04       0.19499D-01       0.18187D+00       0.30013D-01
       0.32600D+03       0.76111D-04       0.13516D-01       0.18164D+00       0.30039D-01
       0.32700D+03       0.75999D-04      -0.53111D-01       0.18153D+00       0.30050D-01
       0.32800D+03       0.76118D-04      -0.17455D+00       0.18175D+00       0.30060D-01
       0.32900D+03       0.75944D-04      -0.74378D-01       0.18201D+00       0.29996D-01
       0.33000D+03       0.75982D-04       0.60635D-02       0.18195D+00       0.30021D-01
       0.33100D+03       0.75842D-04       0.22649D-01       0.18173D+00       0.30091D-01
       0.33200D+03       0.75760D-04      -0.11871D-01       0.18155D+00       0.30054D-01
       0.33300D+03       0.76097D-04      -0.14071D+00       0.18163D+00       0.30050D-01
       0.33400D+03       0.75959D-04      -0.13809D+00       0.18194D+00       0.30002D-01
       0.33500D+03       0.75780D-04      -0.12502D-01       0.18201D+00       0.29969D-01
       0.33600D+03       0.76251D-04       0.24336D-01       0.18184D+00       0.30040D-01
       0.33700D+03       0.76085D-04       0.93460D-02       0.18162D+00       0.29998D-01
       0.33800D+03       0.76121D-04      -0.78059D-01       0.18156D+00       0.30020D-01
       0.33900D+03       0.76109D-04      -0.17470D+00       0.18182D+00       0.30049D-01
       0.34000D+03       0.75962D-04      -0.49741D-01       0.18202D+00       0.29993D-01
       0.34100D+03       0.76186D-04       0.12702D-01       0.18192D+00       0.30018D-01
       0.34200D+03       0.75915D-04       0.19040D-01       0.18170D+00       0.30010D-01
       0.34300D+03       0.75805D-04      -0.27841D-01       0.18156D+00       0.30001D-01
       0.34400D+03       0.76044D-04      -0.16102D+00       0.18170D+00       0.30010D-01
       0.34500D+03       0.75915D-04      -0.10785D+00       0.18198D+00       0.29972D-01
       0.34600D+03       0.75852D-04      -0.17598D-02       0.18199D+00       0.29960D-01
       0.34700D+03       0.76071D-04       0.26004D-01       0.18180D+00       0.29980D-01
       0.34800D+03       0.75984D-04       0.22308D-02       0.18160D+00       0.29940D-01
       0.34900D+03       0.76235D-04      -0.10717D+00       0.18160D+00       0.29934D-01
       0.35000D+03       0.76158D-04      -0.16469D+00       0.18188D+00       0.29919D-01
       0.35100D+03       0.75988D-04      -0.30031D-01       0.18202D+00       0.29883D-01
       0.35200D+03       0.76439D-04       0.18555D-01       0.18189D+00       0.29933D-01
       0.35300D+03       0.76189D-04       0.14349D-01       0.18167D+00       0.29951D-01
       0.35400D+03       0.76079D-04      -0.48822D-01       0.18157D+00       0.29977D-01
       0.35500D+03       0.76174D-04      -0.17333D+00       0.18176D+00       0.29999D-01
       0.35600D+03       0.76016D-04      -0.79306D-01       0.18201D+00       0.29949D-01
       0.35700D+03       0.76050D-04       0.49303D-02       0.18196D+00       0.29963D-01
       0.35800D+03       0.75958D-04       0.23276D-01       0.18176D+00       0.30032D-01
       0.35900D+03       0.75890D-04      -0.93728D-02       0.18159D+00       0.30062D-01
       0.36000D+03       0.76218D-04      -0.13604D+00       0.18165D+00       0.30114D-01
       0.36100D+03       0.76068D-04      -0.14325D+00       0.18194D+00       0.30066D-01
       0.36200D+03       0.75886D-04      -0.14959D-01       0.18201D+00       0.30071D-01
       0.36300D+03       0.76358D-04       0.23526D-01       0.18185D+00       0.30104D-01
       0.36400D+03       0.76188D-04       0.10186D-01       0.18165D+00       0.30078D-01
       0.36500D+03       0.76190D-04      -0.73140D-01       0.18159D+00       0.30093D-01
       0.36600D+03       0.76157D-04      -0.17546D+00       0.18182D+00       0.30101D-01
       0.36700D+03       0.76025D-04      -0.54014D-01       0.18202D+00       0.30048D-01
       0.36800D+03       0.76208D-04       0.11450D-01       0.18193D+00       0.30073D-01
       0.36900D+03       0.75978D-04       0.19796D-01       0.18173D+00       0.30087D-01
       0.37000D+03       0.75884D-04      -0.24489D-01       0.18159D+00       0.30087D-01
       0.37100D+03       0.76131D-04      -0.15784D+00       0.18171D+00       0.30088D-01
       0.37200D+03       0.76005D-04      -0.11350D+00       0.18198D+00       0.30055D-01
       0.37300D+03       0.75904D-04      -0.33818D-02       0.18199D+00       0.30167D-01
       0.37400D+03       0.76162D-04       0.26118D-01       0.18182D+00       0.30182D-01
       0.37500D+03       0.76066D-04       0.39418D-02       0.18163D+00       0.30155D-01
       0.37600D+03       0.76263D-04      -0.10153D+00       0.18162D+00       0.30147D-01
       0.37700D+03       0.76186D-04      -0.16734D+00       0.18188D+00       0.30154D-01
       0.37800D+03       0.76045D-04      -0.33259D-01       0.18202D+00       0.30156D-01
       0.37900D+03       0.76422D-04       0.17586D-01       0.18190D+00       0.30178D-01
       0.38000D+03       0.76182D-04       0.15223D-01       0.18170D+00       0.30195D-01
       0.38100D+03       0.76076D-04      -0.44631D-01       0.18160D+00       0.30203D-01
       0.38200D+03       0.76183D-04      -0.17174D+00       0.18176D+00       0.30218D-01
       0.38300D+03       0.76042D-04      -0.84338D-01       0.18200D+00       0.30166D-01
       0.38400D+03       0.76020D-04       0.38136D-02       0.18197D+00       0.30181D-01
       0.38500D+03       0.75975D-04       0.23904D-01       0.18178D+00       0.30207D-01
       0.38600D+03       0.75904D-04      -0.69786D-02       0.18162D+00       0.30159D-01
       0.38700D+03       0.76244D-04      -0.13111D+00       0.18167D+00       0.30209D-01
       0.38800D+03       0.76108D-04      -0.14810D+00       0.18193D+00       0.30177D-01
       0.38900D+03       0.75951D-04      -0.17520D-01       0.18201D+00       0.30172D-01
       0.39000D+03       0.76377D-04       0.22646D-01       0.18187D+00       0.30202D-01
       0.39100D+03       0.76204D-04       0.10954D-01       0.18168D+00       0.30174D-01
       0.39200D+03       0.76178D-04      -0.68374D-01       0.18161D+00       0.30196D-01
       0.39300D+03       0.76226D-04      -0.17588D+00       0.18182D+00       0.30209D-01
       0.39400D+03       0.76099D-04      -0.58445D-01       0.18201D+00       0.30154D-01
       0.39500D+03       0.76255D-04       0.10184D-01       0.18194D+00       0.30173D-01
       0.39600D+03       0.76055D-04       0.20496D-01       0.18175D+00       0.30195D-01
       0.39700D+03       0.75965D-04      -0.21329D-01       0.18162D+00       0.30196D-01
       0.39800D+03       0.76226D-04      -0.15439D+00       0.18172D+00       0.30191D-01
       0.39900D+03       0.76101D-04      -0.11920D+00       0.18197D+00       0.30178D-01
       0.40000D+03       0.75993D-04      -0.51796D-02       0.18200D+00       0.30191D-01
       0.40100D+03       0.76284D-04       0.26034D-01       0.18184D+00       0.30239D-01
       0.40200D+03       0.76181D-04       0.54722D-02       0.18166D+00       0.30208D-01
       0.40300D+03       0.76333D-04      -0.95956D-01       0.18164D+00       0.30256D-01
       0.40400D+03       0.76275D-04      -0.16961D+00       0.18188D+00       0.30253D-01
       0.40500D+03       0.76141D-04      -0.36673D-01       0.18202D+00       0.30225D-01
       0.40600D+03       0.76462D-04       0.16575D-01       0.18191D+00       0.30257D-01
       0.40700D+03       0.76227D-04       0.16120D-01       0.18172D+00       0.30275D-01
       0.40800D+03       0.76125D-04      -0.40552D-01       0.18162D+00       0.30287D-01
       0.40900D+03       0.76232D-04      -0.16981D+00       0.18177D+00       0.30316D-01
       0.41000D+03       0.76080D-04      -0.89484D-01       0.18200D+00       0.30280D-01
       0.41100D+03       0.76052D-04       0.26830D-02       0.18197D+00       0.30281D-01
       0.41200D+03       0.76075D-04       0.24515D-01       0.18180D+00       0.30311D-01
       0.41300D+03       0.76012D-04      -0.46834D-02       0.18165D+00       0.30265D-01
       0.41400D+03       0.76301D-04      -0.12593D+00       0.18168D+00       0.30317D-01
       0.41500D+03       0.76180D-04      -0.15258D+00       0.18193D+00       0.30290D-01
       0.41600D+03       0.76024D-04      -0.20180D-01       0.18201D+00       0.30270D-01
       0.41700D+03       0.76443D-04       0.21728D-01       0.18188D+00       0.30309D-01
       0.41800D+03       0.76267D-04       0.11691D-01       0.18170D+00       0.30297D-01
       0.41900D+03       0.76226D-04      -0.63742D-01       0.18163D+00       0.30310D-01
       0.42000D+03       0.76276D-04      -0.17593D+00       0.18182D+00       0.30328D-01
       0.42100D+03       0.76151D-04      -0.63012D-01       0.18201D+00       0.30287D-01
       0.42200D+03       0.76235D-04       0.89273D-02       0.18195D+00       0.30309D-01
       0.42300D+03       0.76066D-04       0.21153D-01       0.18177D+00       0.30332D-01
       0.42400D+03       0.75989D-04      -0.18352D-01       0.18164D+00       0.30345D-01
       0.42500D+03       0.76259D-04      -0.15069D+00       0.18173D+00       0.30430D-01
       0.42600D+03       0.76156D-04      -0.12490D+00       0.18197D+00       0.30394D-01
       0.42700D+03       0.76051D-04      -0.71528D-02       0.18200D+00       0.30379D-01
       0.42800D+03       0.76370D-04       0.25746D-01       0.18185D+00       0.30431D-01
       0.42900D+03       0.76260D-04       0.68168D-02       0.18168D+00       0.30400D-01
       0.43000D+03       0.76364D-04      -0.90491D-01       0.18166D+00       0.30384D-01
       0.43100D+03       0.76347D-04      -0.17152D+00       0.18187D+00       0.30399D-01
       0.43200D+03       0.76235D-04      -0.40286D-01       0.18201D+00       0.30403D-01
       0.43300D+03       0.76503D-04       0.15506D-01       0.18192D+00       0.30433D-01
       0.43400D+03       0.76280D-04       0.17020D-01       0.18175D+00       0.30441D-01
       0.43500D+03       0.76182D-04      -0.36606D-01       0.18164D+00       0.30418D-01
       0.43600D+03       0.76331D-04      -0.16756D+00       0.18178D+00       0.30426D-01
       0.43700D+03       0.76194D-04      -0.94753D-01       0.18199D+00       0.30398D-01
       0.43800D+03       0.76172D-04       0.15010D-02       0.18198D+00       0.30409D-01
       0.43900D+03       0.76236D-04       0.25080D-01       0.18182D+00       0.30399D-01
       0.44000D+03       0.76180D-04      -0.24921D-02       0.18167D+00       0.30360D-01
       0.44100D+03       0.76460D-04      -0.12054D+00       0.18169D+00       0.30383D-01
       0.44200D+03       0.76362D-04      -0.15666D+00       0.18192D+00       0.30354D-01
       0.44300D+03       0.76220D-04      -0.22940D-01       0.18201D+00       0.30346D-01
       0.44400D+03       0.76590D-04       0.20797D-01       0.18189D+00       0.30392D-01
       0.44500D+03       0.76415D-04       0.12432D-01       0.18172D+00       0.30373D-01
       0.44600D+03       0.76341D-04      -0.59226D-01       0.18165D+00       0.30381D-01
       0.44700D+03       0.76381D-04      -0.17562D+00       0.18182D+00       0.30381D-01
       0.44800D+03       0.76258D-04      -0.67696D-01       0.18201D+00       0.30336D-01
       0.44900D+03       0.76322D-04       0.77004D-02       0.18196D+00       0.30346D-01
       0.45000D+03       0.76183D-04       0.21784D-01       0.18179D+00       0.30379D-01
       0.45100D+03       0.76117D-04      -0.15541D-01       0.18166D+00       0.30387D-01
       0.45200D+03       0.76358D-04      -0.14671D+00       0.18173D+00       0.30394D-01
       0.45300D+03       0.76256D-04      -0.13053D+00       0.18196D+00       0.30358D-01
       0.45400D+03       0.76141D-04      -0.92907D-02       0.18200D+00       0.30411D-01
       0.45500D+03       0.76479D-04       0.25267D-01       0.18187D+00       0.30410D-01
       0.45600D+03       0.76374D-04       0.79826D-02       0.18171D+00       0.30391D-01
       0.45700D+03       0.76436D-04      -0.85174D-01       0.18167D+00       0.30405D-01
       0.45800D+03       0.76408D-04      -0.17308D+00       0.18187D+00       0.30418D-01
       0.45900D+03       0.76310D-04      -0.44104D-01       0.18201D+00       0.30389D-01
       0.46000D+03       0.76534D-04       0.14373D-01       0.18193D+00       0.30406D-01
       0.46100D+03       0.76326D-04       0.17896D-01       0.18177D+00       0.30398D-01
       0.46200D+03       0.76236D-04      -0.32815D-01       0.18166D+00       0.30390D-01
       0.46300D+03       0.76387D-04      -0.16501D+00       0.18178D+00       0.30398D-01
       0.46400D+03       0.76271D-04      -0.10015D+00       0.18199D+00       0.30366D-01
       0.46500D+03       0.76242D-04       0.22781D-03       0.18198D+00       0.30367D-01
       0.46600D+03       0.76344D-04       0.25558D-01       0.18184D+00       0.30387D-01
       0.46700D+03       0.76281D-04      -0.41858D-03       0.18169D+00       0.30348D-01
       0.46800D+03       0.76513D-04      -0.11500D+00       0.18170D+00       0.30353D-01
       0.46900D+03       0.76439D-04      -0.16031D+00       0.18192D+00       0.30327D-01
       0.47000D+03       0.76300D-04      -0.25813D-01       0.18201D+00       0.30297D-01
       0.47100D+03       0.76662D-04       0.19864D-01       0.18191D+00       0.30323D-01
       0.47200D+03       0.76478D-04       0.13203D-01       0.18174D+00       0.30324D-01
       0.47300D+03       0.76406D-04      -0.54808D-01       0.18167D+00       0.30327D-01
       0.47400D+03       0.76437D-04      -0.17492D+00       0.18183D+00       0.30335D-01
       0.47500D+03       0.76296D-04      -0.72484D-01       0.18200D+00       0.30290D-01
       0.47600D+03       0.76341D-04       0.65145D-02       0.18196D+00       0.30307D-01
       0.47700D+03       0.76234D-04       0.22406D-01       0.18181D+00       0.30347D-01
       0.47800D+03       0.76178D-04      -0.12875D-01       0.18168D+00       0.30324D-01
       0.47900D+03       0.76418D-04      -0.14245D+00       0.18174D+00       0.30326D-01
       0.48000D+03       0.76301D-04      -0.13601D+00       0.18196D+00       0.30279D-01
       0.48100D+03       0.76170D-04      -0.11576D-01       0.18200D+00       0.30294D-01
       0.48200D+03       0.76525D-04       0.24623D-01       0.18188D+00       0.30338D-01
       0.48300D+03       0.76413D-04       0.89898D-02       0.18173D+00       0.30309D-01
       0.48400D+03       0.76442D-04      -0.80022D-01       0.18169D+00       0.30316D-01
       0.48500D+03       0.76405D-04      -0.17431D+00       0.18187D+00       0.30329D-01
       0.48600D+03       0.76314D-04      -0.48123D-01       0.18201D+00       0.30286D-01
       0.48700D+03       0.76503D-04       0.13180D-01       0.18194D+00       0.30302D-01
       0.48800D+03       0.76310D-04       0.18730D-01       0.18178D+00       0.30296D-01
       0.48900D+03       0.76227D-04      -0.29200D-01       0.18168D+00       0.30289D-01
       0.49000D+03       0.76384D-04      -0.16219D+00       0.18178D+00       0.30290D-01
       0.49100D+03       0.76283D-04      -0.10567D+00       0.18198D+00       0.30262D-01
       0.49200D+03       0.76226D-04      -0.11727D-02       0.18199D+00       0.30266D-01
       0.49300D+03       0.76364D-04       0.25910D-01       0.18185D+00       0.30276D-01
       0.49400D+03       0.76294D-04       0.15176D-02       0.18171D+00       0.30243D-01
       0.49500D+03       0.76492D-04      -0.10938D+00       0.18171D+00       0.30249D-01
       0.49600D+03       0.76418D-04      -0.16354D+00       0.18191D+00       0.30232D-01
       0.49700D+03       0.76290D-04      -0.28819D-01       0.18201D+00       0.30189D-01
       0.49800D+03       0.76604D-04       0.18925D-01       0.18191D+00       0.30219D-01
       0.49900D+03       0.76429D-04       0.14019D-01       0.18176D+00       0.30231D-01
       0.50000D+03       0.76349D-04      -0.50483D-01       0.18169D+00       0.30253D-01
       0.50100D+03       0.76418D-04      -0.17385D+00       0.18183D+00       0.30248D-01
       0.50200D+03       0.76287D-04      -0.77372D-01       0.18200D+00       0.30213D-01
       0.50300D+03       0.76299D-04       0.53688D-02       0.18197D+00       0.30215D-01
       0.50400D+03       0.76223D-04       0.23031D-01       0.18182D+00       0.30262D-01
       0.50500D+03       0.76175D-04      -0.10334D-01       0.18170D+00       0.30232D-01
       0.50600D+03       0.76423D-04      -0.13790D+00       0.18175D+00       0.30232D-01
       0.50700D+03       0.76331D-04      -0.14127D+00       0.18195D+00       0.30193D-01
       0.50800D+03       0.76206D-04      -0.13988D-01       0.18200D+00       0.30182D-01
       0.50900D+03       0.76535D-04       0.23853D-01       0.18189D+00       0.30205D-01
       0.51000D+03       0.76417D-04       0.98696D-02       0.18174D+00       0.30187D-01
       0.51100D+03       0.76424D-04      -0.75039D-01       0.18170D+00       0.30198D-01
       0.51200D+03       0.76426D-04      -0.17520D+00       0.18187D+00       0.30201D-01
       0.51300D+03       0.76336D-04      -0.52328D-01       0.18201D+00       0.30173D-01
       0.51400D+03       0.76459D-04       0.11941D-01       0.18195D+00       0.30192D-01
       0.51500D+03       0.76289D-04       0.19508D-01       0.18180D+00       0.30187D-01
       0.51600D+03       0.76215D-04      -0.25773D-01       0.18170D+00       0.30175D-01
       0.51700D+03       0.76377D-04      -0.15911D+00       0.18179D+00       0.30188D-01
       0.51800D+03       0.76282D-04      -0.11129D+00       0.18198D+00       0.30165D-01
       0.51900D+03       0.76219D-04      -0.27289D-02       0.18199D+00       0.30161D-01
       0.52000D+03       0.76389D-04       0.26096D-01       0.18186D+00       0.30168D-01
       0.52100D+03       0.76324D-04       0.32955D-02       0.18173D+00       0.30151D-01
       0.52200D+03       0.76477D-04      -0.10373D+00       0.18172D+00       0.30177D-01
       0.52300D+03       0.76415D-04      -0.16635D+00       0.18191D+00       0.30160D-01
       0.52400D+03       0.76297D-04      -0.31980D-01       0.18201D+00       0.30150D-01
       0.52500D+03       0.76566D-04       0.17968D-01       0.18192D+00       0.30163D-01
       0.52600D+03       0.76394D-04       0.14878D-01       0.18178D+00       0.30174D-01
       0.52700D+03       0.76321D-04      -0.46253D-01       0.18170D+00       0.30188D-01
       0.52800D+03       0.76384D-04      -0.17240D+00       0.18183D+00       0.30190D-01
       0.52900D+03       0.76273D-04      -0.82363D-01       0.18200D+00       0.30163D-01
       0.53000D+03       0.76282D-04       0.42487D-02       0.18197D+00       0.30173D-01
       0.53100D+03       0.76237D-04       0.23660D-01       0.18184D+00       0.30215D-01
       0.53200D+03       0.76187D-04      -0.79003D-02       0.18172D+00       0.30181D-01
       0.53300D+03       0.76447D-04      -0.13307D+00       0.18175D+00       0.30180D-01
       0.53400D+03       0.76345D-04      -0.14625D+00       0.18195D+00       0.30150D-01
       0.53500D+03       0.76219D-04      -0.16510D-01       0.18200D+00       0.30131D-01
       0.53600D+03       0.76554D-04       0.22995D-01       0.18190D+00       0.30152D-01
       0.53700D+03       0.76432D-04       0.10661D-01       0.18176D+00       0.30133D-01
       0.53800D+03       0.76417D-04      -0.70215D-01       0.18171D+00       0.30162D-01
       0.53900D+03       0.76426D-04      -0.17576D+00       0.18187D+00       0.30169D-01
       0.54000D+03       0.76320D-04      -0.56700D-01       0.18201D+00       0.30132D-01
       0.54100D+03       0.76421D-04       0.10678D-01       0.18195D+00       0.30140D-01
       0.54200D+03       0.76270D-04       0.20229D-01       0.18181D+00       0.30155D-01
       0.54300D+03       0.76205D-04      -0.22539D-01       0.18171D+00       0.30159D-01
       0.54400D+03       0.76368D-04      -0.15577D+00       0.18179D+00       0.30160D-01
       0.54500D+03       0.76293D-04      -0.11697D+00       0.18198D+00       0.30133D-01
       0.54600D+03       0.76231D-04      -0.44575D-02       0.18199D+00       0.30126D-01
       0.54700D+03       0.76430D-04       0.26091D-01       0.18187D+00       0.30142D-01
       0.54800D+03       0.76358D-04       0.48976D-02       0.18174D+00       0.30121D-01
       0.54900D+03       0.76480D-04      -0.98119D-01       0.18173D+00       0.30124D-01
       0.55000D+03       0.76449D-04      -0.16877D+00       0.18191D+00       0.30119D-01
       0.55100D+03       0.76343D-04      -0.35319D-01       0.18201D+00       0.30094D-01
       0.55200D+03       0.76572D-04       0.16975D-01       0.18193D+00       0.30113D-01
       0.55300D+03       0.76399D-04       0.15769D-01       0.18179D+00       0.30125D-01
       0.55400D+03       0.76328D-04      -0.42128D-01       0.18172D+00       0.30134D-01
       0.55500D+03       0.76392D-04      -0.17060D+00       0.18183D+00       0.30137D-01
       0.55600D+03       0.76298D-04      -0.87463D-01       0.18200D+00       0.30119D-01
       0.55700D+03       0.76299D-04       0.31278D-02       0.18198D+00       0.30126D-01
       0.55800D+03       0.76283D-04       0.24280D-01       0.18185D+00       0.30162D-01
       0.55900D+03       0.76239D-04      -0.55664D-02       0.18173D+00       0.30149D-01
       0.56000D+03       0.76458D-04      -0.12797D+00       0.18176D+00       0.30146D-01
       0.56100D+03       0.76362D-04      -0.15088D+00       0.18194D+00       0.30115D-01
       0.56200D+03       0.76237D-04      -0.19132D-01       0.18200D+00       0.30095D-01
       0.56300D+03       0.76541D-04       0.22088D-01       0.18191D+00       0.30107D-01
       0.56400D+03       0.76415D-04       0.11405D-01       0.18177D+00       0.30098D-01
       0.56500D+03       0.76392D-04      -0.65533D-01       0.18172D+00       0.30134D-01
       0.56600D+03       0.76393D-04      -0.17595D+00       0.18187D+00       0.30151D-01
       0.56700D+03       0.76294D-04      -0.61216D-01       0.18200D+00       0.30118D-01
       0.56800D+03       0.76383D-04       0.94147D-02       0.18196D+00       0.30134D-01
       0.56900D+03       0.76251D-04       0.20901D-01       0.18183D+00       0.30150D-01
       0.57000D+03       0.76193D-04      -0.19492D-01       0.18173D+00       0.30137D-01
       0.57100D+03       0.76365D-04      -0.15216D+00       0.18179D+00       0.30140D-01
       0.57200D+03       0.76284D-04      -0.12268D+00       0.18197D+00       0.30111D-01
       0.57300D+03       0.76199D-04      -0.63631D-02       0.18199D+00       0.30149D-01
       0.57400D+03       0.76423D-04       0.25882D-01       0.18188D+00       0.30231D-01
       0.57500D+03       0.76344D-04       0.63145D-02       0.18176D+00       0.30210D-01
       0.57600D+03       0.76434D-04      -0.92606D-01       0.18174D+00       0.30220D-01
       0.57700D+03       0.76413D-04      -0.17082D+00       0.18190D+00       0.30223D-01
       0.57800D+03       0.76321D-04      -0.38853D-01       0.18201D+00       0.30201D-01
       0.57900D+03       0.76514D-04       0.15930D-01       0.18194D+00       0.30219D-01
       0.58000D+03       0.76347D-04       0.16670D-01       0.18180D+00       0.30224D-01
       0.58100D+03       0.76275D-04      -0.38127D-01       0.18173D+00       0.30220D-01
       0.58200D+03       0.76360D-04      -0.16848D+00       0.18183D+00       0.30219D-01
       0.58300D+03       0.76269D-04      -0.92684D-01       0.18199D+00       0.30202D-01
       0.58400D+03       0.76242D-04       0.19705D-02       0.18198D+00       0.30206D-01
       0.58500D+03       0.76277D-04       0.24867D-01       0.18186D+00       0.30219D-01
       0.58600D+03       0.76228D-04      -0.33334D-02       0.18175D+00       0.30191D-01
       0.58700D+03       0.76415D-04      -0.12266D+00       0.18177D+00       0.30204D-01
       0.58800D+03       0.76335D-04      -0.15512D+00       0.18194D+00       0.30178D-01
       0.58900D+03       0.76222D-04      -0.21852D-01       0.18200D+00       0.30149D-01
       0.59000D+03       0.76527D-04       0.21161D-01       0.18192D+00       0.30180D-01
       0.59100D+03       0.76399D-04       0.12141D-01       0.18179D+00       0.30166D-01
       0.59200D+03       0.76351D-04      -0.60974D-01       0.18174D+00       0.30156D-01
       0.59300D+03       0.76380D-04      -0.17579D+00       0.18187D+00       0.30162D-01
       0.59400D+03       0.76279D-04      -0.65856D-01       0.18200D+00       0.30135D-01
       0.59500D+03       0.76353D-04       0.81742D-02       0.18196D+00       0.30148D-01
       0.59600D+03       0.76242D-04       0.21540D-01       0.18184D+00       0.30173D-01
       0.59700D+03       0.76193D-04      -0.16619D-01       0.18174D+00       0.30179D-01
       0.59800D+03       0.76374D-04      -0.14829D+00       0.18180D+00       0.30179D-01
       0.59900D+03       0.76297D-04      -0.12834D+00       0.18197D+00       0.30164D-01
       0.60000D+03       0.76209D-04      -0.84385D-02       0.18200D+00       0.30166D-01
       0.60100D+03       0.76455D-04       0.25475D-01       0.18189D+00       0.30209D-01
       0.60200D+03       0.76370D-04       0.75483D-02       0.18177D+00       0.30186D-01
       0.60300D+03       0.76435D-04      -0.87228D-01       0.18175D+00       0.30205D-01
       0.60400D+03       0.76399D-04      -0.17251D+00       0.18190D+00       0.30211D-01
       0.60500D+03       0.76310D-04      -0.42591D-01       0.18201D+00       0.30185D-01
       0.60600D+03       0.76475D-04       0.14822D-01       0.18194D+00       0.30203D-01
       0.60700D+03       0.76316D-04       0.17559D-01       0.18182D+00       0.30196D-01
       0.60800D+03       0.76248D-04      -0.34273D-01       0.18174D+00       0.30191D-01
       0.60900D+03       0.76367D-04      -0.16604D+00       0.18183D+00       0.30195D-01
       0.61000D+03       0.76280D-04      -0.98030D-01       0.18199D+00       0.30173D-01
       0.61100D+03       0.76251D-04       0.73751D-03       0.18198D+00       0.30173D-01
       0.61200D+03       0.76316D-04       0.25385D-01       0.18187D+00       0.30187D-01
       0.61300D+03       0.76271D-04      -0.12119D-02       0.18176D+00       0.30158D-01
       0.61400D+03       0.76458D-04      -0.11717D+00       0.18177D+00       0.30191D-01
       0.61500D+03       0.76377D-04      -0.15894D+00       0.18193D+00       0.30168D-01
       0.61600D+03       0.76261D-04      -0.24679D-01       0.18200D+00       0.30143D-01
       0.61700D+03       0.76533D-04       0.20228D-01       0.18192D+00       0.30171D-01
       0.61800D+03       0.76402D-04       0.12898D-01       0.18180D+00       0.30170D-01
       0.61900D+03       0.76346D-04      -0.56520D-01       0.18175D+00       0.30186D-01
       0.62000D+03       0.76392D-04      -0.17524D+00       0.18187D+00       0.30191D-01
       0.62100D+03       0.76291D-04      -0.70605D-01       0.18200D+00       0.30157D-01
       0.62200D+03       0.76317D-04       0.69718D-02       0.18197D+00       0.30167D-01
       0.62300D+03       0.76228D-04       0.22164D-01       0.18185D+00       0.30191D-01
       0.62400D+03       0.76179D-04      -0.13899D-01       0.18175D+00       0.30168D-01
       0.62500D+03       0.76375D-04      -0.14414D+00       0.18180D+00       0.30165D-01
       0.62600D+03       0.76286D-04      -0.13389D+00       0.18196D+00       0.30133D-01
       0.62700D+03       0.76198D-04      -0.10668D-01       0.18200D+00       0.30132D-01
       0.62800D+03       0.76459D-04       0.24892D-01       0.18190D+00       0.30164D-01
       0.62900D+03       0.76377D-04       0.86142D-02       0.18178D+00       0.30150D-01
       0.63000D+03       0.76409D-04      -0.82011D-01       0.18176D+00       0.30159D-01
       0.63100D+03       0.76383D-04      -0.17387D+00       0.18190D+00       0.30161D-01
       0.63200D+03       0.76316D-04      -0.46533D-01       0.18200D+00       0.30127D-01
       0.63300D+03       0.76456D-04       0.13652D-01       0.18195D+00       0.30135D-01
       0.63400D+03       0.76306D-04       0.18411D-01       0.18183D+00       0.30130D-01
       0.63500D+03       0.76244D-04      -0.30588D-01       0.18175D+00       0.30122D-01
       0.63600D+03       0.76365D-04      -0.16332D+00       0.18183D+00       0.30127D-01
       0.63700D+03       0.76285D-04      -0.10350D+00       0.18199D+00       0.30103D-01
       0.63800D+03       0.76256D-04      -0.60949D-03       0.18198D+00       0.30103D-01
       0.63900D+03       0.76349D-04       0.25790D-01       0.18188D+00       0.30132D-01
       0.64000D+03       0.76299D-04       0.78040D-03       0.18177D+00       0.30102D-01
       0.64100D+03       0.76458D-04      -0.11158D+00       0.18178D+00       0.30123D-01
       0.64200D+03       0.76408D-04      -0.16233D+00       0.18193D+00       0.30116D-01
       0.64300D+03       0.76299D-04      -0.27630D-01       0.18200D+00       0.30106D-01
       0.64400D+03       0.76537D-04       0.19293D-01       0.18193D+00       0.30126D-01
       0.64500D+03       0.76405D-04       0.13695D-01       0.18181D+00       0.30140D-01
       0.64600D+03       0.76345D-04      -0.52159D-01       0.18175D+00       0.30145D-01
       0.64700D+03       0.76393D-04      -0.17431D+00       0.18186D+00       0.30146D-01
       0.64800D+03       0.76312D-04      -0.75455D-01       0.18200D+00       0.30119D-01
       0.64900D+03       0.76336D-04       0.58114D-02       0.18197D+00       0.30127D-01
       0.65000D+03       0.76268D-04       0.22787D-01       0.18186D+00       0.30163D-01
       0.65100D+03       0.76225D-04      -0.11311D-01       0.18176D+00       0.30143D-01
       0.65200D+03       0.76430D-04      -0.13970D+00       0.18180D+00       0.30178D-01
       0.65300D+03       0.76359D-04      -0.13925D+00       0.18196D+00       0.30149D-01
       0.65400D+03       0.76264D-04      -0.13033D-01       0.18200D+00       0.30144D-01
       0.65500D+03       0.76511D-04       0.24166D-01       0.18191D+00       0.30179D-01
       0.65600D+03       0.76423D-04       0.95394D-02       0.18180D+00       0.30157D-01
       0.65700D+03       0.76438D-04      -0.76962D-01       0.18176D+00       0.30169D-01
       0.65800D+03       0.76432D-04      -0.17490D+00       0.18190D+00       0.30185D-01
       0.65900D+03       0.76365D-04      -0.50667D-01       0.18200D+00       0.30160D-01
       0.66000D+03       0.76484D-04       0.12429D-01       0.18195D+00       0.30173D-01
       0.66100D+03       0.76344D-04       0.19211D-01       0.18184D+00       0.30169D-01
       0.66200D+03       0.76287D-04      -0.27086D-01       0.18176D+00       0.30162D-01
       0.66300D+03       0.76415D-04      -0.16034D+00       0.18183D+00       0.30165D-01
       0.66400D+03       0.76343D-04      -0.10909D+00       0.18198D+00       0.30142D-01
       0.66500D+03       0.76289D-04      -0.21023D-02       0.18199D+00       0.30137D-01
       0.66600D+03       0.76410D-04       0.26045D-01       0.18189D+00       0.30148D-01
       0.66700D+03       0.76363D-04       0.26224D-02       0.18178D+00       0.30126D-01
       0.66800D+03       0.76493D-04      -0.10593D+00       0.18178D+00       0.30132D-01
       0.66900D+03       0.76453D-04      -0.16531D+00       0.18193D+00       0.30128D-01
       0.67000D+03       0.76360D-04      -0.30727D-01       0.18200D+00       0.30110D-01
       0.67100D+03       0.76567D-04       0.18345D-01       0.18193D+00       0.30122D-01
       0.67200D+03       0.76434D-04       0.14538D-01       0.18182D+00       0.30131D-01
       0.67300D+03       0.76375D-04      -0.47890D-01       0.18176D+00       0.30145D-01
       0.67400D+03       0.76424D-04      -0.17301D+00       0.18186D+00       0.30148D-01
       0.67500D+03       0.76334D-04      -0.80404D-01       0.18200D+00       0.30124D-01
       0.67600D+03       0.76332D-04       0.46839D-02       0.18197D+00       0.30132D-01
       0.67700D+03       0.76288D-04       0.23415D-01       0.18187D+00       0.30169D-01
       0.67800D+03       0.76251D-04      -0.88370D-02       0.18177D+00       0.30183D-01
       0.67900D+03       0.76426D-04      -0.13498D+00       0.18181D+00       0.30218D-01
       0.68000D+03       0.76346D-04      -0.14435D+00       0.18196D+00       0.30192D-01
       0.68100D+03       0.76244D-04      -0.15514D-01       0.18200D+00       0.30169D-01
       0.68200D+03       0.76499D-04       0.23337D-01       0.18192D+00       0.30188D-01
       0.68300D+03       0.76407D-04       0.10360D-01       0.18181D+00       0.30174D-01
       0.68400D+03       0.76403D-04      -0.72078D-01       0.18177D+00       0.30180D-01
       0.68500D+03       0.76394D-04      -0.17558D+00       0.18189D+00       0.30188D-01
       0.68600D+03       0.76330D-04      -0.54977D-01       0.18200D+00       0.30164D-01
       0.68700D+03       0.76434D-04       0.11172D-01       0.18196D+00       0.30177D-01
       0.68800D+03       0.76311D-04       0.19954D-01       0.18185D+00       0.30184D-01
       0.68900D+03       0.76260D-04      -0.23777D-01       0.18177D+00       0.30183D-01
       0.69000D+03       0.76400D-04      -0.15710D+00       0.18183D+00       0.30196D-01
       0.69100D+03       0.76336D-04      -0.11475D+00       0.18198D+00       0.30172D-01
       0.69200D+03       0.76283D-04      -0.37624D-02       0.18199D+00       0.30234D-01
       0.69300D+03       0.76428D-04       0.26117D-01       0.18189D+00       0.30244D-01
       0.69400D+03       0.76375D-04       0.42947D-02       0.18179D+00       0.30228D-01
       0.69500D+03       0.76475D-04      -0.10030D+00       0.18179D+00       0.30230D-01
       0.69600D+03       0.76429D-04      -0.16788D+00       0.18192D+00       0.30230D-01
       0.69700D+03       0.76348D-04      -0.33994D-01       0.18200D+00       0.30233D-01
       0.69800D+03       0.76556D-04       0.17368D-01       0.18194D+00       0.30249D-01
       0.69900D+03       0.76425D-04       0.15419D-01       0.18183D+00       0.30258D-01
       0.70000D+03       0.76365D-04      -0.43722D-01       0.18177D+00       0.30261D-01
       0.70100D+03       0.76413D-04      -0.17135D+00       0.18186D+00       0.30280D-01
       0.70200D+03       0.76327D-04      -0.85461D-01       0.18199D+00       0.30252D-01
       0.70300D+03       0.76319D-04       0.35671D-02       0.18198D+00       0.30263D-01
       0.70400D+03       0.76299D-04       0.24041D-01       0.18187D+00       0.30296D-01
       0.70500D+03       0.76266D-04      -0.64647D-02       0.18178D+00       0.30292D-01
       0.70600D+03       0.76441D-04      -0.12999D+00       0.18181D+00       0.30319D-01
       0.70700D+03       0.76366D-04      -0.14912D+00       0.18195D+00       0.30297D-01
       0.70800D+03       0.76270D-04      -0.18098D-01       0.18200D+00       0.30290D-01
       0.70900D+03       0.76508D-04       0.22446D-01       0.18192D+00       0.30308D-01
       0.71000D+03       0.76410D-04       0.11118D-01       0.18182D+00       0.30300D-01
       0.71100D+03       0.76392D-04      -0.67343D-01       0.18178D+00       0.30316D-01
       0.71200D+03       0.76408D-04      -0.17592D+00       0.18189D+00       0.30323D-01
       0.71300D+03       0.76336D-04      -0.59439D-01       0.18200D+00       0.30292D-01
       0.71400D+03       0.76398D-04       0.99057D-02       0.18196D+00       0.30306D-01
       0.71500D+03       0.76289D-04       0.20644D-01       0.18186D+00       0.30318D-01
       0.71600D+03       0.76244D-04      -0.20658D-01       0.18178D+00       0.30311D-01
       0.71700D+03       0.76392D-04      -0.15360D+00       0.18183D+00       0.30320D-01
       0.71800D+03       0.76324D-04      -0.12046D+00       0.18198D+00       0.30304D-01
       0.71900D+03       0.76265D-04      -0.55992D-02       0.18199D+00       0.30312D-01
       0.72000D+03       0.76434D-04       0.25988D-01       0.18190D+00       0.30340D-01
       0.72100D+03       0.76374D-04       0.57842D-02       0.18180D+00       0.30326D-01
       0.72200D+03       0.76454D-04      -0.94741D-01       0.18179D+00       0.30338D-01
       0.72300D+03       0.76418D-04      -0.17006D+00       0.18192D+00       0.30335D-01
       0.72400D+03       0.76351D-04      -0.37451D-01       0.18200D+00       0.30310D-01
       0.72500D+03       0.76531D-04       0.16345D-01       0.18194D+00       0.30330D-01
       0.72600D+03       0.76399D-04       0.16319D-01       0.18184D+00       0.30334D-01
       0.72700D+03       0.76340D-04      -0.39671D-01       0.18178D+00       0.30339D-01
       0.72800D+03       0.76414D-04      -0.16934D+00       0.18186D+00       0.30344D-01
       0.72900D+03       0.76333D-04      -0.90633D-01       0.18199D+00       0.30327D-01
       0.73000D+03       0.76323D-04       0.24286D-02       0.18198D+00       0.30331D-01
       0.73100D+03       0.76341D-04       0.24645D-01       0.18188D+00       0.30339D-01
       0.73200D+03       0.76305D-04      -0.41916D-02       0.18179D+00       0.30316D-01
       0.73300D+03       0.76463D-04      -0.12476D+00       0.18181D+00       0.30321D-01
       0.73400D+03       0.76387D-04      -0.15351D+00       0.18195D+00       0.30303D-01
       0.73500D+03       0.76290D-04      -0.20779D-01       0.18200D+00       0.30281D-01
       0.73600D+03       0.76531D-04       0.21524D-01       0.18193D+00       0.30303D-01
       0.73700D+03       0.76430D-04       0.11853D-01       0.18182D+00       0.30296D-01
       0.73800D+03       0.76392D-04      -0.62739D-01       0.18178D+00       0.30296D-01
       0.73900D+03       0.76410D-04      -0.17590D+00       0.18189D+00       0.30298D-01
       0.74000D+03       0.76321D-04      -0.64034D-01       0.18200D+00       0.30274D-01
       0.74100D+03       0.76374D-04       0.86540D-02       0.18196D+00       0.30288D-01
       0.74200D+03       0.76280D-04       0.21294D-01       0.18186D+00       0.30301D-01
       0.74300D+03       0.76235D-04      -0.17720D-01       0.18179D+00       0.30307D-01
       0.74400D+03       0.76395D-04      -0.14984D+00       0.18184D+00       0.30314D-01
       0.74500D+03       0.76329D-04      -0.12615D+00       0.18197D+00       0.30293D-01
       0.74600D+03       0.76271D-04      -0.76099D-02       0.18199D+00       0.30302D-01
       0.74700D+03       0.76459D-04       0.25656D-01       0.18191D+00       0.30334D-01
       0.74800D+03       0.76394D-04       0.70883D-02       0.18181D+00       0.30316D-01
       0.74900D+03       0.76449D-04      -0.89307D-01       0.18180D+00       0.30312D-01
       0.75000D+03       0.76432D-04      -0.17189D+00       0.18192D+00       0.30311D-01
       0.75100D+03       0.76371D-04      -0.41109D-01       0.18200D+00       0.30284D-01
       0.75200D+03       0.76529D-04       0.15262D-01       0.18195D+00       0.30304D-01
       0.75300D+03       0.76400D-04       0.17215D-01       0.18185D+00       0.30309D-01
       0.75400D+03       0.76342D-04      -0.35757D-01       0.18179D+00       0.30303D-01
       0.75500D+03       0.76418D-04      -0.16702D+00       0.18186D+00       0.30317D-01
       0.75600D+03       0.76343D-04      -0.95931D-01       0.18199D+00       0.30303D-01
       0.75700D+03       0.76334D-04       0.12298D-02       0.18198D+00       0.30308D-01
       0.75800D+03       0.76376D-04       0.25194D-01       0.18189D+00       0.30303D-01
       0.75900D+03       0.76343D-04      -0.20248D-02       0.18180D+00       0.30280D-01
       0.76000D+03       0.76504D-04      -0.11933D+00       0.18181D+00       0.30287D-01
       0.76100D+03       0.76446D-04      -0.15750D+00       0.18195D+00       0.30274D-01
       0.76200D+03       0.76368D-04      -0.23563D-01       0.18200D+00       0.30269D-01
       0.76300D+03       0.76583D-04       0.20592D-01       0.18193D+00       0.30290D-01
       0.76400D+03       0.76479D-04       0.12599D-01       0.18183D+00       0.30279D-01
       0.76500D+03       0.76433D-04      -0.58245D-01       0.18179D+00       0.30282D-01
       0.76600D+03       0.76454D-04      -0.17550D+00       0.18189D+00       0.30284D-01
       0.76700D+03       0.76373D-04      -0.68741D-01       0.18200D+00       0.30256D-01
       0.76800D+03       0.76414D-04       0.74356D-02       0.18197D+00       0.30261D-01
       0.76900D+03       0.76336D-04       0.21921D-01       0.18187D+00       0.30280D-01
       0.77000D+03       0.76297D-04      -0.14942D-01       0.18180D+00       0.30264D-01
       0.77100D+03       0.76458D-04      -0.14579D+00       0.18184D+00       0.30265D-01
       0.77200D+03       0.76400D-04      -0.13175D+00       0.18197D+00       0.30242D-01
       0.77300D+03       0.76325D-04      -0.97819D-02       0.18199D+00       0.30229D-01
       0.77400D+03       0.76529D-04       0.25138D-01       0.18191D+00       0.30253D-01
       0.77500D+03       0.76465D-04       0.82171D-02       0.18182D+00       0.30241D-01
       0.77600D+03       0.76497D-04      -0.84025D-01       0.18180D+00       0.30248D-01
       0.77700D+03       0.76473D-04      -0.17338D+00       0.18192D+00       0.30257D-01
       0.77800D+03       0.76422D-04      -0.44972D-01       0.18200D+00       0.30240D-01
       0.77900D+03       0.76557D-04       0.14115D-01       0.18195D+00       0.30252D-01
       0.78000D+03       0.76434D-04       0.18084D-01       0.18186D+00       0.30247D-01
       0.78100D+03       0.76380D-04      -0.32004D-01       0.18179D+00       0.30242D-01
       0.78200D+03       0.76461D-04      -0.16442D+00       0.18186D+00       0.30242D-01
       0.78300D+03       0.76389D-04      -0.10135D+00       0.18199D+00       0.30225D-01
       0.78400D+03       0.76358D-04      -0.68519D-04       0.18198D+00       0.30221D-01
       0.78500D+03       0.76424D-04       0.25648D-01       0.18190D+00       0.30243D-01
       0.78600D+03       0.76385D-04       0.20304D-04       0.18181D+00       0.30220D-01
       0.78700D+03       0.76525D-04      -0.11377D+00       0.18182D+00       0.30217D-01
       0.78800D+03       0.76478D-04      -0.16106D+00       0.18194D+00       0.30201D-01
       0.78900D+03       0.76400D-04      -0.26463D-01       0.18200D+00       0.30186D-01
       0.79000D+03       0.76592D-04       0.19658D-01       0.18194D+00       0.30203D-01
       0.79100D+03       0.76486D-04       0.13379D-01       0.18184D+00       0.30204D-01
       0.79200D+03       0.76441D-04      -0.53848D-01       0.18180D+00       0.30209D-01
       0.79300D+03       0.76475D-04      -0.17472D+00       0.18189D+00       0.30213D-01
       0.79400D+03       0.76396D-04      -0.73552D-01       0.18200D+00       0.30182D-01
       0.79500D+03       0.76408D-04       0.62591D-02       0.18197D+00       0.30196D-01
       0.79600D+03       0.76347D-04       0.22543D-01       0.18188D+00       0.30229D-01
       0.79700D+03       0.76313D-04      -0.12306D-01       0.18180D+00       0.30215D-01
       0.79800D+03       0.76457D-04      -0.14147D+00       0.18184D+00       0.30215D-01
       0.79900D+03       0.76391D-04      -0.13719D+00       0.18197D+00       0.30197D-01
       0.80000D+03       0.76314D-04      -0.12096D-01       0.18199D+00       0.30201D-01
       0.80100D+03       0.76532D-04       0.24463D-01       0.18192D+00       0.30229D-01
       0.80200D+03       0.76463D-04       0.91932D-02       0.18183D+00       0.30211D-01
       0.80300D+03       0.76477D-04      -0.78910D-01       0.18180D+00       0.30214D-01
       0.80400D+03       0.76467D-04      -0.17454D+00       0.18191D+00       0.30218D-01
       0.80500D+03       0.76401D-04      -0.49033D-01       0.18200D+00       0.30194D-01
       0.80600D+03       0.76493D-04       0.12911D-01       0.18196D+00       0.30203D-01
       0.80700D+03       0.76377D-04       0.18906D-01       0.18186D+00       0.30199D-01
       0.80800D+03       0.76326D-04      -0.28429D-01       0.18180D+00       0.30196D-01
       0.80900D+03       0.76413D-04      -0.16153D+00       0.18186D+00       0.30197D-01
       0.81000D+03       0.76355D-04      -0.10690D+00       0.18198D+00       0.30177D-01
       0.81100D+03       0.76323D-04      -0.15013D-02       0.18199D+00       0.30185D-01
       0.81200D+03       0.76412D-04       0.25966D-01       0.18190D+00       0.30192D-01
       0.81300D+03       0.76376D-04       0.19234D-02       0.18182D+00       0.30175D-01
       0.81400D+03       0.76486D-04      -0.10813D+00       0.18182D+00       0.30179D-01
       0.81500D+03       0.76439D-04      -0.16419D+00       0.18194D+00       0.30168D-01
       0.81600D+03       0.76366D-04      -0.29501D-01       0.18200D+00       0.30150D-01
       0.81700D+03       0.76559D-04       0.18717D-01       0.18194D+00       0.30169D-01
       0.81800D+03       0.76451D-04       0.14205D-01       0.18185D+00       0.30176D-01
       0.81900D+03       0.76405D-04      -0.49543D-01       0.18180D+00       0.30189D-01
       0.82000D+03       0.76439D-04      -0.17356D+00       0.18189D+00       0.30199D-01
       0.82100D+03       0.76364D-04      -0.78462D-01       0.18199D+00       0.30175D-01
       0.82200D+03       0.76376D-04       0.51207D-02       0.18197D+00       0.30179D-01
       0.82300D+03       0.76333D-04       0.23169D-01       0.18189D+00       0.30208D-01
       0.82400D+03       0.76303D-04      -0.97891D-02       0.18181D+00       0.30192D-01
       0.82500D+03       0.76450D-04      -0.13686D+00       0.18184D+00       0.30216D-01
       0.82600D+03       0.76381D-04      -0.14240D+00       0.18196D+00       0.30191D-01
       0.82700D+03       0.76298D-04      -0.14534D-01       0.18200D+00       0.30190D-01
       0.82800D+03       0.76502D-04       0.23670D-01       0.18193D+00       0.30204D-01
       0.82900D+03       0.76428D-04       0.10050D-01       0.18184D+00       0.30192D-01
       0.83000D+03       0.76429D-04      -0.73963D-01       0.18181D+00       0.30197D-01
       0.83100D+03       0.76423D-04      -0.17536D+00       0.18191D+00       0.30200D-01
       0.83200D+03       0.76359D-04      -0.53277D-01       0.18200D+00       0.30177D-01
       0.83300D+03       0.76437D-04       0.11664D-01       0.18196D+00       0.30187D-01
       0.83400D+03       0.76334D-04       0.19671D-01       0.18187D+00       0.30184D-01
       0.83500D+03       0.76288D-04      -0.25044D-01       0.18181D+00       0.30185D-01
       0.83600D+03       0.76382D-04      -0.15839D+00       0.18186D+00       0.30183D-01
       0.83700D+03       0.76324D-04      -0.11253D+00       0.18198D+00       0.30169D-01
       0.83800D+03       0.76289D-04      -0.30944D-02       0.18199D+00       0.30178D-01
       0.83900D+03       0.76400D-04       0.26112D-01       0.18191D+00       0.30184D-01
       0.84000D+03       0.76358D-04       0.36639D-02       0.18183D+00       0.30173D-01
       0.84100D+03       0.76448D-04      -0.10249D+00       0.18182D+00       0.30176D-01
       0.84200D+03       0.76417D-04      -0.16692D+00       0.18194D+00       0.30170D-01
       0.84300D+03       0.76349D-04      -0.32699D-01       0.18200D+00       0.30167D-01
       0.84400D+03       0.76517D-04       0.17753D-01       0.18195D+00       0.30176D-01
       0.84500D+03       0.76409D-04       0.15072D-01       0.18186D+00       0.30183D-01
       0.84600D+03       0.76362D-04      -0.45335D-01       0.18181D+00       0.30188D-01
       0.84700D+03       0.76410D-04      -0.17204D+00       0.18189D+00       0.30190D-01
       0.84800D+03       0.76342D-04      -0.83476D-01       0.18199D+00       0.30169D-01
       0.84900D+03       0.76348D-04       0.40031D-02       0.18198D+00       0.30175D-01
       0.85000D+03       0.76324D-04       0.23798D-01       0.18189D+00       0.30202D-01
       0.85100D+03       0.76292D-04      -0.73780D-02       0.18182D+00       0.30180D-01
       0.85200D+03       0.76449D-04      -0.13197D+00       0.18184D+00       0.30205D-01
       0.85300D+03       0.76392D-04      -0.14730D+00       0.18196D+00       0.30187D-01
       0.85400D+03       0.76310D-04      -0.17079D-01       0.18200D+00       0.30195D-01
       0.85500D+03       0.76501D-04       0.22798D-01       0.18193D+00       0.30208D-01
       0.85600D+03       0.76423D-04       0.10827D-01       0.18184D+00       0.30195D-01
       0.85700D+03       0.76414D-04      -0.69173D-01       0.18181D+00       0.30206D-01
       0.85800D+03       0.76410D-04      -0.17583D+00       0.18191D+00       0.30213D-01
       0.85900D+03       0.76348D-04      -0.57683D-01       0.18200D+00       0.30187D-01
       0.86000D+03       0.76415D-04       0.10399D-01       0.18196D+00       0.30194D-01
       0.86100D+03       0.76322D-04       0.20381D-01       0.18188D+00       0.30203D-01
       0.86200D+03       0.76280D-04      -0.21852D-01       0.18181D+00       0.30205D-01
       0.86300D+03       0.76405D-04      -0.15500D+00       0.18186D+00       0.30206D-01
       0.86400D+03       0.76344D-04      -0.11823D+00       0.18198D+00       0.30189D-01
       0.86500D+03       0.76297D-04      -0.48620D-02       0.18199D+00       0.30183D-01
       0.86600D+03       0.76427D-04       0.26063D-01       0.18191D+00       0.30204D-01
       0.86700D+03       0.76381D-04       0.52256D-02       0.18183D+00       0.30191D-01
       0.86800D+03       0.76454D-04      -0.96895D-01       0.18182D+00       0.30193D-01
       0.86900D+03       0.76430D-04      -0.16925D+00       0.18193D+00       0.30188D-01
       0.87000D+03       0.76369D-04      -0.36080D-01       0.18200D+00       0.30174D-01
       0.87100D+03       0.76515D-04       0.16750D-01       0.18195D+00       0.30188D-01
       0.87200D+03       0.76406D-04       0.15967D-01       0.18186D+00       0.30196D-01
       0.87300D+03       0.76359D-04      -0.41235D-01       0.18181D+00       0.30201D-01
       0.87400D+03       0.76409D-04      -0.17016D+00       0.18188D+00       0.30203D-01
       0.87500D+03       0.76349D-04      -0.88602D-01       0.18199D+00       0.30190D-01
       0.87600D+03       0.76334D-04       0.28774D-02       0.18198D+00       0.30191D-01
       0.87700D+03       0.76341D-04       0.24414D-01       0.18190D+00       0.30209D-01
       0.87800D+03       0.76311D-04      -0.50658D-02       0.18182D+00       0.30200D-01
       0.87900D+03       0.76451D-04      -0.12682D+00       0.18184D+00       0.30213D-01
       0.88000D+03       0.76389D-04      -0.15185D+00       0.18196D+00       0.30190D-01
       0.88100D+03       0.76312D-04      -0.19722D-01       0.18200D+00       0.30189D-01
       0.88200D+03       0.76508D-04       0.21885D-01       0.18194D+00       0.30199D-01
       0.88300D+03       0.76426D-04       0.11567D-01       0.18185D+00       0.30194D-01
       0.88400D+03       0.76409D-04      -0.64520D-01       0.18182D+00       0.30201D-01
       0.88500D+03       0.76432D-04      -0.17595D+00       0.18191D+00       0.30213D-01
       0.88600D+03       0.76370D-04      -0.62228D-01       0.18200D+00       0.30190D-01
       0.88700D+03       0.76429D-04       0.91389D-02       0.18197D+00       0.30199D-01
       0.88800D+03       0.76347D-04       0.21044D-01       0.18188D+00       0.30210D-01
       0.88900D+03       0.76309D-04      -0.18845D-01       0.18182D+00       0.30217D-01
       0.89000D+03       0.76420D-04      -0.15134D+00       0.18186D+00       0.30218D-01
       0.89100D+03       0.76369D-04      -0.12393D+00       0.18198D+00       0.30202D-01
       0.89200D+03       0.76316D-04      -0.68059D-02       0.18199D+00       0.30193D-01
       0.89300D+03       0.76465D-04       0.25809D-01       0.18192D+00       0.30247D-01
       0.89400D+03       0.76413D-04       0.66015D-02       0.18184D+00       0.30233D-01
       0.89500D+03       0.76466D-04      -0.91409D-01       0.18183D+00       0.30238D-01
       0.89600D+03       0.76448D-04      -0.17122D+00       0.18193D+00       0.30239D-01
       0.89700D+03       0.76394D-04      -0.39658D-01       0.18200D+00       0.30239D-01
       0.89800D+03       0.76522D-04       0.15692D-01       0.18195D+00       0.30252D-01
       0.89900D+03       0.76414D-04       0.16868D-01       0.18187D+00       0.30256D-01
       0.90000D+03       0.76367D-04      -0.37265D-01       0.18182D+00       0.30246D-01
       0.90100D+03       0.76440D-04      -0.16796D+00       0.18188D+00       0.30249D-01
       0.90200D+03       0.76385D-04      -0.93850D-01       0.18199D+00       0.30240D-01
       0.90300D+03       0.76373D-04       0.17069D-02       0.18198D+00       0.30245D-01
       0.90400D+03       0.76400D-04       0.24989D-01       0.18190D+00       0.30254D-01
       0.90500D+03       0.76373D-04      -0.28562D-02       0.18183D+00       0.30235D-01
       0.90600D+03       0.76513D-04      -0.12147D+00       0.18184D+00       0.30248D-01
       0.90700D+03       0.76466D-04      -0.15599D+00       0.18195D+00       0.30235D-01
       0.90800D+03       0.76395D-04      -0.22464D-01       0.18200D+00       0.30219D-01
       0.90900D+03       0.76574D-04       0.20956D-01       0.18194D+00       0.30240D-01
       0.91000D+03       0.76489D-04       0.12305D-01       0.18186D+00       0.30231D-01
       0.91100D+03       0.76455D-04      -0.59985D-01       0.18182D+00       0.30232D-01
       0.91200D+03       0.76477D-04      -0.17570D+00       0.18191D+00       0.30233D-01
       0.91300D+03       0.76412D-04      -0.66893D-01       0.18200D+00       0.30210D-01
       0.91400D+03       0.76442D-04       0.79059D-02       0.18197D+00       0.30219D-01
       0.91500D+03       0.76372D-04       0.21678D-01       0.18189D+00       0.30235D-01
       0.91600D+03       0.76339D-04      -0.16007D-01       0.18183D+00       0.30240D-01
       0.91700D+03       0.76453D-04      -0.14740D+00       0.18186D+00       0.30249D-01
       0.91800D+03       0.76402D-04      -0.12958D+00       0.18197D+00       0.30236D-01
       0.91900D+03       0.76344D-04      -0.89170D-02       0.18199D+00       0.30259D-01
       0.92000D+03       0.76507D-04       0.25361D-01       0.18192D+00       0.30258D-01
       0.92100D+03       0.76456D-04       0.77966D-02       0.18185D+00       0.30243D-01
       0.92200D+03       0.76490D-04      -0.86065D-01       0.18183D+00       0.30251D-01
       0.92300D+03       0.76475D-04      -0.17284D+00       0.18193D+00       0.30254D-01
       0.92400D+03       0.76426D-04      -0.43442D-01       0.18200D+00       0.30240D-01
       0.92500D+03       0.76536D-04       0.14570D-01       0.18196D+00       0.30247D-01
       0.92600D+03       0.76432D-04       0.17750D-01       0.18187D+00       0.30243D-01
       0.92700D+03       0.76386D-04      -0.33447D-01       0.18182D+00       0.30239D-01
       0.92800D+03       0.76467D-04      -0.16547D+00       0.18188D+00       0.30250D-01
       0.92900D+03       0.76407D-04      -0.99225D-01       0.18199D+00       0.30238D-01
       0.93000D+03       0.76390D-04       0.45192D-03       0.18198D+00       0.30237D-01
