       0.10000D+01       0.13504D-03      -0.10445D+00       0.45260D+00       0.88530D-02
       0.20000D+01       0.15445D-03      -0.60444D-01       0.39427D+00       0.41796D-01
       0.30000D+01       0.21187D-02      -0.42889D-01       0.43000D+00       0.39152D-01
       0.40000D+01       0.15158D-02      -0.15028D+00       0.41679D+00       0.34907D-01
       0.50000D+01       0.11934D-02      -0.39569D-01       0.40942D+00       0.21225D+00
       0.60000D+01       0.17577D-02      -0.60214D-01       0.42438D+00       0.17696D+00
       0.70000D+01       0.18173D-02      -0.98449D-01       0.41140D+00       0.16221D+00
       0.80000D+01       0.20910D-02      -0.15663D-02       0.41764D+00       0.14723D+00
       0.90000D+01       0.18048D-02      -0.11268D+00       0.42122D+00       0.13111D+00
       0.10000D+02       0.24789D-02      -0.62914D-01       0.41275D+00       0.12758D+00
       0.11000D+02       0.28403D-02      -0.48271D-01       0.42081D+00       0.11771D+00
       0.12000D+02       0.26599D-02      -0.15225D+00       0.41678D+00       0.11173D+00
       0.13000D+02       0.24146D-02      -0.38319D-01       0.41432D+00       0.17245D+00
       0.14000D+02       0.26115D-02      -0.62245D-01       0.42028D+00       0.16093D+00
       0.15000D+02       0.26313D-02      -0.94703D-01       0.41441D+00       0.15527D+00
       0.16000D+02       0.26296D-02      -0.59425D-02       0.41763D+00       0.14777D+00
       0.17000D+02       0.23630D-02      -0.12254D+00       0.41920D+00       0.13933D+00
       0.18000D+02       0.28262D-02      -0.67063D-01       0.41471D+00       0.14091D+00
       0.19000D+02       0.29707D-02      -0.55161D-01       0.41932D+00       0.13425D+00
       0.20000D+02       0.28654D-02      -0.15565D+00       0.41678D+00       0.12984D+00
       0.21000D+02       0.27106D-02      -0.38628D-01       0.41547D+00       0.14751D+00
       0.22000D+02       0.28429D-02      -0.66052D-01       0.41915D+00       0.14151D+00
       0.23000D+02       0.28580D-02      -0.92724D-01       0.41532D+00       0.13873D+00
       0.24000D+02       0.28089D-02      -0.12262D-01       0.41762D+00       0.13442D+00
       0.25000D+02       0.26048D-02      -0.13303D+00       0.41846D+00       0.12910D+00
       0.26000D+02       0.29620D-02      -0.71950D-01       0.41546D+00       0.13053D+00
       0.27000D+02       0.30363D-02      -0.62627D-01       0.41870D+00       0.12660D+00
       0.28000D+02       0.29489D-02      -0.15956D+00       0.41677D+00       0.12395D+00
       0.29000D+02       0.28613D-02      -0.39667D-01       0.41599D+00       0.13465D+00
       0.30000D+02       0.29383D-02      -0.70846D-01       0.41861D+00       0.13064D+00
       0.31000D+02       0.29531D-02      -0.91719D-01       0.41576D+00       0.12902D+00
       0.32000D+02       0.29258D-02      -0.19381D-01       0.41760D+00       0.12593D+00
       0.33000D+02       0.27599D-02      -0.14302D+00       0.41807D+00       0.12231D+00
       0.34000D+02       0.30354D-02      -0.76547D-01       0.41585D+00       0.11990D+00
       0.35000D+02       0.30843D-02      -0.69658D-01       0.41835D+00       0.11729D+00
       0.36000D+02       0.30200D-02      -0.16295D+00       0.41676D+00       0.11568D+00
       0.37000D+02       0.29775D-02      -0.40569D-01       0.41629D+00       0.12450D+00
       0.38000D+02       0.30223D-02      -0.75826D-01       0.41830D+00       0.12152D+00
       0.39000D+02       0.30346D-02      -0.90884D-01       0.41602D+00       0.12060D+00
       0.40000D+02       0.30189D-02      -0.26220D-01       0.41758D+00       0.11831D+00
       0.41000D+02       0.28646D-02      -0.15160D+00       0.41782D+00       0.11549D+00
       0.42000D+02       0.30864D-02      -0.80019D-01       0.41609D+00       0.11510D+00
       0.43000D+02       0.31119D-02      -0.75442D-01       0.41813D+00       0.11311D+00
       0.44000D+02       0.30515D-02      -0.16498D+00       0.41675D+00       0.11132D+00
       0.45000D+02       0.30435D-02      -0.40657D-01       0.41648D+00       0.11889D+00
       0.46000D+02       0.30743D-02      -0.80393D-01       0.41809D+00       0.11658D+00
       0.47000D+02       0.30840D-02      -0.89624D-01       0.41620D+00       0.11602D+00
       0.48000D+02       0.30946D-02      -0.32011D-01       0.41756D+00       0.11430D+00
       0.49000D+02       0.29615D-02      -0.15822D+00       0.41764D+00       0.11209D+00
       0.50000D+02       0.31234D-02      -0.81866D-01       0.41625D+00       0.11178D+00
       0.51000D+02       0.31270D-02      -0.79514D-01       0.41797D+00       0.11005D+00
       0.52000D+02       0.30787D-02      -0.16514D+00       0.41675D+00       0.10901D+00
       0.53000D+02       0.30944D-02      -0.39514D-01       0.41661D+00       0.12430D+00
       0.54000D+02       0.31130D-02      -0.84230D-01       0.41793D+00       0.12214D+00
       0.55000D+02       0.31189D-02      -0.87623D-01       0.41632D+00       0.12148D+00
       0.56000D+02       0.31368D-02      -0.36368D-01       0.41754D+00       0.11984D+00
       0.57000D+02       0.30210D-02      -0.16269D+00       0.41751D+00       0.11785D+00
       0.58000D+02       0.31345D-02      -0.81880D-01       0.41636D+00       0.12441D+00
       0.59000D+02       0.31339D-02      -0.81704D-01       0.41785D+00       0.12262D+00
       0.60000D+02       0.30953D-02      -0.16321D+00       0.41674D+00       0.12126D+00
       0.61000D+02       0.31282D-02      -0.36930D-01       0.41672D+00       0.12684D+00
       0.62000D+02       0.31312D-02      -0.87220D-01       0.41782D+00       0.12488D+00
       0.63000D+02       0.31326D-02      -0.84774D-01       0.41641D+00       0.12430D+00
       0.64000D+02       0.31646D-02      -0.39197D-01       0.41752D+00       0.12281D+00
       0.65000D+02       0.30635D-02      -0.16497D+00       0.41742D+00       0.12104D+00
       0.66000D+02       0.31400D-02      -0.79999D-01       0.41645D+00       0.12685D+00
       0.67000D+02       0.31426D-02      -0.81996D-01       0.41776D+00       0.12518D+00
       0.68000D+02       0.31111D-02      -0.15910D+00       0.41674D+00       0.12396D+00
       0.69000D+02       0.31585D-02      -0.32820D-01       0.41680D+00       0.12395D+00
       0.70000D+02       0.31574D-02      -0.89354D-01       0.41773D+00       0.12227D+00
       0.71000D+02       0.31542D-02      -0.81070D-01       0.41648D+00       0.12182D+00
       0.72000D+02       0.31913D-02      -0.40563D-01       0.41751D+00       0.12068D+00
       0.73000D+02       0.31030D-02      -0.16514D+00       0.41734D+00       0.11917D+00
       0.74000D+02       0.31477D-02      -0.76227D-01       0.41652D+00       0.12415D+00
       0.75000D+02       0.31609D-02      -0.80438D-01       0.41769D+00       0.12277D+00
       0.76000D+02       0.31355D-02      -0.15281D+00       0.41674D+00       0.12179D+00
       0.77000D+02       0.31929D-02      -0.27246D-01       0.41687D+00       0.12256D+00
       0.78000D+02       0.31783D-02      -0.90720D-01       0.41766D+00       0.12103D+00
       0.79000D+02       0.31713D-02      -0.76606D-01       0.41654D+00       0.12064D+00
       0.80000D+02       0.32088D-02      -0.40653D-01       0.41749D+00       0.11956D+00
       0.81000D+02       0.31321D-02      -0.16339D+00       0.41728D+00       0.11822D+00
       0.82000D+02       0.31502D-02      -0.70698D-01       0.41658D+00       0.12785D+00
       0.83000D+02       0.31682D-02      -0.77204D-01       0.41763D+00       0.12658D+00
       0.84000D+02       0.31483D-02      -0.14452D+00       0.41674D+00       0.12569D+00
       0.85000D+02       0.32113D-02      -0.20535D-01       0.41693D+00       0.12430D+00
       0.86000D+02       0.31836D-02      -0.91591D-01       0.41760D+00       0.12285D+00
       0.87000D+02       0.31762D-02      -0.71661D-01       0.41660D+00       0.12246D+00
       0.88000D+02       0.32177D-02      -0.39844D-01       0.41748D+00       0.12144D+00
       0.89000D+02       0.31519D-02      -0.16017D+00       0.41723D+00       0.12029D+00
       0.90000D+02       0.31480D-02      -0.63823D-01       0.41664D+00       0.12894D+00
       0.91000D+02       0.31659D-02      -0.72741D-01       0.41758D+00       0.12775D+00
       0.92000D+02       0.31513D-02      -0.13471D+00       0.41675D+00       0.12706D+00
       0.93000D+02       0.32110D-02      -0.13393D-01       0.41698D+00       0.12632D+00
       0.94000D+02       0.31791D-02      -0.92517D-01       0.41755D+00       0.12497D+00
       0.95000D+02       0.31744D-02      -0.66785D-01       0.41664D+00       0.12460D+00
       0.96000D+02       0.32176D-02      -0.38771D-01       0.41747D+00       0.12362D+00
       0.97000D+02       0.31632D-02      -0.15628D+00       0.41719D+00       0.12257D+00
       0.98000D+02       0.31446D-02      -0.56361D-01       0.41668D+00       0.12661D+00
       0.99000D+02       0.31668D-02      -0.67834D-01       0.41755D+00       0.12546D+00
       0.10000D+03       0.31565D-02      -0.12423D+00       0.41676D+00       0.12481D+00
       0.10100D+03       0.32069D-02      -0.68644D-02       0.41703D+00       0.12415D+00
       0.10200D+03       0.31701D-02      -0.94280D-01       0.41751D+00       0.12295D+00
       0.10300D+03       0.31736D-02      -0.62761D-01       0.41668D+00       0.12264D+00
       0.10400D+03       0.32076D-02      -0.38282D-01       0.41746D+00       0.12173D+00
       0.10500D+03       0.31655D-02      -0.15273D+00       0.41716D+00       0.12079D+00
       0.10600D+03       0.31370D-02      -0.49308D-01       0.41673D+00       0.12440D+00
       0.10700D+03       0.31657D-02      -0.63495D-01       0.41752D+00       0.12338D+00
       0.10800D+03       0.31590D-02      -0.11420D+00       0.41677D+00       0.12288D+00
       0.10900D+03       0.31968D-02      -0.21027D-02       0.41707D+00       0.12252D+00
       0.11000D+03       0.31586D-02      -0.97695D-01       0.41747D+00       0.12148D+00
       0.11100D+03       0.31738D-02      -0.60397D-01       0.41672D+00       0.12121D+00
       0.11200D+03       0.32059D-02      -0.39233D-01       0.41745D+00       0.12037D+00
       0.11300D+03       0.31751D-02      -0.15047D+00       0.41713D+00       0.11951D+00
       0.11400D+03       0.31406D-02      -0.43631D-01       0.41676D+00       0.12257D+00
       0.11500D+03       0.31685D-02      -0.60701D-01       0.41749D+00       0.12162D+00
       0.11600D+03       0.31644D-02      -0.10565D+00       0.41678D+00       0.12114D+00
       0.11700D+03       0.31858D-02      -0.41996D-04       0.41711D+00       0.12040D+00
       0.11800D+03       0.31457D-02      -0.10332D+00       0.41744D+00       0.11949D+00
       0.11900D+03       0.31749D-02      -0.60247D-01       0.41675D+00       0.11925D+00
       0.12000D+03       0.32083D-02      -0.42203D-01       0.41744D+00       0.11844D+00
       0.12100D+03       0.31832D-02      -0.15014D+00       0.41711D+00       0.11768D+00
       0.12200D+03       0.31490D-02      -0.39960D-01       0.41680D+00       0.12423D+00
       0.12300D+03       0.31712D-02      -0.60091D-01       0.41747D+00       0.12331D+00
       0.12400D+03       0.31694D-02      -0.99264D-01       0.41680D+00       0.12284D+00
       0.12500D+03       0.31710D-02      -0.11050D-02       0.41714D+00       0.12222D+00
       0.12600D+03       0.31339D-02      -0.11122D+00       0.41741D+00       0.12128D+00
       0.12700D+03       0.31811D-02      -0.62379D-01       0.41677D+00       0.12107D+00
       0.12800D+03       0.32101D-02      -0.47275D-01       0.41743D+00       0.12027D+00
       0.12900D+03       0.31887D-02      -0.15181D+00       0.41709D+00       0.11969D+00
       0.13000D+03       0.31558D-02      -0.38397D-01       0.41683D+00       0.12568D+00
       0.13100D+03       0.31749D-02      -0.61777D-01       0.41745D+00       0.12486D+00
       0.13200D+03       0.31755D-02      -0.95173D-01       0.41681D+00       0.12442D+00
       0.13300D+03       0.31695D-02      -0.50725D-02       0.41717D+00       0.12380D+00
       0.13400D+03       0.31276D-02      -0.12087D+00       0.41738D+00       0.12288D+00
       0.13500D+03       0.31856D-02      -0.66312D-01       0.41680D+00       0.12302D+00
       0.13600D+03       0.32087D-02      -0.53977D-01       0.41742D+00       0.12224D+00
       0.13700D+03       0.31917D-02      -0.15504D+00       0.41707D+00       0.12171D+00
       0.13800D+03       0.31622D-02      -0.38504D-01       0.41686D+00       0.12437D+00
       0.13900D+03       0.31821D-02      -0.65345D-01       0.41744D+00       0.12362D+00
       0.14000D+03       0.31836D-02      -0.92956D-01       0.41682D+00       0.12326D+00
       0.14100D+03       0.31723D-02      -0.11151D-01       0.41720D+00       0.12265D+00
       0.14200D+03       0.31310D-02      -0.13133D+00       0.41735D+00       0.12180D+00
       0.14300D+03       0.31941D-02      -0.71151D-01       0.41681D+00       0.12211D+00
       0.14400D+03       0.32080D-02      -0.61420D-01       0.41741D+00       0.12144D+00
       0.14500D+03       0.31895D-02      -0.15893D+00       0.41705D+00       0.12096D+00
       0.14600D+03       0.31676D-02      -0.39486D-01       0.41689D+00       0.12310D+00
       0.14700D+03       0.31827D-02      -0.70036D-01       0.41742D+00       0.12237D+00
       0.14800D+03       0.31851D-02      -0.91851D-01       0.41683D+00       0.12207D+00
       0.14900D+03       0.31765D-02      -0.18219D-01       0.41721D+00       0.12146D+00
       0.15000D+03       0.31323D-02      -0.14147D+00       0.41733D+00       0.12075D+00
       0.15100D+03       0.31938D-02      -0.75859D-01       0.41683D+00       0.12021D+00
       0.15200D+03       0.32051D-02      -0.68584D-01       0.41740D+00       0.11961D+00
       0.15300D+03       0.31890D-02      -0.16247D+00       0.41703D+00       0.11921D+00
       0.15400D+03       0.31752D-02      -0.40464D-01       0.41691D+00       0.12132D+00
       0.15500D+03       0.31864D-02      -0.75033D-01       0.41740D+00       0.12062D+00
       0.15600D+03       0.31892D-02      -0.91036D-01       0.41684D+00       0.12039D+00
       0.15700D+03       0.31832D-02      -0.25166D-01       0.41723D+00       0.11981D+00
       0.15800D+03       0.31404D-02      -0.15033D+00       0.41730D+00       0.11907D+00
       0.15900D+03       0.31995D-02      -0.79557D-01       0.41684D+00       0.11894D+00
       0.16000D+03       0.32068D-02      -0.74612D-01       0.41739D+00       0.11839D+00
       0.16100D+03       0.31896D-02      -0.16477D+00       0.41702D+00       0.11786D+00
       0.16200D+03       0.31843D-02      -0.40719D-01       0.41694D+00       0.11992D+00
       0.16300D+03       0.31918D-02      -0.79697D-01       0.41739D+00       0.11925D+00
       0.16400D+03       0.31941D-02      -0.89873D-01       0.41685D+00       0.11906D+00
       0.16500D+03       0.31955D-02      -0.31163D-01       0.41724D+00       0.11850D+00
       0.16600D+03       0.31545D-02      -0.15729D+00       0.41727D+00       0.11782D+00
       0.16700D+03       0.32034D-02      -0.81688D-01       0.41686D+00       0.11769D+00
       0.16800D+03       0.32048D-02      -0.78979D-01       0.41737D+00       0.11713D+00
       0.16900D+03       0.31895D-02      -0.16526D+00       0.41700D+00       0.11677D+00
       0.17000D+03       0.31917D-02      -0.39794D-01       0.41696D+00       0.12149D+00
       0.17100D+03       0.31980D-02      -0.83663D-01       0.41737D+00       0.12083D+00
       0.17200D+03       0.32000D-02      -0.88005D-01       0.41686D+00       0.12062D+00
       0.17300D+03       0.32044D-02      -0.35765D-01       0.41725D+00       0.12010D+00
       0.17400D+03       0.31653D-02      -0.16211D+00       0.41725D+00       0.11945D+00
       0.17500D+03       0.32038D-02      -0.82006D-01       0.41687D+00       0.11943D+00
       0.17600D+03       0.32035D-02      -0.81478D-01       0.41736D+00       0.11886D+00
       0.17700D+03       0.31901D-02      -0.16367D+00       0.41699D+00       0.11844D+00
       0.17800D+03       0.31990D-02      -0.37452D-01       0.41698D+00       0.12036D+00
       0.17900D+03       0.32002D-02      -0.86793D-01       0.41736D+00       0.11973D+00
       0.18000D+03       0.32008D-02      -0.85295D-01       0.41687D+00       0.11955D+00
       0.18100D+03       0.32110D-02      -0.38840D-01       0.41726D+00       0.11905D+00
       0.18200D+03       0.31740D-02      -0.16475D+00       0.41722D+00       0.11843D+00
       0.18300D+03       0.32024D-02      -0.80434D-01       0.41688D+00       0.12054D+00
       0.18400D+03       0.32029D-02      -0.82076D-01       0.41735D+00       0.11997D+00
       0.18500D+03       0.31910D-02      -0.15991D+00       0.41698D+00       0.11955D+00
       0.18600D+03       0.32066D-02      -0.33591D-01       0.41699D+00       0.11933D+00
       0.18700D+03       0.32066D-02      -0.89064D-01       0.41735D+00       0.11873D+00
       0.18800D+03       0.32057D-02      -0.81727D-01       0.41688D+00       0.11857D+00
       0.18900D+03       0.32191D-02      -0.40434D-01       0.41726D+00       0.11816D+00
       0.19000D+03       0.31846D-02      -0.16525D+00       0.41720D+00       0.11759D+00
       0.19100D+03       0.32030D-02      -0.76964D-01       0.41689D+00       0.11953D+00
       0.19200D+03       0.32077D-02      -0.80811D-01       0.41734D+00       0.11902D+00
       0.19300D+03       0.31975D-02      -0.15398D+00       0.41697D+00       0.11865D+00
       0.19400D+03       0.32191D-02      -0.28240D-01       0.41701D+00       0.11866D+00
       0.19500D+03       0.32137D-02      -0.90542D-01       0.41733D+00       0.11807D+00
       0.19600D+03       0.32111D-02      -0.77374D-01       0.41688D+00       0.11792D+00
       0.19700D+03       0.32258D-02      -0.40712D-01       0.41727D+00       0.11750D+00
       0.19800D+03       0.31938D-02      -0.16379D+00       0.41718D+00       0.11696D+00
       0.19900D+03       0.32025D-02      -0.71701D-01       0.41690D+00       0.11881D+00
       0.20000D+03       0.32094D-02      -0.77828D-01       0.41733D+00       0.11834D+00
       0.20100D+03       0.32008D-02      -0.14599D+00       0.41696D+00       0.11800D+00
       0.20200D+03       0.32257D-02      -0.21677D-01       0.41703D+00       0.11745D+00
       0.20300D+03       0.32145D-02      -0.91464D-01       0.41732D+00       0.11687D+00
       0.20400D+03       0.32114D-02      -0.72476D-01       0.41689D+00       0.11673D+00
       0.20500D+03       0.32287D-02      -0.40013D-01       0.41727D+00       0.11632D+00
       0.20600D+03       0.31998D-02      -0.16076D+00       0.41717D+00       0.11585D+00
       0.20700D+03       0.31993D-02      -0.65002D-01       0.41691D+00       0.11963D+00
       0.20800D+03       0.32065D-02      -0.73520D-01       0.41732D+00       0.11917D+00
       0.20900D+03       0.31996D-02      -0.13637D+00       0.41696D+00       0.11883D+00
       0.21000D+03       0.32253D-02      -0.14541D-01       0.41705D+00       0.11855D+00
       0.21100D+03       0.32119D-02      -0.92332D-01       0.41731D+00       0.11799D+00
       0.21200D+03       0.32095D-02      -0.67541D-01       0.41690D+00       0.11785D+00
       0.21300D+03       0.32285D-02      -0.38929D-01       0.41727D+00       0.11745D+00
       0.21400D+03       0.32033D-02      -0.15691D+00       0.41715D+00       0.11700D+00
       0.21500D+03       0.31957D-02      -0.57571D-01       0.41692D+00       0.11887D+00
       0.21600D+03       0.32054D-02      -0.68619D-01       0.41731D+00       0.11838D+00
       0.21700D+03       0.32004D-02      -0.12593D+00       0.41695D+00       0.11811D+00
       0.21800D+03       0.32279D-02      -0.78333D-02       0.41707D+00       0.11785D+00
       0.21900D+03       0.32116D-02      -0.93902D-01       0.41730D+00       0.11734D+00
       0.22000D+03       0.32124D-02      -0.63321D-01       0.41691D+00       0.11722D+00
       0.22100D+03       0.32280D-02      -0.38285D-01       0.41728D+00       0.11683D+00
       0.22200D+03       0.32074D-02      -0.15324D+00       0.41714D+00       0.11639D+00
       0.22300D+03       0.31944D-02      -0.50382D-01       0.41693D+00       0.11813D+00
       0.22400D+03       0.32074D-02      -0.64117D-01       0.41731D+00       0.11768D+00
       0.22500D+03       0.32040D-02      -0.11575D+00       0.41695D+00       0.11746D+00
       0.22600D+03       0.32227D-02      -0.27114D-02       0.41709D+00       0.11731D+00
       0.22700D+03       0.32044D-02      -0.97001D-01       0.41729D+00       0.11681D+00
       0.22800D+03       0.32106D-02      -0.60640D-01       0.41692D+00       0.11669D+00
       0.22900D+03       0.32264D-02      -0.38952D-01       0.41728D+00       0.11631D+00
       0.23000D+03       0.32105D-02      -0.15072D+00       0.41712D+00       0.11590D+00
       0.23100D+03       0.31938D-02      -0.44427D-01       0.41694D+00       0.11745D+00
       0.23200D+03       0.32076D-02      -0.61017D-01       0.41730D+00       0.11700D+00
       0.23300D+03       0.32055D-02      -0.10690D+00       0.41695D+00       0.11678D+00
       0.23400D+03       0.32170D-02      -0.16766D-03       0.41711D+00       0.11643D+00
       0.23500D+03       0.31970D-02      -0.10225D+00       0.41728D+00       0.11599D+00
       0.23600D+03       0.32103D-02      -0.60111D-01       0.41693D+00       0.11588D+00
       0.23700D+03       0.32273D-02      -0.41573D-01       0.41728D+00       0.11549D+00
       0.23800D+03       0.32140D-02      -0.15005D+00       0.41711D+00       0.11511D+00
       0.23900D+03       0.31966D-02      -0.40408D-01       0.41695D+00       0.11662D+00
       0.24000D+03       0.32081D-02      -0.60030D-01       0.41730D+00       0.11619D+00
       0.24100D+03       0.32070D-02      -0.10014D+00       0.41695D+00       0.11597D+00
       0.24200D+03       0.32088D-02      -0.72152D-03       0.41713D+00       0.11568D+00
       0.24300D+03       0.31896D-02      -0.10979D+00       0.41727D+00       0.11523D+00
       0.24400D+03       0.32128D-02      -0.61892D-01       0.41694D+00       0.11514D+00
       0.24500D+03       0.32281D-02      -0.46323D-01       0.41728D+00       0.11475D+00
       0.24600D+03       0.32164D-02      -0.15142D+00       0.41710D+00       0.11446D+00
       0.24700D+03       0.31988D-02      -0.38520D-01       0.41697D+00       0.11766D+00
       0.24800D+03       0.32092D-02      -0.61359D-01       0.41729D+00       0.11727D+00
       0.24900D+03       0.32091D-02      -0.95693D-01       0.41695D+00       0.11706D+00
       0.25000D+03       0.32061D-02      -0.42587D-02       0.41714D+00       0.11675D+00
       0.25100D+03       0.31842D-02      -0.11922D+00       0.41726D+00       0.11629D+00
       0.25200D+03       0.32141D-02      -0.65586D-01       0.41694D+00       0.11638D+00
       0.25300D+03       0.32267D-02      -0.52812D-01       0.41728D+00       0.11599D+00
       0.25400D+03       0.32172D-02      -0.15444D+00       0.41709D+00       0.11573D+00
       0.25500D+03       0.32007D-02      -0.38404D-01       0.41698D+00       0.11719D+00
       0.25600D+03       0.32116D-02      -0.64667D-01       0.41729D+00       0.11682D+00
       0.25700D+03       0.32126D-02      -0.93218D-01       0.41696D+00       0.11664D+00
       0.25800D+03       0.32061D-02      -0.10066D-01       0.41716D+00       0.11634D+00
       0.25900D+03       0.31840D-02      -0.12963D+00       0.41725D+00       0.11590D+00
       0.26000D+03       0.32181D-02      -0.70348D-01       0.41695D+00       0.11609D+00
       0.26100D+03       0.32260D-02      -0.60205D-01       0.41728D+00       0.11571D+00
       0.26200D+03       0.32155D-02      -0.15830D+00       0.41708D+00       0.11544D+00
       0.26300D+03       0.32025D-02      -0.39305D-01       0.41699D+00       0.11690D+00
       0.26400D+03       0.32112D-02      -0.69234D-01       0.41728D+00       0.11652D+00
       0.26500D+03       0.32125D-02      -0.91991D-01       0.41696D+00       0.11637D+00
       0.26600D+03       0.32070D-02      -0.17054D-01       0.41717D+00       0.11606D+00
       0.26700D+03       0.31824D-02      -0.13989D+00       0.41724D+00       0.11567D+00
       0.26800D+03       0.32169D-02      -0.75144D-01       0.41695D+00       0.11539D+00
       0.26900D+03       0.32220D-02      -0.67480D-01       0.41728D+00       0.11505D+00
       0.27000D+03       0.32126D-02      -0.16196D+00       0.41707D+00       0.11484D+00
       0.27100D+03       0.32039D-02      -0.40338D-01       0.41700D+00       0.11606D+00
       0.27200D+03       0.32107D-02      -0.74232D-01       0.41728D+00       0.11568D+00
       0.27300D+03       0.32123D-02      -0.91179D-01       0.41696D+00       0.11555D+00
       0.27400D+03       0.32079D-02      -0.24086D-01       0.41718D+00       0.11524D+00
       0.27500D+03       0.31832D-02      -0.14901D+00       0.41722D+00       0.11482D+00
       0.27600D+03       0.32178D-02      -0.79053D-01       0.41696D+00       0.11455D+00
       0.27700D+03       0.32222D-02      -0.73737D-01       0.41727D+00       0.11424D+00
       0.27800D+03       0.32121D-02      -0.16451D+00       0.41706D+00       0.11404D+00
       0.27900D+03       0.32081D-02      -0.40748D-01       0.41701D+00       0.11525D+00
       0.28000D+03       0.32127D-02      -0.78981D-01       0.41727D+00       0.11488D+00
       0.28100D+03       0.32141D-02      -0.90104D-01       0.41696D+00       0.11478D+00
       0.28200D+03       0.32141D-02      -0.30277D-01       0.41719D+00       0.11447D+00
       0.28300D+03       0.31899D-02      -0.15630D+00       0.41721D+00       0.11409D+00
       0.28400D+03       0.32194D-02      -0.81462D-01       0.41696D+00       0.11403D+00
       0.28500D+03       0.32205D-02      -0.78395D-01       0.41727D+00       0.11371D+00
       0.28600D+03       0.32113D-02      -0.16531D+00       0.41705D+00       0.11351D+00
       0.28700D+03       0.32120D-02      -0.40036D-01       0.41702D+00       0.11631D+00
       0.28800D+03       0.32169D-02      -0.83075D-01       0.41727D+00       0.11596D+00
       0.28900D+03       0.32179D-02      -0.88363D-01       0.41696D+00       0.11587D+00
       0.29000D+03       0.32199D-02      -0.35121D-01       0.41719D+00       0.11558D+00
       0.29100D+03       0.31963D-02      -0.16148D+00       0.41720D+00       0.11520D+00
       0.29200D+03       0.32203D-02      -0.82082D-01       0.41697D+00       0.11519D+00
       0.29300D+03       0.32204D-02      -0.81202D-01       0.41726D+00       0.11487D+00
       0.29400D+03       0.32122D-02      -0.16407D+00       0.41704D+00       0.11462D+00
       0.29500D+03       0.32168D-02      -0.37934D-01       0.41703D+00       0.11579D+00
       0.29600D+03       0.32179D-02      -0.86344D-01       0.41726D+00       0.11542D+00
       0.29700D+03       0.32185D-02      -0.85793D-01       0.41697D+00       0.11532D+00
       0.29800D+03       0.32239D-02      -0.38444D-01       0.41720D+00       0.11504D+00
       0.29900D+03       0.32012D-02      -0.16447D+00       0.41718D+00       0.11466D+00
       0.30000D+03       0.32194D-02      -0.80818D-01       0.41697D+00       0.11596D+00
       0.30100D+03       0.32196D-02      -0.82108D-01       0.41726D+00       0.11563D+00
       0.30200D+03       0.32122D-02      -0.16067D+00       0.41703D+00       0.11539D+00
       0.30300D+03       0.32208D-02      -0.34322D-01       0.41704D+00       0.11551D+00
       0.30400D+03       0.32197D-02      -0.88753D-01       0.41726D+00       0.11515D+00
       0.30500D+03       0.32193D-02      -0.82363D-01       0.41697D+00       0.11506D+00
       0.30600D+03       0.32270D-02      -0.40271D-01       0.41720D+00       0.11482D+00
       0.30700D+03       0.32054D-02      -0.16531D+00       0.41717D+00       0.11447D+00
       0.30800D+03       0.32177D-02      -0.77654D-01       0.41697D+00       0.11568D+00
       0.30900D+03       0.32201D-02      -0.81140D-01       0.41725D+00       0.11537D+00
       0.31000D+03       0.32136D-02      -0.15509D+00       0.41703D+00       0.11515D+00
       0.31100D+03       0.32261D-02      -0.29202D-01       0.41705D+00       0.11537D+00
       0.31200D+03       0.32233D-02      -0.90349D-01       0.41725D+00       0.11501D+00
       0.31300D+03       0.32219D-02      -0.78127D-01       0.41697D+00       0.11493D+00
       0.31400D+03       0.32307D-02      -0.40746D-01       0.41721D+00       0.11467D+00
       0.31500D+03       0.32104D-02      -0.16415D+00       0.41716D+00       0.11434D+00
       0.31600D+03       0.32167D-02      -0.72666D-01       0.41698D+00       0.11552D+00
       0.31700D+03       0.32207D-02      -0.78417D-01       0.41725D+00       0.11524D+00
       0.31800D+03       0.32152D-02      -0.14741D+00       0.41702D+00       0.11503D+00
       0.31900D+03       0.32307D-02      -0.22802D-01       0.41706D+00       0.11469D+00
       0.32000D+03       0.32244D-02      -0.91335D-01       0.41725D+00       0.11434D+00
       0.32100D+03       0.32223D-02      -0.73291D-01       0.41697D+00       0.11425D+00
       0.32200D+03       0.32330D-02      -0.40171D-01       0.41721D+00       0.11400D+00
       0.32300D+03       0.32144D-02      -0.16133D+00       0.41715D+00       0.11370D+00
       0.32400D+03       0.32149D-02      -0.66162D-01       0.41698D+00       0.11614D+00
       0.32500D+03       0.32191D-02      -0.74283D-01       0.41725D+00       0.11585D+00
       0.32600D+03       0.32146D-02      -0.13801D+00       0.41701D+00       0.11565D+00
       0.32700D+03       0.32308D-02      -0.15700D-01       0.41707D+00       0.11532D+00
       0.32800D+03       0.32226D-02      -0.92166D-01       0.41724D+00       0.11497D+00
       0.32900D+03       0.32209D-02      -0.68315D-01       0.41698D+00       0.11488D+00
       0.33000D+03       0.32328D-02      -0.39099D-01       0.41722D+00       0.11464D+00
       0.33100D+03       0.32162D-02      -0.15755D+00       0.41714D+00       0.11435D+00
       0.33200D+03       0.32120D-02      -0.58788D-01       0.41699D+00       0.11557D+00
       0.33300D+03       0.32180D-02      -0.69415D-01       0.41724D+00       0.11527D+00
       0.33400D+03       0.32145D-02      -0.12764D+00       0.41701D+00       0.11511D+00
       0.33500D+03       0.32326D-02      -0.88443D-02       0.41708D+00       0.11495D+00
       0.33600D+03       0.32223D-02      -0.93564D-01       0.41724D+00       0.11462D+00
       0.33700D+03       0.32225D-02      -0.63922D-01       0.41698D+00       0.11454D+00
       0.33800D+03       0.32349D-02      -0.38322D-01       0.41722D+00       0.11429D+00
       0.33900D+03       0.32205D-02      -0.15378D+00       0.41713D+00       0.11403D+00
       0.34000D+03       0.32124D-02      -0.51489D-01       0.41699D+00       0.11518D+00
       0.34100D+03       0.32207D-02      -0.64777D-01       0.41724D+00       0.11489D+00
       0.34200D+03       0.32183D-02      -0.11734D+00       0.41701D+00       0.11475D+00
       0.34300D+03       0.32313D-02      -0.33891D-02       0.41710D+00       0.11466D+00
       0.34400D+03       0.32199D-02      -0.96364D-01       0.41723D+00       0.11434D+00
       0.34500D+03       0.32233D-02      -0.60940D-01       0.41699D+00       0.11427D+00
       0.34600D+03       0.32337D-02      -0.38723D-01       0.41722D+00       0.11402D+00
       0.34700D+03       0.32228D-02      -0.15101D+00       0.41712D+00       0.11375D+00
       0.34800D+03       0.32121D-02      -0.45274D-01       0.41700D+00       0.11479D+00
       0.34900D+03       0.32212D-02      -0.61390D-01       0.41724D+00       0.11451D+00
       0.35000D+03       0.32197D-02      -0.10821D+00       0.41701D+00       0.11437D+00
       0.35100D+03       0.32282D-02      -0.37624D-03       0.41711D+00       0.11414D+00
       0.35200D+03       0.32150D-02      -0.10124D+00       0.41723D+00       0.11386D+00
       0.35300D+03       0.32231D-02      -0.60037D-01       0.41699D+00       0.11379D+00
       0.35400D+03       0.32346D-02      -0.41001D-01       0.41722D+00       0.11354D+00
       0.35500D+03       0.32264D-02      -0.15002D+00       0.41711D+00       0.11329D+00
       0.35600D+03       0.32141D-02      -0.40914D-01       0.41701D+00       0.11431D+00
       0.35700D+03       0.32232D-02      -0.60031D-01       0.41724D+00       0.11403D+00
       0.35800D+03       0.32224D-02      -0.10108D+00       0.41701D+00       0.11390D+00
       0.35900D+03       0.32244D-02      -0.41791D-03       0.41712D+00       0.11371D+00
       0.36000D+03       0.32116D-02      -0.10842D+00       0.41722D+00       0.11341D+00
       0.36100D+03       0.32262D-02      -0.61456D-01       0.41699D+00       0.11336D+00
       0.36200D+03       0.32367D-02      -0.45417D-01       0.41723D+00       0.11310D+00
       0.36300D+03       0.32285D-02      -0.15107D+00       0.41711D+00       0.11291D+00
       0.36400D+03       0.32165D-02      -0.38690D-01       0.41701D+00       0.11511D+00
       0.36500D+03       0.32236D-02      -0.60994D-01       0.41724D+00       0.11485D+00
       0.36600D+03       0.32234D-02      -0.96265D-01       0.41701D+00       0.11471D+00
       0.36700D+03       0.32216D-02      -0.35055D-02       0.41713D+00       0.11451D+00
       0.36800D+03       0.32070D-02      -0.11760D+00       0.41721D+00       0.11420D+00
       0.36900D+03       0.32267D-02      -0.64887D-01       0.41700D+00       0.11427D+00
       0.37000D+03       0.32355D-02      -0.51672D-01       0.41723D+00       0.11401D+00
       0.37100D+03       0.32288D-02      -0.15387D+00       0.41710D+00       0.11383D+00
       0.37200D+03       0.32171D-02      -0.38331D-01       0.41702D+00       0.11484D+00
       0.37300D+03       0.32248D-02      -0.64023D-01       0.41723D+00       0.11459D+00
       0.37400D+03       0.32252D-02      -0.93513D-01       0.41701D+00       0.11448D+00
       0.37500D+03       0.32207D-02      -0.90123D-02       0.41714D+00       0.11427D+00
       0.37600D+03       0.32062D-02      -0.12792D+00       0.41721D+00       0.11398D+00
       0.37700D+03       0.32294D-02      -0.69545D-01       0.41700D+00       0.11411D+00
       0.37800D+03       0.32353D-02      -0.58986D-01       0.41723D+00       0.11385D+00
       0.37900D+03       0.32293D-02      -0.15766D+00       0.41709D+00       0.11368D+00
       0.38000D+03       0.32198D-02      -0.39127D-01       0.41703D+00       0.11469D+00
       0.38100D+03       0.32262D-02      -0.68442D-01       0.41723D+00       0.11444D+00
       0.38200D+03       0.32270D-02      -0.92140D-01       0.41701D+00       0.11433D+00
       0.38300D+03       0.32226D-02      -0.15889D-01       0.41715D+00       0.11412D+00
       0.38400D+03       0.32057D-02      -0.13828D+00       0.41720D+00       0.11384D+00
       0.38500D+03       0.32298D-02      -0.74405D-01       0.41700D+00       0.11365D+00
       0.38600D+03       0.32337D-02      -0.66348D-01       0.41723D+00       0.11342D+00
       0.38700D+03       0.32271D-02      -0.16142D+00       0.41709D+00       0.11328D+00
       0.38800D+03       0.32205D-02      -0.40196D-01       0.41703D+00       0.11413D+00
       0.38900D+03       0.32254D-02      -0.73423D-01       0.41723D+00       0.11388D+00
       0.39000D+03       0.32265D-02      -0.91313D-01       0.41701D+00       0.11378D+00
       0.39100D+03       0.32228D-02      -0.22984D-01       0.41716D+00       0.11357D+00
       0.39200D+03       0.32055D-02      -0.14764D+00       0.41719D+00       0.11329D+00
       0.39300D+03       0.32300D-02      -0.78509D-01       0.41701D+00       0.11310D+00
       0.39400D+03       0.32333D-02      -0.72820D-01       0.41722D+00       0.11289D+00
       0.39500D+03       0.32261D-02      -0.16420D+00       0.41708D+00       0.11268D+00
       0.39600D+03       0.32226D-02      -0.40748D-01       0.41704D+00       0.11354D+00
       0.39700D+03       0.32260D-02      -0.78247D-01       0.41723D+00       0.11328D+00
       0.39800D+03       0.32270D-02      -0.90316D-01       0.41701D+00       0.11321D+00
       0.39900D+03       0.32264D-02      -0.29355D-01       0.41716D+00       0.11300D+00
       0.40000D+03       0.32092D-02      -0.15526D+00       0.41718D+00       0.11273D+00
       0.40100D+03       0.32307D-02      -0.81188D-01       0.41701D+00       0.11270D+00
       0.40200D+03       0.32318D-02      -0.77762D-01       0.41722D+00       0.11248D+00
       0.40300D+03       0.32251D-02      -0.16532D+00       0.41707D+00       0.11234D+00
       0.40400D+03       0.32250D-02      -0.40241D-01       0.41705D+00       0.11433D+00
       0.40500D+03       0.32288D-02      -0.82464D-01       0.41722D+00       0.11409D+00
       0.40600D+03       0.32296D-02      -0.88700D-01       0.41701D+00       0.11403D+00
       0.40700D+03       0.32308D-02      -0.34437D-01       0.41717D+00       0.11382D+00
       0.40800D+03       0.32139D-02      -0.16079D+00       0.41717D+00       0.11355D+00
       0.40900D+03       0.32316D-02      -0.82108D-01       0.41701D+00       0.11355D+00
       0.41000D+03       0.32317D-02      -0.80876D-01       0.41722D+00       0.11332D+00
       0.41100D+03       0.32257D-02      -0.16442D+00       0.41706D+00       0.11314D+00
       0.41200D+03       0.32285D-02      -0.38376D-01       0.41705D+00       0.11399D+00
       0.41300D+03       0.32298D-02      -0.85872D-01       0.41722D+00       0.11373D+00
       0.41400D+03       0.32301D-02      -0.86269D-01       0.41701D+00       0.11366D+00
       0.41500D+03       0.32335D-02      -0.38009D-01       0.41717D+00       0.11346D+00
       0.41600D+03       0.32171D-02      -0.16413D+00       0.41717D+00       0.11320D+00
       0.41700D+03       0.32307D-02      -0.81153D-01       0.41701D+00       0.11414D+00
       0.41800D+03       0.32308D-02      -0.82090D-01       0.41722D+00       0.11391D+00
       0.41900D+03       0.32254D-02      -0.16137D+00       0.41706D+00       0.11374D+00
       0.42000D+03       0.32311D-02      -0.35012D-01       0.41706D+00       0.11383D+00
       0.42100D+03       0.32304D-02      -0.88419D-01       0.41722D+00       0.11357D+00
       0.42200D+03       0.32302D-02      -0.82977D-01       0.41701D+00       0.11351D+00
       0.42300D+03       0.32364D-02      -0.40072D-01       0.41718D+00       0.11334D+00
       0.42400D+03       0.32207D-02      -0.16532D+00       0.41716D+00       0.11310D+00
       0.42500D+03       0.32303D-02      -0.78295D-01       0.41701D+00       0.11401D+00
       0.42600D+03       0.32310D-02      -0.81421D-01       0.41722D+00       0.11381D+00
       0.42700D+03       0.32262D-02      -0.15614D+00       0.41705D+00       0.11364D+00
       0.42800D+03       0.32348D-02      -0.30130D-01       0.41707D+00       0.11381D+00
       0.42900D+03       0.32331D-02      -0.90139D-01       0.41721D+00       0.11355D+00
       0.43000D+03       0.32323D-02      -0.78863D-01       0.41701D+00       0.11349D+00
       0.43100D+03       0.32385D-02      -0.40750D-01       0.41718D+00       0.11331D+00
       0.43200D+03       0.32235D-02      -0.16446D+00       0.41715D+00       0.11307D+00
       0.43300D+03       0.32288D-02      -0.73591D-01       0.41701D+00       0.11393D+00
       0.43400D+03       0.32315D-02      -0.78967D-01       0.41721D+00       0.11372D+00
       0.43500D+03       0.32274D-02      -0.14879D+00       0.41705D+00       0.11357D+00
       0.43600D+03       0.32382D-02      -0.23909D-01       0.41707D+00       0.11334D+00
       0.43700D+03       0.32341D-02      -0.91201D-01       0.41721D+00       0.11309D+00
       0.43800D+03       0.32326D-02      -0.74100D-01       0.41701D+00       0.11302D+00
       0.43900D+03       0.32403D-02      -0.40316D-01       0.41719D+00       0.11284D+00
       0.44000D+03       0.32264D-02      -0.16188D+00       0.41714D+00       0.11262D+00
       0.44100D+03       0.32274D-02      -0.67298D-01       0.41702D+00       0.11442D+00
       0.44200D+03       0.32302D-02      -0.75026D-01       0.41721D+00       0.11421D+00
       0.44300D+03       0.32267D-02      -0.13963D+00       0.41704D+00       0.11406D+00
       0.44400D+03       0.32382D-02      -0.16864D-01       0.41708D+00       0.11382D+00
       0.44500D+03       0.32330D-02      -0.92014D-01       0.41721D+00       0.11357D+00
       0.44600D+03       0.32315D-02      -0.69104D-01       0.41701D+00       0.11351D+00
       0.44700D+03       0.32400D-02      -0.39276D-01       0.41719D+00       0.11333D+00
       0.44800D+03       0.32275D-02      -0.15819D+00       0.41713D+00       0.11312D+00
       0.44900D+03       0.32246D-02      -0.60007D-01       0.41702D+00       0.11403D+00
       0.45000D+03       0.32287D-02      -0.70217D-01       0.41721D+00       0.11381D+00
       0.45100D+03       0.32261D-02      -0.12935D+00       0.41704D+00       0.11370D+00
       0.45200D+03       0.32383D-02      -0.98924D-02       0.41709D+00       0.11358D+00
       0.45300D+03       0.32309D-02      -0.93264D-01       0.41720D+00       0.11334D+00
       0.45400D+03       0.32308D-02      -0.64560D-01       0.41702D+00       0.11328D+00
       0.45500D+03       0.32400D-02      -0.38390D-01       0.41719D+00       0.11310D+00
       0.45600D+03       0.32290D-02      -0.15435D+00       0.41713D+00       0.11291D+00
       0.45700D+03       0.32235D-02      -0.52625D-01       0.41702D+00       0.11376D+00
       0.45800D+03       0.32296D-02      -0.65470D-01       0.41721D+00       0.11355D+00
       0.45900D+03       0.32277D-02      -0.11896D+00       0.41704D+00       0.11345D+00
       0.46000D+03       0.32376D-02      -0.41320D-02       0.41710D+00       0.11339D+00
       0.46100D+03       0.32294D-02      -0.95782D-01       0.41720D+00       0.11315D+00
       0.46200D+03       0.32314D-02      -0.61296D-01       0.41702D+00       0.11310D+00
       0.46300D+03       0.32392D-02      -0.38544D-01       0.41719D+00       0.11292D+00
       0.46400D+03       0.32308D-02      -0.15136D+00       0.41712D+00       0.11272D+00
       0.46500D+03       0.32230D-02      -0.46172D-01       0.41703D+00       0.11350D+00
       0.46600D+03       0.32298D-02      -0.61817D-01       0.41721D+00       0.11329D+00
       0.46700D+03       0.32286D-02      -0.10957D+00       0.41703D+00       0.11319D+00
       0.46800D+03       0.32356D-02      -0.66668D-03       0.41711D+00       0.11312D+00
       0.46900D+03       0.32258D-02      -0.10029D+00       0.41720D+00       0.11290D+00
       0.47000D+03       0.32312D-02      -0.60026D-01       0.41702D+00       0.11286D+00
       0.47100D+03       0.32388D-02      -0.40486D-01       0.41720D+00       0.11266D+00
       0.47200D+03       0.32324D-02      -0.15004D+00       0.41712D+00       0.11247D+00
       0.47300D+03       0.32232D-02      -0.41476D-01       0.41703D+00       0.11324D+00
       0.47400D+03       0.32301D-02      -0.60095D-01       0.41721D+00       0.11303D+00
       0.47500D+03       0.32294D-02      -0.10208D+00       0.41703D+00       0.11293D+00
       0.47600D+03       0.32314D-02      -0.19594D-03       0.41712D+00       0.11279D+00
       0.47700D+03       0.32219D-02      -0.10711D+00       0.41719D+00       0.11257D+00
       0.47800D+03       0.32322D-02      -0.61074D-01       0.41702D+00       0.11252D+00
       0.47900D+03       0.32401D-02      -0.44561D-01       0.41720D+00       0.11233D+00
       0.48000D+03       0.32337D-02      -0.15076D+00       0.41711D+00       0.11218D+00
       0.48100D+03       0.32246D-02      -0.38911D-01       0.41704D+00       0.11385D+00
       0.48200D+03       0.32300D-02      -0.60685D-01       0.41721D+00       0.11366D+00
       0.48300D+03       0.32298D-02      -0.96893D-01       0.41703D+00       0.11355D+00
       0.48400D+03       0.32286D-02      -0.28170D-02       0.41713D+00       0.11342D+00
       0.48500D+03       0.32177D-02      -0.11600D+00       0.41719D+00       0.11319D+00
       0.48600D+03       0.32320D-02      -0.64222D-01       0.41703D+00       0.11324D+00
       0.48700D+03       0.32389D-02      -0.50560D-01       0.41720D+00       0.11305D+00
       0.48800D+03       0.32336D-02      -0.15332D+00       0.41710D+00       0.11291D+00
       0.48900D+03       0.32247D-02      -0.38288D-01       0.41704D+00       0.11368D+00
       0.49000D+03       0.32293D-02      -0.63416D-01       0.41721D+00       0.11349D+00
       0.49100D+03       0.32296D-02      -0.93844D-01       0.41703D+00       0.11340D+00
       0.49200D+03       0.32262D-02      -0.79949D-02       0.41713D+00       0.11325D+00
       0.49300D+03       0.32155D-02      -0.12621D+00       0.41719D+00       0.11303D+00
       0.49400D+03       0.32328D-02      -0.68748D-01       0.41703D+00       0.11301D+00
       0.49500D+03       0.32375D-02      -0.57769D-01       0.41720D+00       0.11282D+00
       0.49600D+03       0.32329D-02      -0.15702D+00       0.41710D+00       0.11268D+00
       0.49700D+03       0.32253D-02      -0.38956D-01       0.41705D+00       0.11346D+00
       0.49800D+03       0.32305D-02      -0.67665D-01       0.41720D+00       0.11327D+00
       0.49900D+03       0.32310D-02      -0.92304D-01       0.41703D+00       0.11319D+00
       0.50000D+03       0.32275D-02      -0.14729D-01       0.41714D+00       0.11303D+00
       0.50100D+03       0.32148D-02      -0.13664D+00       0.41718D+00       0.11281D+00
       0.50200D+03       0.32332D-02      -0.73645D-01       0.41703D+00       0.11278D+00
       0.50300D+03       0.32364D-02      -0.65192D-01       0.41720D+00       0.11261D+00
       0.50400D+03       0.32312D-02      -0.16086D+00       0.41709D+00       0.11250D+00
       0.50500D+03       0.32258D-02      -0.40039D-01       0.41705D+00       0.11316D+00
       0.50600D+03       0.32297D-02      -0.72609D-01       0.41720D+00       0.11297D+00
       0.50700D+03       0.32305D-02      -0.91443D-01       0.41703D+00       0.11290D+00
       0.50800D+03       0.32272D-02      -0.21861D-01       0.41715D+00       0.11274D+00
       0.50900D+03       0.32144D-02      -0.14622D+00       0.41717D+00       0.11252D+00
       0.51000D+03       0.32321D-02      -0.77926D-01       0.41703D+00       0.11237D+00
       0.51100D+03       0.32349D-02      -0.71861D-01       0.41720D+00       0.11222D+00
       0.51200D+03       0.32302D-02      -0.16385D+00       0.41709D+00       0.11211D+00
       0.51300D+03       0.32272D-02      -0.40720D-01       0.41706D+00       0.11277D+00
       0.51400D+03       0.32299D-02      -0.77497D-01       0.41720D+00       0.11257D+00
       0.51500D+03       0.32307D-02      -0.90512D-01       0.41703D+00       0.11252D+00
       0.51600D+03       0.32298D-02      -0.28399D-01       0.41715D+00       0.11236D+00
       0.51700D+03       0.32165D-02      -0.15416D+00       0.41717D+00       0.11215D+00
       0.51800D+03       0.32336D-02      -0.80868D-01       0.41703D+00       0.11212D+00
       0.51900D+03       0.32353D-02      -0.77080D-01       0.41720D+00       0.11196D+00
       0.52000D+03       0.32301D-02      -0.16527D+00       0.41708D+00       0.11183D+00
       0.52100D+03       0.32296D-02      -0.40410D-01       0.41706D+00       0.11334D+00
       0.52200D+03       0.32319D-02      -0.81832D-01       0.41720D+00       0.11314D+00
       0.52300D+03       0.32325D-02      -0.89015D-01       0.41703D+00       0.11310D+00
       0.52400D+03       0.32340D-02      -0.33712D-01       0.41716D+00       0.11295D+00
       0.52500D+03       0.32209D-02      -0.16004D+00       0.41716D+00       0.11276D+00
       0.52600D+03       0.32350D-02      -0.82085D-01       0.41703D+00       0.11276D+00
       0.52700D+03       0.32352D-02      -0.80499D-01       0.41720D+00       0.11259D+00
       0.52800D+03       0.32305D-02      -0.16471D+00       0.41708D+00       0.11245D+00
       0.52900D+03       0.32322D-02      -0.38778D-01       0.41707D+00       0.11397D+00
       0.53000D+03       0.32335D-02      -0.85377D-01       0.41720D+00       0.11377D+00
       0.53100D+03       0.32338D-02      -0.86722D-01       0.41703D+00       0.11372D+00
       0.53200D+03       0.32361D-02      -0.37533D-01       0.41716D+00       0.11356D+00
       0.53300D+03       0.32232D-02      -0.16374D+00       0.41715D+00       0.11336D+00
       0.53400D+03       0.32343D-02      -0.81437D-01       0.41703D+00       0.11410D+00
       0.53500D+03       0.32343D-02      -0.82022D-01       0.41720D+00       0.11392D+00
       0.53600D+03       0.32300D-02      -0.16201D+00       0.41707D+00       0.11379D+00
       0.53700D+03       0.32340D-02      -0.35663D-01       0.41707D+00       0.11386D+00
       0.53800D+03       0.32338D-02      -0.88064D-01       0.41720D+00       0.11366D+00
       0.53900D+03       0.32336D-02      -0.83569D-01       0.41703D+00       0.11361D+00
       0.54000D+03       0.32379D-02      -0.39836D-01       0.41716D+00       0.11346D+00
       0.54100D+03       0.32255D-02      -0.16527D+00       0.41715D+00       0.11327D+00
       0.54200D+03       0.32334D-02      -0.78888D-01       0.41703D+00       0.11398D+00
       0.54300D+03       0.32339D-02      -0.81655D-01       0.41719D+00       0.11382D+00
       0.54400D+03       0.32300D-02      -0.15714D+00       0.41707D+00       0.11369D+00
       0.54500D+03       0.32363D-02      -0.31021D-01       0.41708D+00       0.11371D+00
       0.54600D+03       0.32353D-02      -0.89912D-01       0.41719D+00       0.11351D+00
       0.54700D+03       0.32347D-02      -0.79581D-01       0.41703D+00       0.11346D+00
       0.54800D+03       0.32394D-02      -0.40726D-01       0.41717D+00       0.11332D+00
       0.54900D+03       0.32276D-02      -0.16473D+00       0.41714D+00       0.11313D+00
       0.55000D+03       0.32323D-02      -0.74473D-01       0.41703D+00       0.11379D+00
       0.55100D+03       0.32343D-02      -0.79478D-01       0.41719D+00       0.11362D+00
       0.55200D+03       0.32310D-02      -0.15012D+00       0.41706D+00       0.11350D+00
       0.55300D+03       0.32392D-02      -0.24993D-01       0.41708D+00       0.11362D+00
       0.55400D+03       0.32364D-02      -0.91060D-01       0.41719D+00       0.11342D+00
       0.55500D+03       0.32353D-02      -0.74904D-01       0.41703D+00       0.11338D+00
       0.55600D+03       0.32410D-02      -0.40445D-01       0.41717D+00       0.11324D+00
       0.55700D+03       0.32300D-02      -0.16239D+00       0.41714D+00       0.11306D+00
       0.55800D+03       0.32313D-02      -0.68407D-01       0.41704D+00       0.11448D+00
       0.55900D+03       0.32342D-02      -0.75745D-01       0.41719D+00       0.11432D+00
       0.56000D+03       0.32313D-02      -0.14122D+00       0.41706D+00       0.11421D+00
       0.56100D+03       0.32401D-02      -0.18030D-01       0.41709D+00       0.11402D+00
       0.56200D+03       0.32363D-02      -0.91873D-01       0.41719D+00       0.11382D+00
       0.56300D+03       0.32352D-02      -0.69905D-01       0.41703D+00       0.11378D+00
       0.56400D+03       0.32419D-02      -0.39457D-01       0.41717D+00       0.11363D+00
       0.56500D+03       0.32317D-02      -0.15883D+00       0.41713D+00       0.11347D+00
       0.56600D+03       0.32299D-02      -0.61223D-01       0.41704D+00       0.11481D+00
       0.56700D+03       0.32330D-02      -0.71020D-01       0.41719D+00       0.11465D+00
       0.56800D+03       0.32308D-02      -0.13105D+00       0.41705D+00       0.11456D+00
       0.56900D+03       0.32403D-02      -0.10973D-01       0.41709D+00       0.11446D+00
       0.57000D+03       0.32348D-02      -0.92997D-01       0.41719D+00       0.11427D+00
       0.57100D+03       0.32343D-02      -0.65232D-01       0.41704D+00       0.11422D+00
       0.57200D+03       0.32416D-02      -0.38486D-01       0.41717D+00       0.11408D+00
       0.57300D+03       0.32327D-02      -0.15494D+00       0.41713D+00       0.11392D+00
       0.57400D+03       0.32287D-02      -0.53786D-01       0.41704D+00       0.11460D+00
       0.57500D+03       0.32335D-02      -0.66192D-01       0.41719D+00       0.11443D+00
       0.57600D+03       0.32318D-02      -0.12060D+00       0.41705D+00       0.11435D+00
       0.57700D+03       0.32399D-02      -0.49362D-02       0.41710D+00       0.11431D+00
       0.57800D+03       0.32337D-02      -0.95254D-01       0.41718D+00       0.11412D+00
       0.57900D+03       0.32349D-02      -0.61706D-01       0.41704D+00       0.11407D+00
       0.58000D+03       0.32411D-02      -0.38414D-01       0.41718D+00       0.11393D+00
       0.58100D+03       0.32341D-02      -0.15174D+00       0.41712D+00       0.11378D+00
       0.58200D+03       0.32282D-02      -0.47117D-01       0.41704D+00       0.11438D+00
       0.58300D+03       0.32336D-02      -0.62296D-01       0.41719D+00       0.11422D+00
       0.58400D+03       0.32325D-02      -0.11098D+00       0.41705D+00       0.11413D+00
       0.58500D+03       0.32386D-02      -0.10374D-02       0.41711D+00       0.11407D+00
       0.58600D+03       0.32309D-02      -0.99402D-01       0.41718D+00       0.11390D+00
       0.58700D+03       0.32347D-02      -0.60077D-01       0.41704D+00       0.11386D+00
       0.58800D+03       0.32407D-02      -0.40029D-01       0.41718D+00       0.11370D+00
       0.58900D+03       0.32353D-02      -0.15012D+00       0.41712D+00       0.11355D+00
       0.59000D+03       0.32281D-02      -0.42097D-01       0.41705D+00       0.11414D+00
       0.59100D+03       0.32336D-02      -0.60221D-01       0.41719D+00       0.11398D+00
       0.59200D+03       0.32329D-02      -0.10314D+00       0.41705D+00       0.11389D+00
       0.59300D+03       0.32348D-02      -0.56743D-04       0.41712D+00       0.11378D+00
       0.59400D+03       0.32274D-02      -0.10585D+00       0.41718D+00       0.11359D+00
       0.59500D+03       0.32344D-02      -0.60749D-01       0.41704D+00       0.11355D+00
       0.59600D+03       0.32408D-02      -0.43756D-01       0.41718D+00       0.11339D+00
       0.59700D+03       0.32360D-02      -0.15051D+00       0.41711D+00       0.11325D+00
       0.59800D+03       0.32287D-02      -0.39184D-01       0.41705D+00       0.11459D+00
       0.59900D+03       0.32330D-02      -0.60432D-01       0.41719D+00       0.11443D+00
       0.60000D+03       0.32328D-02      -0.97578D-01       0.41705D+00       0.11435D+00
       0.60100D+03       0.32322D-02      -0.21968D-02       0.41712D+00       0.11424D+00
       0.60200D+03       0.32236D-02      -0.11445D+00       0.41718D+00       0.11405D+00
       0.60300D+03       0.32346D-02      -0.63593D-01       0.41704D+00       0.11409D+00
       0.60400D+03       0.32404D-02      -0.49480D-01       0.41718D+00       0.11394D+00
       0.60500D+03       0.32360D-02      -0.15281D+00       0.41711D+00       0.11382D+00
       0.60600D+03       0.32286D-02      -0.38280D-01       0.41706D+00       0.11445D+00
       0.60700D+03       0.32325D-02      -0.62849D-01       0.41719D+00       0.11429D+00
       0.60800D+03       0.32327D-02      -0.94216D-01       0.41705D+00       0.11422D+00
       0.60900D+03       0.32301D-02      -0.70188D-02       0.41713D+00       0.11409D+00
       0.61000D+03       0.32201D-02      -0.12451D+00       0.41717D+00       0.11390D+00
       0.61100D+03       0.32337D-02      -0.67960D-01       0.41704D+00       0.11399D+00
       0.61200D+03       0.32377D-02      -0.56557D-01       0.41718D+00       0.11383D+00
       0.61300D+03       0.32338D-02      -0.15638D+00       0.41710D+00       0.11372D+00
       0.61400D+03       0.32275D-02      -0.38796D-01       0.41706D+00       0.11434D+00
       0.61500D+03       0.32318D-02      -0.66906D-01       0.41719D+00       0.11419D+00
       0.61600D+03       0.32322D-02      -0.92486D-01       0.41705D+00       0.11412D+00
       0.61700D+03       0.32292D-02      -0.13579D-01       0.41713D+00       0.11399D+00
       0.61800D+03       0.32191D-02      -0.13498D+00       0.41717D+00       0.11381D+00
       0.61900D+03       0.32340D-02      -0.72869D-01       0.41705D+00       0.11389D+00
       0.62000D+03       0.32368D-02      -0.64016D-01       0.41718D+00       0.11375D+00
       0.62100D+03       0.32326D-02      -0.16027D+00       0.41710D+00       0.11365D+00
       0.62200D+03       0.32278D-02      -0.39872D-01       0.41706D+00       0.11418D+00
       0.62300D+03       0.32312D-02      -0.71793D-01       0.41719D+00       0.11403D+00
       0.62400D+03       0.32318D-02      -0.91571D-01       0.41705D+00       0.11397D+00
       0.62500D+03       0.32289D-02      -0.20722D-01       0.41714D+00       0.11384D+00
       0.62600D+03       0.32187D-02      -0.14476D+00       0.41716D+00       0.11366D+00
       0.62700D+03       0.32332D-02      -0.77308D-01       0.41705D+00       0.11354D+00
       0.62800D+03       0.32357D-02      -0.70863D-01       0.41718D+00       0.11341D+00
       0.62900D+03       0.32318D-02      -0.16346D+00       0.41709D+00       0.11332D+00
       0.63000D+03       0.32290D-02      -0.40664D-01       0.41707D+00       0.11384D+00
       0.63100D+03       0.32313D-02      -0.76732D-01       0.41719D+00       0.11368D+00
       0.63200D+03       0.32320D-02      -0.90692D-01       0.41705D+00       0.11363D+00
       0.63300D+03       0.32310D-02      -0.27410D-01       0.41714D+00       0.11350D+00
       0.63400D+03       0.32201D-02      -0.15301D+00       0.41716D+00       0.11333D+00
       0.63500D+03       0.32343D-02      -0.80501D-01       0.41705D+00       0.11330D+00
       0.63600D+03       0.32358D-02      -0.76350D-01       0.41718D+00       0.11317D+00
       0.63700D+03       0.32315D-02      -0.16516D+00       0.41709D+00       0.11306D+00
       0.63800D+03       0.32307D-02      -0.40544D-01       0.41707D+00       0.11429D+00
       0.63900D+03       0.32327D-02      -0.81179D-01       0.41718D+00       0.11413D+00
       0.64000D+03       0.32333D-02      -0.89308D-01       0.41705D+00       0.11409D+00
       0.64100D+03       0.32343D-02      -0.32948D-01       0.41715D+00       0.11397D+00
       0.64200D+03       0.32235D-02      -0.15923D+00       0.41715D+00       0.11380D+00
       0.64300D+03       0.32354D-02      -0.82012D-01       0.41705D+00       0.11377D+00
       0.64400D+03       0.32357D-02      -0.80073D-01       0.41718D+00       0.11363D+00
       0.64500D+03       0.32318D-02      -0.16494D+00       0.41708D+00       0.11352D+00
       0.64600D+03       0.32329D-02      -0.39141D-01       0.41707D+00       0.11476D+00
       0.64700D+03       0.32342D-02      -0.84860D-01       0.41718D+00       0.11460D+00
       0.64800D+03       0.32345D-02      -0.87152D-01       0.41705D+00       0.11455D+00
       0.64900D+03       0.32362D-02      -0.37018D-01       0.41715D+00       0.11442D+00
       0.65000D+03       0.32256D-02      -0.16329D+00       0.41715D+00       0.11426D+00
       0.65100D+03       0.32351D-02      -0.81671D-01       0.41705D+00       0.11484D+00
       0.65200D+03       0.32350D-02      -0.81904D-01       0.41718D+00       0.11470D+00
       0.65300D+03       0.32315D-02      -0.16260D+00       0.41708D+00       0.11458D+00
       0.65400D+03       0.32344D-02      -0.36272D-01       0.41708D+00       0.11464D+00
       0.65500D+03       0.32344D-02      -0.87687D-01       0.41718D+00       0.11448D+00
       0.65600D+03       0.32344D-02      -0.84139D-01       0.41705D+00       0.11444D+00
       0.65700D+03       0.32376D-02      -0.39562D-01       0.41715D+00       0.11431D+00
       0.65800D+03       0.32274D-02      -0.16517D+00       0.41714D+00       0.11415D+00
       0.65900D+03       0.32344D-02      -0.79430D-01       0.41705D+00       0.11474D+00
       0.66000D+03       0.32346D-02      -0.81841D-01       0.41718D+00       0.11459D+00
       0.66100D+03       0.32313D-02      -0.15808D+00       0.41707D+00       0.11448D+00
       0.66200D+03       0.32363D-02      -0.31875D-01       0.41708D+00       0.11449D+00
       0.66300D+03       0.32358D-02      -0.89665D-01       0.41718D+00       0.11433D+00
       0.66400D+03       0.32353D-02      -0.80281D-01       0.41705D+00       0.11429D+00
       0.66500D+03       0.32394D-02      -0.40669D-01       0.41716D+00       0.11418D+00
       0.66600D+03       0.32296D-02      -0.16495D+00       0.41714D+00       0.11402D+00
       0.66700D+03       0.32338D-02      -0.75310D-01       0.41705D+00       0.11457D+00
       0.66800D+03       0.32354D-02      -0.79947D-01       0.41718D+00       0.11443D+00
       0.66900D+03       0.32325D-02      -0.15139D+00       0.41707D+00       0.11433D+00
       0.67000D+03       0.32391D-02      -0.26051D-01       0.41709D+00       0.11443D+00
       0.67100D+03       0.32370D-02      -0.90909D-01       0.41718D+00       0.11426D+00
       0.67200D+03       0.32362D-02      -0.75698D-01       0.41705D+00       0.11423D+00
       0.67300D+03       0.32407D-02      -0.40554D-01       0.41716D+00       0.11411D+00
       0.67400D+03       0.32314D-02      -0.16287D+00       0.41713D+00       0.11395D+00
       0.67500D+03       0.32330D-02      -0.69485D-01       0.41705D+00       0.11513D+00
       0.67600D+03       0.32353D-02      -0.76437D-01       0.41718D+00       0.11499D+00
       0.67700D+03       0.32329D-02      -0.14277D+00       0.41707D+00       0.11490D+00
       0.67800D+03       0.32409D-02      -0.19193D-01       0.41709D+00       0.11474D+00
       0.67900D+03       0.32381D-02      -0.91740D-01       0.41718D+00       0.11458D+00
       0.68000D+03       0.32371D-02      -0.70714D-01       0.41705D+00       0.11454D+00
       0.68100D+03       0.32425D-02      -0.39638D-01       0.41716D+00       0.11442D+00
       0.68200D+03       0.32340D-02      -0.15946D+00       0.41713D+00       0.11428D+00
       0.68300D+03       0.32329D-02      -0.62432D-01       0.41705D+00       0.11539D+00
       0.68400D+03       0.32354D-02      -0.71821D-01       0.41718D+00       0.11526D+00
       0.68500D+03       0.32335D-02      -0.13275D+00       0.41706D+00       0.11518D+00
       0.68600D+03       0.32413D-02      -0.12080D-01       0.41710D+00       0.11510D+00
       0.68700D+03       0.32369D-02      -0.92760D-01       0.41717D+00       0.11494D+00
       0.68800D+03       0.32364D-02      -0.65935D-01       0.41705D+00       0.11490D+00
       0.68900D+03       0.32424D-02      -0.38606D-01       0.41716D+00       0.11478D+00
       0.69000D+03       0.32349D-02      -0.15555D+00       0.41712D+00       0.11464D+00
       0.69100D+03       0.32317D-02      -0.54967D-01       0.41705D+00       0.11523D+00
       0.69200D+03       0.32349D-02      -0.66940D-01       0.41718D+00       0.11508D+00
       0.69300D+03       0.32335D-02      -0.12227D+00       0.41706D+00       0.11501D+00
       0.69400D+03       0.32404D-02      -0.57975D-02       0.41710D+00       0.11493D+00
       0.69500D+03       0.32356D-02      -0.94776D-01       0.41717D+00       0.11477D+00
       0.69600D+03       0.32363D-02      -0.62166D-01       0.41705D+00       0.11473D+00
       0.69700D+03       0.32414D-02      -0.38329D-01       0.41717D+00       0.11461D+00
       0.69800D+03       0.32354D-02      -0.15218D+00       0.41712D+00       0.11448D+00
       0.69900D+03       0.32307D-02      -0.48107D-01       0.41706D+00       0.11499D+00
       0.70000D+03       0.32352D-02      -0.62824D-01       0.41718D+00       0.11485D+00
       0.70100D+03       0.32342D-02      -0.11244D+00       0.41706D+00       0.11478D+00
       0.70200D+03       0.32396D-02      -0.14861D-02       0.41711D+00       0.11473D+00
