       0.10000D+01       0.57867D-04      -0.63333D-01       0.38714D+00       0.53410D-01
       0.20000D+01       0.15084D-01      -0.68654D-01       0.37488D+00       0.82715D-01
       0.30000D+01       0.17031D-01      -0.87347D-01       0.37184D+00       0.87148D-01
       0.40000D+01       0.26701D-01      -0.30287D-01       0.37468D+00       0.79857D-01
       0.50000D+01       0.28397D-01       0.38224D-02       0.37256D+00       0.65065D-01
       0.60000D+01       0.25976D-01       0.92110D-02       0.37708D+00       0.10329D+00
       0.70000D+01       0.25338D-01      -0.14776D-01       0.37564D+00       0.89785D-01
       0.80000D+01       0.32131D-01      -0.80355D-01       0.37668D+00       0.20971D+00
       0.90000D+01       0.32865D-01      -0.73584D-01       0.37527D+00       0.19895D+00
       0.10000D+02       0.31704D-01      -0.83392D-01       0.37414D+00       0.18296D+00
       0.11000D+02       0.35366D-01      -0.21253D-01       0.37527D+00       0.17336D+00
       0.12000D+02       0.35312D-01       0.77796D-02       0.37445D+00       0.15897D+00
       0.13000D+02       0.33535D-01       0.29829D-02       0.37636D+00       0.19406D+00
       0.14000D+02       0.33141D-01      -0.27475D-01       0.37560D+00       0.20239D+00
       0.15000D+02       0.35084D-01      -0.89394D-01       0.37594D+00       0.23897D+00
       0.16000D+02       0.35007D-01      -0.71948D-01       0.37532D+00       0.22879D+00
       0.17000D+02       0.34276D-01      -0.71596D-01       0.37456D+00       0.22021D+00
       0.18000D+02       0.37498D-01      -0.87730D-02       0.37541D+00       0.21905D+00
       0.19000D+02       0.37065D-01       0.13692D-01       0.37495D+00       0.21262D+00
       0.20000D+02       0.36041D-01      -0.13122D-02       0.37613D+00       0.21610D+00
       0.21000D+02       0.36043D-01      -0.36295D-01       0.37556D+00       0.24716D+00
       0.22000D+02       0.36699D-01      -0.90904D-01       0.37566D+00       0.25278D+00
       0.23000D+02       0.36259D-01      -0.64453D-01       0.37535D+00       0.24546D+00
       0.24000D+02       0.35873D-01      -0.52838D-01       0.37477D+00       0.23821D+00
       0.25000D+02       0.38235D-01       0.48605D-02       0.37550D+00       0.23479D+00
       0.26000D+02       0.37828D-01       0.19836D-01       0.37520D+00       0.23240D+00
       0.27000D+02       0.37433D-01      -0.58266D-02       0.37601D+00       0.23106D+00
       0.28000D+02       0.37712D-01      -0.42285D-01       0.37554D+00       0.23455D+00
       0.29000D+02       0.37786D-01      -0.89062D-01       0.37552D+00       0.22952D+00
       0.30000D+02       0.37244D-01      -0.55123D-01       0.37538D+00       0.22573D+00
       0.31000D+02       0.37052D-01      -0.32380D-01       0.37492D+00       0.22069D+00
       0.32000D+02       0.38431D-01       0.15866D-01       0.37556D+00       0.22215D+00
       0.33000D+02       0.38049D-01       0.22769D-01       0.37535D+00       0.21969D+00
       0.34000D+02       0.38216D-01      -0.14063D-01       0.37593D+00       0.21850D+00
       0.35000D+02       0.38528D-01      -0.47747D-01       0.37553D+00       0.22237D+00
       0.36000D+02       0.38109D-01      -0.87257D-01       0.37544D+00       0.22181D+00
       0.37000D+02       0.37770D-01      -0.46985D-01       0.37541D+00       0.21926D+00
       0.38000D+02       0.37726D-01      -0.15413D-01       0.37504D+00       0.21548D+00
       0.39000D+02       0.38294D-01       0.21357D-01       0.37561D+00       0.21792D+00
       0.40000D+02       0.37905D-01       0.19877D-01       0.37544D+00       0.21447D+00
       0.41000D+02       0.38508D-01      -0.28105D-01       0.37587D+00       0.21246D+00
       0.42000D+02       0.38766D-01      -0.54318D-01       0.37552D+00       0.21867D+00
       0.43000D+02       0.38309D-01      -0.86741D-01       0.37539D+00       0.21465D+00
       0.44000D+02       0.38160D-01      -0.40680D-01       0.37543D+00       0.21262D+00
       0.45000D+02       0.38208D-01      -0.44344D-02       0.37514D+00       0.20909D+00
       0.46000D+02       0.38247D-01       0.20554D-01       0.37565D+00       0.21024D+00
       0.47000D+02       0.37873D-01       0.10658D-01       0.37550D+00       0.20793D+00
       0.48000D+02       0.38712D-01      -0.47164D-01       0.37580D+00       0.20712D+00
       0.49000D+02       0.38882D-01      -0.62318D-01       0.37551D+00       0.20441D+00
       0.50000D+02       0.38477D-01      -0.87337D-01       0.37535D+00       0.20226D+00
       0.51000D+02       0.38620D-01      -0.35271D-01       0.37545D+00       0.20002D+00
       0.52000D+02       0.38678D-01       0.11820D-02       0.37522D+00       0.19642D+00
       0.53000D+02       0.38392D-01       0.14939D-01       0.37568D+00       0.20931D+00
       0.54000D+02       0.38100D-01      -0.30877D-02       0.37553D+00       0.20638D+00
       0.55000D+02       0.38954D-01      -0.67379D-01       0.37573D+00       0.20479D+00
       0.56000D+02       0.38994D-01      -0.70092D-01       0.37550D+00       0.20377D+00
       0.57000D+02       0.38617D-01      -0.87018D-01       0.37532D+00       0.20207D+00
       0.58000D+02       0.38929D-01      -0.28694D-01       0.37547D+00       0.19954D+00
       0.59000D+02       0.38908D-01       0.45166D-02       0.37528D+00       0.19619D+00
       0.60000D+02       0.38505D-01       0.77494D-02       0.37569D+00       0.20723D+00
       0.61000D+02       0.38293D-01      -0.17710D-01       0.37554D+00       0.20392D+00
       0.62000D+02       0.38916D-01      -0.82981D-01       0.37566D+00       0.21684D+00
       0.63000D+02       0.38883D-01      -0.73839D-01       0.37549D+00       0.21463D+00
       0.64000D+02       0.38588D-01      -0.81632D-01       0.37530D+00       0.21169D+00
       0.65000D+02       0.39214D-01      -0.18890D-01       0.37548D+00       0.20931D+00
       0.66000D+02       0.39151D-01       0.88671D-02       0.37534D+00       0.20616D+00
       0.67000D+02       0.38754D-01       0.19526D-02       0.37569D+00       0.21226D+00
       0.68000D+02       0.38631D-01      -0.29645D-01       0.37554D+00       0.21766D+00
       0.69000D+02       0.38871D-01      -0.90218D-01       0.37560D+00       0.21713D+00
       0.70000D+02       0.38771D-01      -0.70750D-01       0.37548D+00       0.21517D+00
       0.71000D+02       0.38536D-01      -0.68109D-01       0.37529D+00       0.21347D+00
       0.72000D+02       0.39319D-01      -0.58944D-02       0.37550D+00       0.21299D+00
       0.73000D+02       0.39172D-01       0.15066D-01       0.37538D+00       0.21008D+00
       0.74000D+02       0.38894D-01      -0.21226D-02       0.37569D+00       0.21085D+00
       0.75000D+02       0.38883D-01      -0.37708D-01       0.37554D+00       0.21959D+00
       0.76000D+02       0.38958D-01      -0.90648D-01       0.37555D+00       0.22147D+00
       0.77000D+02       0.38777D-01      -0.62513D-01       0.37547D+00       0.21966D+00
       0.78000D+02       0.38624D-01      -0.48494D-01       0.37529D+00       0.21777D+00
       0.79000D+02       0.39335D-01       0.75048D-02       0.37552D+00       0.21626D+00
       0.80000D+02       0.39178D-01       0.20829D-01       0.37543D+00       0.21582D+00
       0.81000D+02       0.39070D-01      -0.71368D-02       0.37569D+00       0.21573D+00
       0.82000D+02       0.39147D-01      -0.43400D-01       0.37553D+00       0.21648D+00
       0.83000D+02       0.39102D-01      -0.88613D-01       0.37552D+00       0.21492D+00
       0.84000D+02       0.38892D-01      -0.53268D-01       0.37547D+00       0.21372D+00
       0.85000D+02       0.38808D-01      -0.28410D-01       0.37530D+00       0.21202D+00
       0.86000D+02       0.39264D-01       0.17531D-01       0.37554D+00       0.21274D+00
       0.87000D+02       0.39087D-01       0.22696D-01       0.37546D+00       0.21112D+00
       0.88000D+02       0.39189D-01      -0.16502D-01       0.37568D+00       0.21048D+00
       0.89000D+02       0.39307D-01      -0.48999D-01       0.37553D+00       0.21246D+00
       0.90000D+02       0.39101D-01      -0.87029D-01       0.37548D+00       0.21344D+00
       0.91000D+02       0.38968D-01      -0.45526D-01       0.37548D+00       0.21156D+00
       0.92000D+02       0.38942D-01      -0.12594D-01       0.37533D+00       0.21018D+00
       0.93000D+02       0.39124D-01       0.21694D-01       0.37557D+00       0.21132D+00
       0.94000D+02       0.38946D-01       0.18445D-01       0.37549D+00       0.20994D+00
       0.95000D+02       0.39240D-01      -0.31764D-01       0.37567D+00       0.20977D+00
       0.96000D+02       0.39343D-01      -0.55894D-01       0.37552D+00       0.21241D+00
       0.97000D+02       0.39124D-01      -0.86807D-01       0.37546D+00       0.21067D+00
       0.98000D+02       0.39084D-01      -0.39528D-01       0.37549D+00       0.20938D+00
       0.99000D+02       0.39098D-01      -0.28908D-02       0.37535D+00       0.20781D+00
       0.10000D+03       0.39072D-01       0.19687D-01       0.37559D+00       0.20749D+00
       0.10100D+03       0.38893D-01       0.80537D-02       0.37552D+00       0.20668D+00
       0.10200D+03       0.39304D-01      -0.51481D-01       0.37565D+00       0.20649D+00
       0.10300D+03       0.39374D-01      -0.64067D-01       0.37552D+00       0.20584D+00
       0.10400D+03       0.39168D-01      -0.87460D-01       0.37544D+00       0.20456D+00
       0.10500D+03       0.39220D-01      -0.34073D-01       0.37549D+00       0.20334D+00
       0.10600D+03       0.39238D-01       0.19422D-02       0.37538D+00       0.20152D+00
       0.10700D+03       0.39070D-01       0.13443D-01       0.37560D+00       0.20787D+00
       0.10800D+03       0.38924D-01      -0.62138D-02       0.37553D+00       0.20644D+00
       0.10900D+03       0.39338D-01      -0.71216D-01       0.37562D+00       0.20620D+00
       0.11000D+03       0.39348D-01      -0.71352D-01       0.37551D+00       0.20587D+00
       0.11100D+03       0.39153D-01      -0.86464D-01       0.37542D+00       0.20491D+00
       0.11200D+03       0.39368D-01      -0.26951D-01       0.37550D+00       0.20361D+00
       0.11300D+03       0.39347D-01       0.52651D-02       0.37540D+00       0.20185D+00
       0.11400D+03       0.39123D-01       0.63591D-02       0.37561D+00       0.20542D+00
       0.11500D+03       0.39015D-01      -0.20516D-01       0.37553D+00       0.20367D+00
       0.11600D+03       0.39279D-01      -0.85218D-01       0.37559D+00       0.20781D+00
       0.11700D+03       0.39270D-01      -0.73776D-01       0.37550D+00       0.20694D+00
       0.11800D+03       0.39107D-01      -0.79494D-01       0.37540D+00       0.20558D+00
       0.11900D+03       0.39469D-01      -0.16377D-01       0.37550D+00       0.20425D+00
       0.12000D+03       0.39426D-01       0.10048D-01       0.37542D+00       0.20256D+00
       0.12100D+03       0.39212D-01       0.10096D-02       0.37562D+00       0.20617D+00
       0.12200D+03       0.39156D-01      -0.31635D-01       0.37553D+00       0.20921D+00
       0.12300D+03       0.39276D-01      -0.90732D-01       0.37556D+00       0.21334D+00
       0.12400D+03       0.39203D-01      -0.69317D-01       0.37550D+00       0.21253D+00
       0.12500D+03       0.39067D-01      -0.64341D-01       0.37539D+00       0.21156D+00
       0.12600D+03       0.39528D-01      -0.29944D-02       0.37551D+00       0.21099D+00
       0.12700D+03       0.39436D-01       0.16425D-01       0.37545D+00       0.20934D+00
       0.12800D+03       0.39287D-01      -0.29714D-02       0.37562D+00       0.20980D+00
       0.12900D+03       0.39291D-01      -0.39016D-01       0.37553D+00       0.21501D+00
       0.13000D+03       0.39340D-01      -0.90292D-01       0.37554D+00       0.21623D+00
       0.13100D+03       0.39227D-01      -0.60537D-01       0.37549D+00       0.21523D+00
       0.13200D+03       0.39139D-01      -0.44135D-01       0.37538D+00       0.21394D+00
       0.13300D+03       0.39537D-01       0.99959D-02       0.37553D+00       0.21273D+00
       0.13400D+03       0.39435D-01       0.21647D-01       0.37547D+00       0.21198D+00
       0.13500D+03       0.39393D-01      -0.86452D-02       0.37562D+00       0.21194D+00
       0.13600D+03       0.39447D-01      -0.44515D-01       0.37553D+00       0.21407D+00
       0.13700D+03       0.39390D-01      -0.88190D-01       0.37551D+00       0.21308D+00
       0.13800D+03       0.39264D-01      -0.51488D-01       0.37549D+00       0.21221D+00
       0.13900D+03       0.39215D-01      -0.24637D-01       0.37539D+00       0.21116D+00
       0.14000D+03       0.39464D-01       0.18932D-01       0.37554D+00       0.21165D+00
       0.14100D+03       0.39349D-01       0.22347D-01       0.37549D+00       0.21068D+00
       0.14200D+03       0.39432D-01      -0.19210D-01       0.37562D+00       0.21026D+00
       0.14300D+03       0.39514D-01      -0.50311D-01       0.37553D+00       0.21186D+00
       0.14400D+03       0.39405D-01      -0.86865D-01       0.37550D+00       0.21236D+00
       0.14500D+03       0.39299D-01      -0.44147D-01       0.37550D+00       0.21145D+00
       0.14600D+03       0.39284D-01      -0.10054D-01       0.37540D+00       0.21058D+00
       0.14700D+03       0.39368D-01       0.21753D-01       0.37556D+00       0.21105D+00
       0.14800D+03       0.39255D-01       0.16737D-01       0.37551D+00       0.21088D+00
       0.14900D+03       0.39468D-01      -0.35629D-01       0.37562D+00       0.21075D+00
       0.15000D+03       0.39529D-01      -0.57532D-01       0.37552D+00       0.21166D+00
       0.15100D+03       0.39380D-01      -0.86917D-01       0.37548D+00       0.21088D+00
       0.15200D+03       0.39378D-01      -0.38405D-01       0.37550D+00       0.21002D+00
       0.15300D+03       0.39389D-01      -0.15689D-02       0.37541D+00       0.20869D+00
       0.15400D+03       0.39348D-01       0.18628D-01       0.37557D+00       0.21351D+00
       0.15500D+03       0.39241D-01       0.52727D-02       0.37552D+00       0.21296D+00
       0.15600D+03       0.39519D-01      -0.55805D-01       0.37561D+00       0.21208D+00
       0.15700D+03       0.39560D-01      -0.65785D-01       0.37552D+00       0.21127D+00
       0.15800D+03       0.39420D-01      -0.87519D-01       0.37546D+00       0.21035D+00
       0.15900D+03       0.39486D-01      -0.32801D-01       0.37550D+00       0.20939D+00
       0.16000D+03       0.39493D-01       0.26375D-02       0.37543D+00       0.20816D+00
       0.16100D+03       0.39367D-01       0.11913D-01       0.37558D+00       0.21220D+00
       0.16200D+03       0.39273D-01      -0.93392D-02       0.37553D+00       0.21095D+00
       0.16300D+03       0.39536D-01      -0.74791D-01       0.37559D+00       0.21807D+00
       0.16400D+03       0.39535D-01      -0.72391D-01       0.37551D+00       0.21823D+00
       0.16500D+03       0.39405D-01      -0.85640D-01       0.37545D+00       0.21722D+00
       0.16600D+03       0.39560D-01      -0.25048D-01       0.37551D+00       0.21651D+00
       0.16700D+03       0.39542D-01       0.60888D-02       0.37544D+00       0.21549D+00
       0.16800D+03       0.39386D-01       0.50563D-02       0.37559D+00       0.21784D+00
       0.16900D+03       0.39312D-01      -0.23173D-01       0.37553D+00       0.21657D+00
       0.17000D+03       0.39477D-01      -0.87061D-01       0.37557D+00       0.21921D+00
       0.17100D+03       0.39462D-01      -0.73391D-01       0.37551D+00       0.21821D+00
       0.17200D+03       0.39350D-01      -0.76975D-01       0.37544D+00       0.21741D+00
       0.17300D+03       0.39626D-01      -0.13730D-01       0.37551D+00       0.21707D+00
       0.17400D+03       0.39591D-01       0.11310D-01       0.37546D+00       0.21610D+00
       0.17500D+03       0.39449D-01       0.13735D-03       0.37559D+00       0.21854D+00
       0.17600D+03       0.39417D-01      -0.33452D-01       0.37553D+00       0.22220D+00
       0.17700D+03       0.39465D-01      -0.90980D-01       0.37555D+00       0.22334D+00
       0.17800D+03       0.39407D-01      -0.67690D-01       0.37550D+00       0.22270D+00
       0.17900D+03       0.39313D-01      -0.60342D-01       0.37543D+00       0.22196D+00
       0.18000D+03       0.39639D-01      -0.10996D-03       0.37552D+00       0.22155D+00
       0.18100D+03       0.39569D-01       0.17735D-01       0.37547D+00       0.22033D+00
       0.18200D+03       0.39477D-01      -0.38941D-02       0.37560D+00       0.21949D+00
       0.18300D+03       0.39488D-01      -0.40240D-01       0.37553D+00       0.21928D+00
       0.18400D+03       0.39495D-01      -0.89872D-01       0.37553D+00       0.21882D+00
       0.18500D+03       0.39398D-01      -0.58559D-01       0.37550D+00       0.21814D+00
       0.18600D+03       0.39337D-01      -0.39814D-01       0.37542D+00       0.21714D+00
       0.18700D+03       0.39606D-01       0.12303D-01       0.37553D+00       0.21627D+00
       0.18800D+03       0.39529D-01       0.22259D-01       0.37549D+00       0.21582D+00
       0.18900D+03       0.39517D-01      -0.10377D-01       0.37560D+00       0.21575D+00
       0.19000D+03       0.39560D-01      -0.45647D-01       0.37553D+00       0.21735D+00
       0.19100D+03       0.39501D-01      -0.87808D-01       0.37551D+00       0.21658D+00
       0.19200D+03       0.39412D-01      -0.49790D-01       0.37550D+00       0.21605D+00
       0.19300D+03       0.39380D-01      -0.21091D-01       0.37543D+00       0.21529D+00
       0.19400D+03       0.39536D-01       0.20057D-01       0.37554D+00       0.21536D+00
       0.19500D+03       0.39450D-01       0.21714D-01       0.37550D+00       0.21465D+00
       0.19600D+03       0.39531D-01      -0.22185D-01       0.37560D+00       0.21427D+00
       0.19700D+03       0.39580D-01      -0.51691D-01       0.37553D+00       0.21481D+00
       0.19800D+03       0.39490D-01      -0.86765D-01       0.37550D+00       0.21398D+00
       0.19900D+03       0.39424D-01      -0.42843D-01       0.37550D+00       0.21344D+00
       0.20000D+03       0.39420D-01      -0.77926D-02       0.37544D+00       0.21272D+00
       0.20100D+03       0.39466D-01       0.21543D-01       0.37555D+00       0.21313D+00
       0.20200D+03       0.39375D-01       0.14763D-01       0.37552D+00       0.21301D+00
       0.20300D+03       0.39549D-01      -0.39669D-01       0.37559D+00       0.21287D+00
       0.20400D+03       0.39580D-01      -0.59225D-01       0.37552D+00       0.21398D+00
       0.20500D+03       0.39466D-01      -0.87061D-01       0.37549D+00       0.21339D+00
       0.20600D+03       0.39454D-01      -0.37291D-01       0.37551D+00       0.21275D+00
       0.20700D+03       0.39463D-01      -0.44139D-03       0.37545D+00       0.21176D+00
       0.20800D+03       0.39417D-01       0.17407D-01       0.37556D+00       0.21394D+00
       0.20900D+03       0.39335D-01       0.23486D-02       0.37552D+00       0.21358D+00
       0.21000D+03       0.39551D-01      -0.60080D-01       0.37558D+00       0.21298D+00
       0.21100D+03       0.39577D-01      -0.67439D-01       0.37552D+00       0.21254D+00
       0.21200D+03       0.39473D-01      -0.87477D-01       0.37548D+00       0.21204D+00
       0.21300D+03       0.39522D-01      -0.31432D-01       0.37551D+00       0.21132D+00
       0.21400D+03       0.39525D-01       0.33035D-02       0.37546D+00       0.21041D+00
       0.21500D+03       0.39427D-01       0.10383D-01       0.37557D+00       0.21210D+00
       0.21600D+03       0.39356D-01      -0.12426D-01       0.37553D+00       0.21116D+00
       0.21700D+03       0.39548D-01      -0.78056D-01       0.37557D+00       0.21674D+00
       0.21800D+03       0.39544D-01      -0.73173D-01       0.37552D+00       0.21630D+00
       0.21900D+03       0.39453D-01      -0.84508D-01       0.37546D+00       0.21542D+00
       0.22000D+03       0.39600D-01      -0.22978D-01       0.37551D+00       0.21484D+00
       0.22100D+03       0.39583D-01       0.70023D-02       0.37547D+00       0.21387D+00
       0.22200D+03       0.39463D-01       0.38507D-02       0.37557D+00       0.21566D+00
       0.22300D+03       0.39413D-01      -0.25662D-01       0.37553D+00       0.21609D+00
       0.22400D+03       0.39528D-01      -0.88517D-01       0.37556D+00       0.21695D+00
       0.22500D+03       0.39511D-01      -0.72694D-01       0.37551D+00       0.21630D+00
       0.22600D+03       0.39429D-01      -0.74085D-01       0.37545D+00       0.21572D+00
       0.22700D+03       0.39646D-01      -0.10973D-01       0.37552D+00       0.21543D+00
       0.22800D+03       0.39615D-01       0.12635D-01       0.37548D+00       0.21490D+00
       0.22900D+03       0.39511D-01      -0.68694D-03       0.37558D+00       0.21515D+00
       0.23000D+03       0.39494D-01      -0.35108D-01       0.37553D+00       0.21797D+00
       0.23100D+03       0.39530D-01      -0.91007D-01       0.37554D+00       0.22012D+00
       0.23200D+03       0.39474D-01      -0.65912D-01       0.37551D+00       0.21950D+00
       0.23300D+03       0.39407D-01      -0.56168D-01       0.37545D+00       0.21891D+00
       0.23400D+03       0.39659D-01       0.27210D-02       0.37552D+00       0.21864D+00
       0.23500D+03       0.39601D-01       0.18962D-01       0.37549D+00       0.21841D+00
       0.23600D+03       0.39540D-01      -0.49264D-02       0.37558D+00       0.21779D+00
       0.23700D+03       0.39556D-01      -0.41405D-01       0.37553D+00       0.21763D+00
       0.23800D+03       0.39542D-01      -0.89420D-01       0.37553D+00       0.21727D+00
       0.23900D+03       0.39465D-01      -0.56608D-01       0.37551D+00       0.21686D+00
       0.24000D+03       0.39421D-01      -0.35581D-01       0.37545D+00       0.21605D+00
       0.24100D+03       0.39616D-01       0.14398D-01       0.37553D+00       0.21538D+00
       0.24200D+03       0.39553D-01       0.22643D-01       0.37550D+00       0.21506D+00
       0.24300D+03       0.39559D-01      -0.12351D-01       0.37558D+00       0.21500D+00
       0.24400D+03       0.39596D-01      -0.46811D-01       0.37553D+00       0.21600D+00
       0.24500D+03       0.39538D-01      -0.87476D-01       0.37551D+00       0.21568D+00
       0.24600D+03       0.39474D-01      -0.48178D-01       0.37551D+00       0.21535D+00
       0.24700D+03       0.39452D-01      -0.17794D-01       0.37545D+00       0.21480D+00
       0.24800D+03       0.39556D-01       0.20899D-01       0.37554D+00       0.21488D+00
       0.24900D+03       0.39486D-01       0.20793D-01       0.37551D+00       0.21434D+00
       0.25000D+03       0.39566D-01      -0.25420D-01       0.37558D+00       0.21402D+00
       0.25100D+03       0.39605D-01      -0.53142D-01       0.37553D+00       0.21486D+00
       0.25200D+03       0.39527D-01      -0.86728D-01       0.37550D+00       0.21415D+00
       0.25300D+03       0.39485D-01      -0.41605D-01       0.37551D+00       0.21388D+00
       0.25400D+03       0.39488D-01      -0.58022D-02       0.37546D+00       0.21325D+00
       0.25500D+03       0.39503D-01       0.21079D-01       0.37555D+00       0.21343D+00
       0.25600D+03       0.39431D-01       0.12542D-01       0.37552D+00       0.21334D+00
       0.25700D+03       0.39582D-01      -0.43847D-01       0.37558D+00       0.21319D+00
       0.25800D+03       0.39603D-01      -0.60957D-01       0.37552D+00       0.21264D+00
       0.25900D+03       0.39513D-01      -0.87219D-01       0.37549D+00       0.21218D+00
       0.26000D+03       0.39521D-01      -0.36166D-01       0.37551D+00       0.21169D+00
       0.26100D+03       0.39531D-01       0.52311D-03       0.37546D+00       0.21091D+00
       0.26200D+03       0.39478D-01       0.16056D-01       0.37555D+00       0.21347D+00
       0.26300D+03       0.39414D-01      -0.68233D-03       0.37553D+00       0.21284D+00
       0.26400D+03       0.39587D-01      -0.64249D-01       0.37557D+00       0.21243D+00
       0.26500D+03       0.39595D-01      -0.68988D-01       0.37552D+00       0.21209D+00
       0.26600D+03       0.39512D-01      -0.87291D-01       0.37548D+00       0.21166D+00
       0.26700D+03       0.39579D-01      -0.29944D-01       0.37551D+00       0.21108D+00
       0.26800D+03       0.39575D-01       0.39736D-02       0.37547D+00       0.21032D+00
       0.26900D+03       0.39487D-01       0.88804D-02       0.37556D+00       0.21168D+00
       0.27000D+03       0.39433D-01      -0.15439D-01       0.37553D+00       0.21093D+00
       0.27100D+03       0.39574D-01      -0.80972D-01       0.37556D+00       0.21402D+00
       0.27200D+03       0.39567D-01      -0.73668D-01       0.37552D+00       0.21365D+00
       0.27300D+03       0.39494D-01      -0.83032D-01       0.37547D+00       0.21301D+00
       0.27400D+03       0.39622D-01      -0.20740D-01       0.37552D+00       0.21252D+00
       0.27500D+03       0.39606D-01       0.80134D-02       0.37548D+00       0.21175D+00
       0.27600D+03       0.39509D-01       0.27453D-02       0.37556D+00       0.21321D+00
       0.27700D+03       0.39473D-01      -0.27974D-01       0.37553D+00       0.21356D+00
       0.27800D+03       0.39546D-01      -0.89606D-01       0.37555D+00       0.21550D+00
       0.27900D+03       0.39522D-01      -0.71704D-01       0.37551D+00       0.21483D+00
       0.28000D+03       0.39458D-01      -0.70846D-01       0.37547D+00       0.21432D+00
       0.28100D+03       0.39655D-01      -0.81356D-02       0.37552D+00       0.21424D+00
       0.28200D+03       0.39618D-01       0.13998D-01       0.37549D+00       0.21383D+00
       0.28300D+03       0.39540D-01      -0.14911D-02       0.37557D+00       0.21408D+00
       0.28400D+03       0.39530D-01      -0.36620D-01       0.37553D+00       0.21638D+00
       0.28500D+03       0.39562D-01      -0.90857D-01       0.37553D+00       0.21692D+00
       0.28600D+03       0.39512D-01      -0.64026D-01       0.37551D+00       0.21635D+00
       0.28700D+03       0.39466D-01      -0.51875D-01       0.37546D+00       0.21582D+00
       0.28800D+03       0.39664D-01       0.54610D-02       0.37552D+00       0.21540D+00
       0.28900D+03       0.39622D-01       0.20071D-01       0.37550D+00       0.21526D+00
       0.29000D+03       0.39582D-01      -0.61027D-02       0.37557D+00       0.21520D+00
       0.29100D+03       0.39604D-01      -0.42534D-01       0.37553D+00       0.21559D+00
       0.29200D+03       0.39600D-01      -0.88961D-01       0.37552D+00       0.21515D+00
       0.29300D+03       0.39536D-01      -0.54704D-01       0.37551D+00       0.21481D+00
       0.29400D+03       0.39507D-01      -0.31480D-01       0.37546D+00       0.21432D+00
       0.29500D+03       0.39649D-01       0.16259D-01       0.37553D+00       0.21450D+00
       0.29600D+03       0.39603D-01       0.22776D-01       0.37551D+00       0.21404D+00
       0.29700D+03       0.39621D-01      -0.14583D-01       0.37557D+00       0.21392D+00
       0.29800D+03       0.39653D-01      -0.48021D-01       0.37553D+00       0.21452D+00
       0.29900D+03       0.39595D-01      -0.87201D-01       0.37551D+00       0.21464D+00
       0.30000D+03       0.39548D-01      -0.46653D-01       0.37551D+00       0.21434D+00
       0.30100D+03       0.39537D-01      -0.14762D-01       0.37546D+00       0.21388D+00
       0.30200D+03       0.39603D-01       0.21456D-01       0.37554D+00       0.21421D+00
       0.30300D+03       0.39548D-01       0.19582D-01       0.37551D+00       0.21376D+00
       0.30400D+03       0.39627D-01      -0.28901D-01       0.37557D+00       0.21349D+00
       0.30500D+03       0.39659D-01      -0.54663D-01       0.37552D+00       0.21451D+00
       0.30600D+03       0.39591D-01      -0.86751D-01       0.37551D+00       0.21399D+00
       0.30700D+03       0.39567D-01      -0.40420D-01       0.37551D+00       0.21356D+00
       0.30800D+03       0.39569D-01      -0.40702D-02       0.37547D+00       0.21304D+00
       0.30900D+03       0.39569D-01       0.20379D-01       0.37554D+00       0.21320D+00
       0.31000D+03       0.39509D-01       0.10095D-01       0.37552D+00       0.21291D+00
       0.31100D+03       0.39635D-01      -0.48122D-01       0.37557D+00       0.21280D+00
       0.31200D+03       0.39659D-01      -0.62708D-01       0.37552D+00       0.21236D+00
       0.31300D+03       0.39590D-01      -0.87368D-01       0.37550D+00       0.21191D+00
       0.31400D+03       0.39612D-01      -0.35009D-01       0.37551D+00       0.21151D+00
       0.31500D+03       0.39619D-01       0.13588D-02       0.37547D+00       0.21087D+00
       0.31600D+03       0.39567D-01       0.14611D-01       0.37555D+00       0.21298D+00
       0.31700D+03       0.39515D-01      -0.37820D-02       0.37553D+00       0.21247D+00
       0.31800D+03       0.39657D-01      -0.68254D-01       0.37556D+00       0.21217D+00
       0.31900D+03       0.39661D-01      -0.70390D-01       0.37552D+00       0.21197D+00
       0.32000D+03       0.39592D-01      -0.86915D-01       0.37549D+00       0.21170D+00
       0.32100D+03       0.39650D-01      -0.28319D-01       0.37552D+00       0.21122D+00
       0.32200D+03       0.39644D-01       0.46778D-02       0.37548D+00       0.21057D+00
       0.32300D+03       0.39566D-01       0.74329D-02       0.37556D+00       0.21257D+00
       0.32400D+03       0.39524D-01      -0.18347D-01       0.37553D+00       0.21193D+00
       0.32500D+03       0.39635D-01      -0.83513D-01       0.37555D+00       0.21437D+00
       0.32600D+03       0.39626D-01      -0.73853D-01       0.37552D+00       0.21403D+00
       0.32700D+03       0.39565D-01      -0.81189D-01       0.37548D+00       0.21353D+00
       0.32800D+03       0.39690D-01      -0.18343D-01       0.37552D+00       0.21305D+00
       0.32900D+03       0.39676D-01       0.91223D-02       0.37549D+00       0.21241D+00
       0.33000D+03       0.39594D-01       0.17355D-02       0.37556D+00       0.21363D+00
       0.33100D+03       0.39568D-01      -0.30104D-01       0.37553D+00       0.21473D+00
       0.33200D+03       0.39610D-01      -0.90358D-01       0.37554D+00       0.21462D+00
       0.33300D+03       0.39586D-01      -0.70450D-01       0.37551D+00       0.21422D+00
       0.33400D+03       0.39532D-01      -0.67292D-01       0.37547D+00       0.21386D+00
       0.33500D+03       0.39700D-01      -0.52491D-02       0.37552D+00       0.21376D+00
       0.33600D+03       0.39667D-01       0.15371D-01       0.37549D+00       0.21312D+00
       0.33700D+03       0.39605D-01      -0.23070D-02       0.37556D+00       0.21329D+00
       0.33800D+03       0.39602D-01      -0.38008D-01       0.37553D+00       0.21522D+00
       0.33900D+03       0.39612D-01      -0.90576D-01       0.37553D+00       0.21565D+00
       0.34000D+03       0.39569D-01      -0.62075D-01       0.37551D+00       0.21526D+00
       0.34100D+03       0.39531D-01      -0.47523D-01       0.37547D+00       0.21484D+00
       0.34200D+03       0.39691D-01       0.80740D-02       0.37552D+00       0.21448D+00
       0.34300D+03       0.39652D-01       0.21028D-01       0.37550D+00       0.21433D+00
       0.34400D+03       0.39628D-01      -0.74547D-02       0.37556D+00       0.21431D+00
       0.34500D+03       0.39646D-01      -0.43647D-01       0.37553D+00       0.21449D+00
       0.34600D+03       0.39630D-01      -0.88516D-01       0.37552D+00       0.21412D+00
       0.34700D+03       0.39578D-01      -0.52865D-01       0.37551D+00       0.21377D+00
       0.34800D+03       0.39555D-01      -0.27551D-01       0.37547D+00       0.21335D+00
       0.34900D+03       0.39664D-01       0.17867D-01       0.37553D+00       0.21353D+00
       0.35000D+03       0.39619D-01       0.22643D-01       0.37551D+00       0.21313D+00
       0.35100D+03       0.39646D-01      -0.17081D-01       0.37557D+00       0.21296D+00
       0.35200D+03       0.39675D-01      -0.49285D-01       0.37553D+00       0.21345D+00
       0.35300D+03       0.39634D-01      -0.86987D-01       0.37551D+00       0.21371D+00
       0.35400D+03       0.39598D-01      -0.45212D-01       0.37551D+00       0.21333D+00
       0.35500D+03       0.39590D-01      -0.12004D-01       0.37547D+00       0.21296D+00
       0.35600D+03       0.39634D-01       0.21731D-01       0.37554D+00       0.21325D+00
       0.35700D+03       0.39586D-01       0.18088D-01       0.37552D+00       0.21289D+00
       0.35800D+03       0.39665D-01      -0.32608D-01       0.37556D+00       0.21283D+00
       0.35900D+03       0.39691D-01      -0.56253D-01       0.37552D+00       0.21352D+00
       0.36000D+03       0.39630D-01      -0.86828D-01       0.37551D+00       0.21305D+00
       0.36100D+03       0.39619D-01      -0.39276D-01       0.37551D+00       0.21269D+00
       0.36200D+03       0.39622D-01      -0.25781D-02       0.37548D+00       0.21225D+00
       0.36300D+03       0.39611D-01       0.19467D-01       0.37554D+00       0.21215D+00
       0.36400D+03       0.39561D-01       0.74485D-02       0.37552D+00       0.21192D+00
       0.36500D+03       0.39675D-01      -0.52445D-01       0.37556D+00       0.21170D+00
       0.36600D+03       0.39693D-01      -0.64453D-01       0.37552D+00       0.21135D+00
       0.36700D+03       0.39633D-01      -0.87480D-01       0.37550D+00       0.21097D+00
       0.36800D+03       0.39650D-01      -0.33797D-01       0.37552D+00       0.21060D+00
       0.36900D+03       0.39653D-01       0.21014D-02       0.37548D+00       0.21007D+00
       0.37000D+03       0.39602D-01       0.13104D-01       0.37555D+00       0.21188D+00
       0.37100D+03       0.39559D-01      -0.69112D-02       0.37553D+00       0.21145D+00
       0.37200D+03       0.39678D-01      -0.72037D-01       0.37555D+00       0.21136D+00
       0.37300D+03       0.39679D-01      -0.71604D-01       0.37552D+00       0.21125D+00
       0.37400D+03       0.39620D-01      -0.86305D-01       0.37549D+00       0.21094D+00
       0.37500D+03       0.39674D-01      -0.26542D-01       0.37552D+00       0.21053D+00
       0.37600D+03       0.39666D-01       0.54414D-02       0.37549D+00       0.20999D+00
       0.37700D+03       0.39597D-01       0.60609D-02       0.37555D+00       0.21104D+00
       0.37800D+03       0.39564D-01      -0.21122D-01       0.37553D+00       0.21050D+00
       0.37900D+03       0.39649D-01      -0.85663D-01       0.37555D+00       0.21176D+00
       0.38000D+03       0.39644D-01      -0.73718D-01       0.37552D+00       0.21137D+00
       0.38100D+03       0.39592D-01      -0.78966D-01       0.37549D+00       0.21094D+00
       0.38200D+03       0.39707D-01      -0.15798D-01       0.37552D+00       0.21062D+00
       0.38300D+03       0.39693D-01       0.10322D-01       0.37549D+00       0.21020D+00
       0.38400D+03       0.39625D-01       0.80995D-03       0.37556D+00       0.21131D+00
       0.38500D+03       0.39607D-01      -0.32055D-01       0.37553D+00       0.21226D+00
       0.38600D+03       0.39641D-01      -0.90809D-01       0.37554D+00       0.21357D+00
       0.38700D+03       0.39615D-01      -0.68970D-01       0.37552D+00       0.21330D+00
       0.38800D+03       0.39570D-01      -0.63469D-01       0.37548D+00       0.21298D+00
       0.38900D+03       0.39720D-01      -0.23493D-02       0.37552D+00       0.21280D+00
       0.39000D+03       0.39689D-01       0.16722D-01       0.37550D+00       0.21225D+00
       0.39100D+03       0.39641D-01      -0.31692D-02       0.37556D+00       0.21183D+00
       0.39200D+03       0.39642D-01      -0.39295D-01       0.37553D+00       0.21172D+00
       0.39300D+03       0.39655D-01      -0.90203D-01       0.37553D+00       0.21140D+00
       0.39400D+03       0.39610D-01      -0.60096D-01       0.37551D+00       0.21114D+00
       0.39500D+03       0.39579D-01      -0.43167D-01       0.37548D+00       0.21072D+00
       0.39600D+03       0.39711D-01       0.10527D-01       0.37553D+00       0.21033D+00
       0.39700D+03       0.39676D-01       0.21802D-01       0.37551D+00       0.21009D+00
       0.39800D+03       0.39663D-01      -0.90107D-02       0.37556D+00       0.21007D+00
       0.39900D+03       0.39682D-01      -0.44765D-01       0.37553D+00       0.21080D+00
       0.40000D+03       0.39659D-01      -0.88101D-01       0.37552D+00       0.21047D+00
       0.40100D+03       0.39615D-01      -0.51103D-01       0.37551D+00       0.21013D+00
       0.40200D+03       0.39598D-01      -0.23827D-01       0.37548D+00       0.20979D+00
       0.40300D+03       0.39681D-01       0.19207D-01       0.37553D+00       0.20996D+00
       0.40400D+03       0.39640D-01       0.22231D-01       0.37551D+00       0.20963D+00
       0.40500D+03       0.39671D-01      -0.19849D-01       0.37556D+00       0.20948D+00
       0.40600D+03       0.39700D-01      -0.50613D-01       0.37553D+00       0.21004D+00
       0.40700D+03       0.39659D-01      -0.86837D-01       0.37551D+00       0.21022D+00
       0.40800D+03       0.39622D-01      -0.43851D-01       0.37552D+00       0.20991D+00
       0.40900D+03       0.39616D-01      -0.95267D-02       0.37548D+00       0.20960D+00
       0.41000D+03       0.39643D-01       0.21729D-01       0.37554D+00       0.20977D+00
       0.41100D+03       0.39602D-01       0.16320D-01       0.37552D+00       0.20972D+00
       0.41200D+03       0.39680D-01      -0.36514D-01       0.37556D+00       0.20967D+00
       0.41300D+03       0.39701D-01      -0.57905D-01       0.37552D+00       0.21000D+00
       0.41400D+03       0.39646D-01      -0.86947D-01       0.37551D+00       0.20972D+00
       0.41500D+03       0.39647D-01      -0.38156D-01       0.37552D+00       0.20941D+00
       0.41600D+03       0.39650D-01      -0.13020D-02       0.37548D+00       0.20892D+00
       0.41700D+03       0.39633D-01       0.18369D-01       0.37554D+00       0.21070D+00
       0.41800D+03       0.39593D-01       0.46327D-02       0.37552D+00       0.21051D+00
       0.41900D+03       0.39698D-01      -0.56763D-01       0.37556D+00       0.21020D+00
       0.42000D+03       0.39712D-01      -0.66161D-01       0.37552D+00       0.20990D+00
       0.42100D+03       0.39659D-01      -0.87520D-01       0.37550D+00       0.20956D+00
       0.42200D+03       0.39687D-01      -0.32505D-01       0.37552D+00       0.20920D+00
       0.42300D+03       0.39689D-01       0.27872D-02       0.37549D+00       0.20874D+00
       0.42400D+03       0.39642D-01       0.11571D-01       0.37555D+00       0.20960D+00
       0.42500D+03       0.39604D-01      -0.10031D-01       0.37553D+00       0.20913D+00
       0.42600D+03       0.39707D-01      -0.75546D-01       0.37555D+00       0.21188D+00
       0.42700D+03       0.39706D-01      -0.72589D-01       0.37552D+00       0.21225D+00
       0.42800D+03       0.39656D-01      -0.85416D-01       0.37550D+00       0.21182D+00
       0.42900D+03       0.39719D-01      -0.24601D-01       0.37552D+00       0.21155D+00
       0.43000D+03       0.39711D-01       0.62841D-02       0.37549D+00       0.21116D+00
       0.43100D+03       0.39650D-01       0.47792D-02       0.37555D+00       0.21209D+00
       0.43200D+03       0.39621D-01      -0.23742D-01       0.37553D+00       0.21161D+00
       0.43300D+03       0.39682D-01      -0.87418D-01       0.37554D+00       0.21265D+00
       0.43400D+03       0.39675D-01      -0.73262D-01       0.37552D+00       0.21227D+00
       0.43500D+03       0.39630D-01      -0.76363D-01       0.37549D+00       0.21197D+00
       0.43600D+03       0.39742D-01      -0.13124D-01       0.37552D+00       0.21185D+00
       0.43700D+03       0.39727D-01       0.11600D-01       0.37550D+00       0.21148D+00
       0.43800D+03       0.39671D-01      -0.49459D-04       0.37555D+00       0.21246D+00
       0.43900D+03       0.39659D-01      -0.33834D-01       0.37553D+00       0.21394D+00
       0.44000D+03       0.39687D-01      -0.91004D-01       0.37553D+00       0.21445D+00
       0.44100D+03       0.39662D-01      -0.67305D-01       0.37552D+00       0.21422D+00
       0.44200D+03       0.39624D-01      -0.59426D-01       0.37549D+00       0.21394D+00
       0.44300D+03       0.39756D-01       0.52646D-03       0.37552D+00       0.21380D+00
       0.44400D+03       0.39727D-01       0.18017D-01       0.37550D+00       0.21332D+00
       0.44500D+03       0.39690D-01      -0.41133D-02       0.37555D+00       0.21295D+00
       0.44600D+03       0.39695D-01      -0.40504D-01       0.37553D+00       0.21288D+00
       0.44700D+03       0.39695D-01      -0.89773D-01       0.37553D+00       0.21270D+00
       0.44800D+03       0.39655D-01      -0.58122D-01       0.37552D+00       0.21244D+00
       0.44900D+03       0.39629D-01      -0.38862D-01       0.37548D+00       0.21203D+00
       0.45000D+03       0.39739D-01       0.12789D-01       0.37553D+00       0.21168D+00
       0.45100D+03       0.39706D-01       0.22365D-01       0.37551D+00       0.21151D+00
       0.45200D+03       0.39702D-01      -0.10795D-01       0.37556D+00       0.21149D+00
       0.45300D+03       0.39721D-01      -0.45903D-01       0.37553D+00       0.21185D+00
       0.45400D+03       0.39694D-01      -0.87730D-01       0.37552D+00       0.21154D+00
       0.45500D+03       0.39656D-01      -0.49424D-01       0.37552D+00       0.21137D+00
       0.45600D+03       0.39642D-01      -0.20335D-01       0.37548D+00       0.21105D+00
       0.45700D+03       0.39706D-01       0.20269D-01       0.37553D+00       0.21109D+00
       0.45800D+03       0.39668D-01       0.21534D-01       0.37552D+00       0.21080D+00
       0.45900D+03       0.39705D-01      -0.22883D-01       0.37556D+00       0.21065D+00
       0.46000D+03       0.39726D-01      -0.52008D-01       0.37553D+00       0.21088D+00
       0.46100D+03       0.39686D-01      -0.86751D-01       0.37551D+00       0.21053D+00
       0.46200D+03       0.39657D-01      -0.42562D-01       0.37552D+00       0.21032D+00
       0.46300D+03       0.39655D-01      -0.73262D-02       0.37549D+00       0.21002D+00
       0.46400D+03       0.39673D-01       0.21461D-01       0.37554D+00       0.21020D+00
       0.46500D+03       0.39633D-01       0.14289D-01       0.37552D+00       0.21015D+00
       0.46600D+03       0.39710D-01      -0.40589D-01       0.37555D+00       0.21010D+00
       0.46700D+03       0.39723D-01      -0.59608D-01       0.37552D+00       0.20979D+00
       0.46800D+03       0.39672D-01      -0.87095D-01       0.37551D+00       0.20954D+00
       0.46900D+03       0.39669D-01      -0.37042D-01       0.37552D+00       0.20917D+00
       0.47000D+03       0.39672D-01      -0.21365D-03       0.37549D+00       0.20874D+00
       0.47100D+03       0.39650D-01       0.17116D-01       0.37554D+00       0.20971D+00
       0.47200D+03       0.39614D-01       0.16816D-02       0.37553D+00       0.20957D+00
       0.47300D+03       0.39709D-01      -0.61020D-01       0.37555D+00       0.20931D+00
       0.47400D+03       0.39714D-01      -0.67794D-01       0.37552D+00       0.20912D+00
       0.47500D+03       0.39668D-01      -0.87450D-01       0.37550D+00       0.20890D+00
       0.47600D+03       0.39691D-01      -0.31112D-01       0.37552D+00       0.20858D+00
       0.47700D+03       0.39691D-01       0.34513D-02       0.37549D+00       0.20815D+00
       0.47800D+03       0.39646D-01       0.10045D-01       0.37554D+00       0.20892D+00
       0.47900D+03       0.39614D-01      -0.13105D-01       0.37553D+00       0.20850D+00
       0.48000D+03       0.39699D-01      -0.78737D-01       0.37555D+00       0.21036D+00
       0.48100D+03       0.39696D-01      -0.73309D-01       0.37552D+00       0.21009D+00
       0.48200D+03       0.39654D-01      -0.84210D-01       0.37550D+00       0.20969D+00
       0.48300D+03       0.39724D-01      -0.22494D-01       0.37552D+00       0.20944D+00
       0.48400D+03       0.39716D-01       0.72189D-02       0.37550D+00       0.20901D+00
       0.48500D+03       0.39661D-01       0.35959D-02       0.37555D+00       0.20984D+00
       0.48600D+03       0.39638D-01      -0.26193D-01       0.37553D+00       0.21005D+00
       0.48700D+03       0.39688D-01      -0.88791D-01       0.37554D+00       0.21052D+00
       0.48800D+03       0.39679D-01      -0.72498D-01       0.37552D+00       0.21021D+00
       0.48900D+03       0.39641D-01      -0.73392D-01       0.37549D+00       0.20996D+00
       0.49000D+03       0.39743D-01      -0.10347D-01       0.37552D+00       0.20984D+00
       0.49100D+03       0.39728D-01       0.12936D-01       0.37550D+00       0.20961D+00
       0.49200D+03       0.39680D-01      -0.86670D-03       0.37555D+00       0.20974D+00
       0.49300D+03       0.39672D-01      -0.35456D-01       0.37553D+00       0.21106D+00
       0.49400D+03       0.39686D-01      -0.90987D-01       0.37553D+00       0.21208D+00
       0.49500D+03       0.39659D-01      -0.65499D-01       0.37552D+00       0.21189D+00
       0.49600D+03       0.39628D-01      -0.55220D-01       0.37549D+00       0.21160D+00
       0.49700D+03       0.39746D-01       0.33403D-02       0.37552D+00       0.21149D+00
       0.49800D+03       0.39718D-01       0.19220D-01       0.37551D+00       0.21140D+00
       0.49900D+03       0.39690D-01      -0.51747D-02       0.37555D+00       0.21112D+00
       0.50000D+03       0.39698D-01      -0.41659D-01       0.37553D+00       0.21106D+00
       0.50100D+03       0.39689D-01      -0.89317D-01       0.37553D+00       0.21089D+00
       0.50200D+03       0.39652D-01      -0.56179D-01       0.37552D+00       0.21069D+00
       0.50300D+03       0.39630D-01      -0.34655D-01       0.37549D+00       0.21032D+00
       0.50400D+03       0.39722D-01       0.14834D-01       0.37553D+00       0.21002D+00
       0.50500D+03       0.39691D-01       0.22695D-01       0.37551D+00       0.20988D+00
       0.50600D+03       0.39696D-01      -0.12825D-01       0.37555D+00       0.20969D+00
       0.50700D+03       0.39714D-01      -0.47076D-01       0.37553D+00       0.21018D+00
       0.50800D+03       0.39684D-01      -0.87410D-01       0.37552D+00       0.21004D+00
       0.50900D+03       0.39653D-01      -0.47831D-01       0.37552D+00       0.20989D+00
       0.51000D+03       0.39645D-01      -0.17095D-01       0.37549D+00       0.20964D+00
       0.51100D+03       0.39691D-01       0.21048D-01       0.37553D+00       0.20969D+00
       0.51200D+03       0.39656D-01       0.20548D-01       0.37552D+00       0.20943D+00
       0.51300D+03       0.39697D-01      -0.26174D-01       0.37555D+00       0.20929D+00
       0.51400D+03       0.39716D-01      -0.53475D-01       0.37553D+00       0.20981D+00
       0.51500D+03       0.39677D-01      -0.86728D-01       0.37551D+00       0.20947D+00
       0.51600D+03       0.39657D-01      -0.41337D-01       0.37552D+00       0.20935D+00
       0.51700D+03       0.39658D-01      -0.53947D-02       0.37549D+00       0.20905D+00
       0.51800D+03       0.39664D-01       0.20943D-01       0.37554D+00       0.20915D+00
       0.51900D+03       0.39628D-01       0.12016D-01       0.37552D+00       0.20911D+00
       0.52000D+03       0.39699D-01      -0.44793D-01       0.37555D+00       0.20904D+00
       0.52100D+03       0.39714D-01      -0.61346D-01       0.37552D+00       0.20877D+00
       0.52200D+03       0.39668D-01      -0.87253D-01       0.37551D+00       0.20854D+00
       0.52300D+03       0.39674D-01      -0.35912D-01       0.37552D+00       0.20831D+00
       0.52400D+03       0.39679D-01       0.71912D-03       0.37549D+00       0.20792D+00
       0.52500D+03       0.39651D-01       0.15741D-01       0.37554D+00       0.20921D+00
       0.52600D+03       0.39619D-01      -0.13681D-02       0.37553D+00       0.20888D+00
       0.52700D+03       0.39705D-01      -0.65157D-01       0.37555D+00       0.20867D+00
       0.52800D+03       0.39709D-01      -0.69314D-01       0.37552D+00       0.20851D+00
       0.52900D+03       0.39666D-01      -0.87225D-01       0.37550D+00       0.20830D+00
       0.53000D+03       0.39702D-01      -0.29595D-01       0.37552D+00       0.20802D+00
       0.53100D+03       0.39700D-01       0.41265D-02       0.37550D+00       0.20764D+00
       0.53200D+03       0.39655D-01       0.85525D-02       0.37554D+00       0.20833D+00
       0.53300D+03       0.39628D-01      -0.16097D-01       0.37553D+00       0.20795D+00
       0.53400D+03       0.39702D-01      -0.81572D-01       0.37554D+00       0.20945D+00
       0.53500D+03       0.39697D-01      -0.73736D-01       0.37552D+00       0.20926D+00
       0.53600D+03       0.39660D-01      -0.82654D-01       0.37550D+00       0.20891D+00
       0.53700D+03       0.39728D-01      -0.20220D-01       0.37552D+00       0.20867D+00
       0.53800D+03       0.39720D-01       0.82520D-02       0.37550D+00       0.20828D+00
       0.53900D+03       0.39669D-01       0.25124D-02       0.37555D+00       0.20904D+00
       0.54000D+03       0.39651D-01      -0.28464D-01       0.37553D+00       0.20922D+00
       0.54100D+03       0.39685D-01      -0.89802D-01       0.37554D+00       0.21023D+00
       0.54200D+03       0.39672D-01      -0.71446D-01       0.37552D+00       0.20996D+00
       0.54300D+03       0.39639D-01      -0.70080D-01       0.37549D+00       0.20972D+00
       0.54400D+03       0.39742D-01      -0.74958D-02       0.37552D+00       0.20970D+00
       0.54500D+03       0.39722D-01       0.14304D-01       0.37551D+00       0.20948D+00
       0.54600D+03       0.39682D-01      -0.16706D-02       0.37555D+00       0.20958D+00
       0.54700D+03       0.39677D-01      -0.36939D-01       0.37553D+00       0.21078D+00
       0.54800D+03       0.39691D-01      -0.90805D-01       0.37553D+00       0.21107D+00
       0.54900D+03       0.39665D-01      -0.63596D-01       0.37552D+00       0.21079D+00
       0.55000D+03       0.39640D-01      -0.50909D-01       0.37549D+00       0.21052D+00
       0.55100D+03       0.39743D-01       0.60551D-02       0.37552D+00       0.21032D+00
       0.55200D+03       0.39721D-01       0.20298D-01       0.37551D+00       0.21025D+00
       0.55300D+03       0.39701D-01      -0.63875D-02       0.37555D+00       0.21025D+00
       0.55400D+03       0.39710D-01      -0.42783D-01       0.37553D+00       0.21046D+00
       0.55500D+03       0.39706D-01      -0.88860D-01       0.37552D+00       0.21024D+00
       0.55600D+03       0.39672D-01      -0.54288D-01       0.37552D+00       0.21007D+00
       0.55700D+03       0.39657D-01      -0.30589D-01       0.37549D+00       0.20982D+00
       0.55800D+03       0.39731D-01       0.16640D-01       0.37553D+00       0.20993D+00
       0.55900D+03       0.39704D-01       0.22770D-01       0.37552D+00       0.20970D+00
       0.56000D+03       0.39715D-01      -0.15116D-01       0.37555D+00       0.20962D+00
       0.56100D+03       0.39732D-01      -0.48297D-01       0.37553D+00       0.20994D+00
       0.56200D+03       0.39700D-01      -0.87148D-01       0.37552D+00       0.21001D+00
       0.56300D+03       0.39676D-01      -0.46325D-01       0.37552D+00       0.20986D+00
       0.56400D+03       0.39670D-01      -0.14123D-01       0.37549D+00       0.20962D+00
       0.56500D+03       0.39703D-01       0.21542D-01       0.37553D+00       0.20981D+00
       0.56600D+03       0.39673D-01       0.19274D-01       0.37552D+00       0.20958D+00
       0.56700D+03       0.39718D-01      -0.29708D-01       0.37555D+00       0.20944D+00
       0.56800D+03       0.39734D-01      -0.55012D-01       0.37553D+00       0.20989D+00
       0.56900D+03       0.39697D-01      -0.86764D-01       0.37551D+00       0.20962D+00
       0.57000D+03       0.39685D-01      -0.40163D-01       0.37552D+00       0.20940D+00
       0.57100D+03       0.39687D-01      -0.37179D-02       0.37549D+00       0.20912D+00
       0.57200D+03       0.39685D-01       0.20193D-01       0.37554D+00       0.20922D+00
       0.57300D+03       0.39652D-01       0.95220D-02       0.37552D+00       0.20907D+00
       0.57400D+03       0.39722D-01      -0.49083D-01       0.37555D+00       0.20902D+00
       0.57500D+03       0.39734D-01      -0.63099D-01       0.37552D+00       0.20878D+00
       0.57600D+03       0.39696D-01      -0.87397D-01       0.37551D+00       0.20854D+00
       0.57700D+03       0.39710D-01      -0.34745D-01       0.37552D+00       0.20832D+00
       0.57800D+03       0.39713D-01       0.15309D-02       0.37550D+00       0.20797D+00
       0.57900D+03       0.39684D-01       0.14279D-01       0.37554D+00       0.20913D+00
       0.58000D+03       0.39655D-01      -0.44777D-02       0.37553D+00       0.20886D+00
       0.58100D+03       0.39733D-01      -0.69117D-01       0.37554D+00       0.20878D+00
       0.58200D+03       0.39735D-01      -0.70678D-01       0.37552D+00       0.20878D+00
       0.58300D+03       0.39696D-01      -0.86801D-01       0.37551D+00       0.20863D+00
       0.58400D+03       0.39731D-01      -0.27937D-01       0.37552D+00       0.20837D+00
       0.58500D+03       0.39727D-01       0.48419D-02       0.37550D+00       0.20802D+00
       0.58600D+03       0.39684D-01       0.71202D-02       0.37554D+00       0.20913D+00
       0.58700D+03       0.39661D-01      -0.18977D-01       0.37553D+00       0.20879D+00
       0.58800D+03       0.39720D-01      -0.84026D-01       0.37554D+00       0.21014D+00
       0.58900D+03       0.39714D-01      -0.73851D-01       0.37552D+00       0.20996D+00
       0.59000D+03       0.39681D-01      -0.80727D-01       0.37550D+00       0.20968D+00
       0.59100D+03       0.39752D-01      -0.17788D-01       0.37552D+00       0.20943D+00
       0.59200D+03       0.39744D-01       0.93821D-02       0.37550D+00       0.20908D+00
       0.59300D+03       0.39699D-01       0.15226D-02       0.37554D+00       0.20980D+00
       0.59400D+03       0.39685D-01      -0.30554D-01       0.37553D+00       0.21043D+00
       0.59500D+03       0.39707D-01      -0.90483D-01       0.37553D+00       0.21037D+00
       0.59600D+03       0.39692D-01      -0.70139D-01       0.37552D+00       0.21015D+00
       0.59700D+03       0.39662D-01      -0.66462D-01       0.37550D+00       0.20995D+00
       0.59800D+03       0.39757D-01      -0.46031D-02       0.37552D+00       0.20991D+00
       0.59900D+03       0.39738D-01       0.15675D-01       0.37551D+00       0.20956D+00
       0.60000D+03       0.39704D-01      -0.24938D-02       0.37555D+00       0.20965D+00
       0.60100D+03       0.39702D-01      -0.38302D-01       0.37553D+00       0.21075D+00
       0.60200D+03       0.39706D-01      -0.90500D-01       0.37553D+00       0.21100D+00
       0.60300D+03       0.39681D-01      -0.61635D-01       0.37552D+00       0.21079D+00
       0.60400D+03       0.39660D-01      -0.46551D-01       0.37549D+00       0.21056D+00
       0.60500D+03       0.39749D-01       0.86352D-02       0.37553D+00       0.21037D+00
       0.60600D+03       0.39727D-01       0.21217D-01       0.37551D+00       0.21029D+00
       0.60700D+03       0.39715D-01      -0.77826D-02       0.37555D+00       0.21029D+00
       0.60800D+03       0.39725D-01      -0.43895D-01       0.37553D+00       0.21104D+00
       0.60900D+03       0.39715D-01      -0.88420D-01       0.37552D+00       0.21130D+00
       0.61000D+03       0.39685D-01      -0.52466D-01       0.37552D+00       0.21111D+00
       0.61100D+03       0.39672D-01      -0.26703D-01       0.37549D+00       0.21088D+00
       0.61200D+03       0.39732D-01       0.18189D-01       0.37553D+00       0.21098D+00
       0.61300D+03       0.39706D-01       0.22575D-01       0.37552D+00       0.21076D+00
       0.61400D+03       0.39723D-01      -0.17675D-01       0.37555D+00       0.21066D+00
       0.61500D+03       0.39740D-01      -0.49575D-01       0.37553D+00       0.21095D+00
       0.61600D+03       0.39715D-01      -0.86948D-01       0.37552D+00       0.21110D+00
       0.61700D+03       0.39688D-01      -0.44902D-01       0.37552D+00       0.21088D+00
       0.61800D+03       0.39683D-01      -0.11428D-01       0.37550D+00       0.21067D+00
       0.61900D+03       0.39706D-01       0.21754D-01       0.37553D+00       0.21085D+00
       0.62000D+03       0.39679D-01       0.17718D-01       0.37552D+00       0.21064D+00
       0.62100D+03       0.39725D-01      -0.33461D-01       0.37555D+00       0.21061D+00
       0.62200D+03       0.39740D-01      -0.56616D-01       0.37552D+00       0.21058D+00
       0.62300D+03       0.39705D-01      -0.86851D-01       0.37551D+00       0.21030D+00
       0.62400D+03       0.39700D-01      -0.39025D-01       0.37552D+00       0.21010D+00
       0.62500D+03       0.39701D-01      -0.22762D-02       0.37550D+00       0.20985D+00
       0.62600D+03       0.39694D-01       0.19237D-01       0.37554D+00       0.20979D+00
       0.62700D+03       0.39664D-01       0.68349D-02       0.37552D+00       0.20966D+00
       0.62800D+03       0.39731D-01      -0.53409D-01       0.37555D+00       0.20953D+00
       0.62900D+03       0.39741D-01      -0.64838D-01       0.37552D+00       0.20933D+00
       0.63000D+03       0.39706D-01      -0.87496D-01       0.37551D+00       0.20911D+00
       0.63100D+03       0.39718D-01      -0.33517D-01       0.37552D+00       0.20891D+00
       0.63200D+03       0.39719D-01       0.22578D-02       0.37550D+00       0.20859D+00
       0.63300D+03       0.39689D-01       0.12764D-01       0.37554D+00       0.20966D+00
       0.63400D+03       0.39664D-01      -0.76082D-02       0.37553D+00       0.20955D+00
       0.63500D+03       0.39732D-01      -0.72844D-01       0.37554D+00       0.21017D+00
       0.63600D+03       0.39733D-01      -0.71844D-01       0.37552D+00       0.21010D+00
       0.63700D+03       0.39698D-01      -0.86133D-01       0.37551D+00       0.20992D+00
       0.63800D+03       0.39732D-01      -0.26124D-01       0.37552D+00       0.20968D+00
       0.63900D+03       0.39728D-01       0.56217D-02       0.37550D+00       0.20936D+00
       0.64000D+03       0.39687D-01       0.57672D-02       0.37554D+00       0.20998D+00
       0.64100D+03       0.39667D-01      -0.21719D-01       0.37553D+00       0.20966D+00
       0.64200D+03       0.39714D-01      -0.86088D-01       0.37554D+00       0.21037D+00
       0.64300D+03       0.39711D-01      -0.73644D-01       0.37552D+00       0.21015D+00
       0.64400D+03       0.39680D-01      -0.78419D-01       0.37550D+00       0.20989D+00
       0.64500D+03       0.39750D-01      -0.15213D-01       0.37552D+00       0.20978D+00
       0.64600D+03       0.39741D-01       0.10601D-01       0.37551D+00       0.20953D+00
       0.64700D+03       0.39701D-01       0.61359D-03       0.37554D+00       0.21020D+00
       0.64800D+03       0.39691D-01      -0.32465D-01       0.37553D+00       0.21076D+00
       0.64900D+03       0.39709D-01      -0.90873D-01       0.37553D+00       0.21154D+00
       0.65000D+03       0.39693D-01      -0.68614D-01       0.37552D+00       0.21138D+00
       0.65100D+03       0.39666D-01      -0.62585D-01       0.37550D+00       0.21119D+00
       0.65200D+03       0.39756D-01      -0.17054D-02       0.37552D+00       0.21109D+00
       0.65300D+03       0.39737D-01       0.17017D-01       0.37551D+00       0.21077D+00
       0.65400D+03       0.39709D-01      -0.33711D-02       0.37554D+00       0.21052D+00
       0.65500D+03       0.39710D-01      -0.39570D-01       0.37553D+00       0.21046D+00
       0.65600D+03       0.39716D-01      -0.90111D-01       0.37553D+00       0.21026D+00
       0.65700D+03       0.39688D-01      -0.59655D-01       0.37552D+00       0.21011D+00
       0.65800D+03       0.39670D-01      -0.42202D-01       0.37550D+00       0.20986D+00
       0.65900D+03       0.39749D-01       0.11048D-01       0.37553D+00       0.20963D+00
       0.66000D+03       0.39727D-01       0.21946D-01       0.37551D+00       0.20949D+00
       0.66100D+03       0.39720D-01      -0.93875D-02       0.37555D+00       0.20948D+00
       0.66200D+03       0.39732D-01      -0.45016D-01       0.37553D+00       0.20995D+00
       0.66300D+03       0.39717D-01      -0.88015D-01       0.37552D+00       0.20975D+00
       0.66400D+03       0.39690D-01      -0.50721D-01       0.37552D+00       0.20955D+00
       0.66500D+03       0.39680D-01      -0.23029D-01       0.37550D+00       0.20934D+00
       0.66600D+03       0.39729D-01       0.19467D-01       0.37553D+00       0.20936D+00
       0.66700D+03       0.39704D-01       0.22101D-01       0.37552D+00       0.20916D+00
       0.66800D+03       0.39724D-01      -0.20502D-01       0.37555D+00       0.20907D+00
       0.66900D+03       0.39738D-01      -0.50917D-01       0.37553D+00       0.20941D+00
       0.67000D+03       0.39712D-01      -0.86812D-01       0.37552D+00       0.20951D+00
       0.67100D+03       0.39690D-01      -0.43558D-01       0.37552D+00       0.20933D+00
       0.67200D+03       0.39688D-01      -0.90128D-02       0.37550D+00       0.20915D+00
       0.67300D+03       0.39705D-01       0.21692D-01       0.37553D+00       0.20928D+00
       0.67400D+03       0.39678D-01       0.15889D-01       0.37552D+00       0.20925D+00
       0.67500D+03       0.39727D-01      -0.37408D-01       0.37555D+00       0.20922D+00
       0.67600D+03       0.39740D-01      -0.58280D-01       0.37552D+00       0.20942D+00
       0.67700D+03       0.39706D-01      -0.86978D-01       0.37551D+00       0.20924D+00
       0.67800D+03       0.39707D-01      -0.37908D-01       0.37552D+00       0.20905D+00
       0.67900D+03       0.39709D-01      -0.10445D-02       0.37550D+00       0.20876D+00
       0.68000D+03       0.39698D-01       0.18102D-01       0.37554D+00       0.20985D+00
       0.68100D+03       0.39673D-01       0.39859D-02       0.37552D+00       0.20973D+00
       0.68200D+03       0.39738D-01      -0.57718D-01       0.37554D+00       0.20954D+00
       0.68300D+03       0.39747D-01      -0.66532D-01       0.37552D+00       0.20943D+00
       0.68400D+03       0.39714D-01      -0.87515D-01       0.37551D+00       0.20924D+00
       0.68500D+03       0.39733D-01      -0.32204D-01       0.37552D+00       0.20902D+00
       0.68600D+03       0.39734D-01       0.29357D-02       0.37550D+00       0.20874D+00
       0.68700D+03       0.39704D-01       0.11230D-01       0.37554D+00       0.20927D+00
       0.68800D+03       0.39681D-01      -0.10721D-01       0.37553D+00       0.20898D+00
       0.68900D+03       0.39743D-01      -0.76286D-01       0.37554D+00       0.21068D+00
       0.69000D+03       0.39743D-01      -0.72773D-01       0.37552D+00       0.21090D+00
       0.69100D+03       0.39711D-01      -0.85176D-01       0.37551D+00       0.21063D+00
       0.69200D+03       0.39752D-01      -0.24147D-01       0.37552D+00       0.21040D+00
       0.69300D+03       0.39747D-01       0.64840D-02       0.37551D+00       0.21010D+00
       0.69400D+03       0.39709D-01       0.45070D-02       0.37554D+00       0.21067D+00
       0.69500D+03       0.39691D-01      -0.24303D-01       0.37553D+00       0.21038D+00
       0.69600D+03       0.39728D-01      -0.87757D-01       0.37554D+00       0.21102D+00
       0.69700D+03       0.39723D-01      -0.73118D-01       0.37552D+00       0.21079D+00
       0.69800D+03       0.39695D-01      -0.75732D-01       0.37550D+00       0.21060D+00
       0.69900D+03       0.39763D-01      -0.12514D-01       0.37552D+00       0.21051D+00
       0.70000D+03       0.39753D-01       0.11893D-01       0.37551D+00       0.21027D+00
       0.70100D+03       0.39718D-01      -0.23415D-03       0.37554D+00       0.21089D+00
       0.70200D+03       0.39711D-01      -0.34209D-01       0.37553D+00       0.21182D+00
       0.70300D+03       0.39727D-01      -0.91017D-01       0.37553D+00       0.21255D+00
       0.70400D+03       0.39711D-01      -0.66914D-01       0.37552D+00       0.21238D+00
       0.70500D+03       0.39687D-01      -0.58501D-01       0.37550D+00       0.21220D+00
       0.70600D+03       0.39770D-01       0.11598D-02       0.37552D+00       0.21211D+00
       0.70700D+03       0.39751D-01       0.18294D-01       0.37551D+00       0.21181D+00
       0.70800D+03       0.39729D-01      -0.43383D-02       0.37554D+00       0.21159D+00
       0.70900D+03       0.39733D-01      -0.40765D-01       0.37553D+00       0.21155D+00
       0.71000D+03       0.39731D-01      -0.89673D-01       0.37553D+00       0.21144D+00
       0.71100D+03       0.39705D-01      -0.57685D-01       0.37552D+00       0.21131D+00
       0.71200D+03       0.39689D-01      -0.37915D-01       0.37550D+00       0.21105D+00
       0.71300D+03       0.39758D-01       0.13264D-01       0.37553D+00       0.21083D+00
       0.71400D+03       0.39737D-01       0.22460D-01       0.37552D+00       0.21072D+00
       0.71500D+03       0.39736D-01      -0.11225D-01       0.37554D+00       0.21071D+00
       0.71600D+03       0.39747D-01      -0.46161D-01       0.37553D+00       0.21094D+00
       0.71700D+03       0.39729D-01      -0.87654D-01       0.37552D+00       0.21084D+00
       0.71800D+03       0.39706D-01      -0.49061D-01       0.37552D+00       0.21073D+00
       0.71900D+03       0.39697D-01      -0.19591D-01       0.37550D+00       0.21054D+00
       0.72000D+03       0.39737D-01       0.20467D-01       0.37553D+00       0.21057D+00
       0.72100D+03       0.39712D-01       0.21339D-01       0.37552D+00       0.21039D+00
       0.72200D+03       0.39737D-01      -0.23594D-01       0.37554D+00       0.21029D+00
       0.72300D+03       0.39750D-01      -0.52329D-01       0.37553D+00       0.21044D+00
       0.72400D+03       0.39724D-01      -0.86741D-01       0.37552D+00       0.21021D+00
       0.72500D+03       0.39707D-01      -0.42284D-01       0.37552D+00       0.21016D+00
       0.72600D+03       0.39705D-01      -0.68732D-02       0.37550D+00       0.21000D+00
       0.72700D+03       0.39715D-01       0.21367D-01       0.37553D+00       0.21007D+00
       0.72800D+03       0.39690D-01       0.13803D-01       0.37552D+00       0.21004D+00
       0.72900D+03       0.39740D-01      -0.41515D-01       0.37554D+00       0.21000D+00
       0.73000D+03       0.39748D-01      -0.59993D-01       0.37552D+00       0.20982D+00
       0.73100D+03       0.39715D-01      -0.87131D-01       0.37551D+00       0.20966D+00
       0.73200D+03       0.39714D-01      -0.36792D-01       0.37552D+00       0.20943D+00
       0.73300D+03       0.39716D-01       0.63738D-05       0.37550D+00       0.20915D+00
       0.73400D+03       0.39701D-01       0.16819D-01       0.37554D+00       0.21007D+00
       0.73500D+03       0.39678D-01       0.10096D-02       0.37553D+00       0.20987D+00
       0.73600D+03       0.39739D-01      -0.61954D-01       0.37554D+00       0.20970D+00
       0.73700D+03       0.39742D-01      -0.68144D-01       0.37552D+00       0.20958D+00
       0.73800D+03       0.39712D-01      -0.87414D-01       0.37551D+00       0.20943D+00
       0.73900D+03       0.39731D-01      -0.30785D-01       0.37552D+00       0.20922D+00
       0.74000D+03       0.39729D-01       0.35996D-02       0.37551D+00       0.20895D+00
       0.74100D+03       0.39699D-01       0.97083D-02       0.37554D+00       0.20944D+00
       0.74200D+03       0.39678D-01      -0.13779D-01       0.37553D+00       0.20917D+00
       0.74300D+03       0.39732D-01      -0.79400D-01       0.37554D+00       0.21037D+00
       0.74400D+03       0.39730D-01      -0.73431D-01       0.37552D+00       0.21019D+00
       0.74500D+03       0.39703D-01      -0.83894D-01       0.37551D+00       0.20997D+00
       0.74600D+03       0.39745D-01      -0.22002D-01       0.37552D+00       0.20979D+00
       0.74700D+03       0.39739D-01       0.74404D-02       0.37551D+00       0.20951D+00
       0.74800D+03       0.39703D-01       0.33461D-02       0.37554D+00       0.21005D+00
       0.74900D+03       0.39689D-01      -0.26714D-01       0.37553D+00       0.21018D+00
       0.75000D+03       0.39720D-01      -0.89046D-01       0.37553D+00       0.21090D+00
       0.75100D+03       0.39712D-01      -0.72287D-01       0.37552D+00       0.21071D+00
       0.75200D+03       0.39687D-01      -0.72683D-01       0.37550D+00       0.21055D+00
       0.75300D+03       0.39758D-01      -0.97176D-02       0.37552D+00       0.21053D+00
       0.75400D+03       0.39745D-01       0.13239D-01       0.37551D+00       0.21037D+00
       0.75500D+03       0.39714D-01      -0.10458D-02       0.37554D+00       0.21046D+00
       0.75600D+03       0.39709D-01      -0.35798D-01       0.37553D+00       0.21132D+00
       0.75700D+03       0.39717D-01      -0.90959D-01       0.37553D+00       0.21198D+00
       0.75800D+03       0.39699D-01      -0.65082D-01       0.37552D+00       0.21186D+00
       0.75900D+03       0.39678D-01      -0.54267D-01       0.37550D+00       0.21167D+00
       0.76000D+03       0.39755D-01       0.39548D-02       0.37552D+00       0.21160D+00
       0.76100D+03       0.39737D-01       0.19473D-01       0.37551D+00       0.21154D+00
       0.76200D+03       0.39719D-01      -0.54306D-02       0.37554D+00       0.21154D+00
       0.76300D+03       0.39725D-01      -0.41911D-01       0.37553D+00       0.21169D+00
       0.76400D+03       0.39718D-01      -0.89215D-01       0.37553D+00       0.21153D+00
       0.76500D+03       0.39693D-01      -0.55753D-01       0.37552D+00       0.21140D+00
       0.76600D+03       0.39680D-01      -0.33735D-01       0.37550D+00       0.21122D+00
       0.76700D+03       0.39739D-01       0.15257D-01       0.37553D+00       0.21129D+00
       0.76800D+03       0.39718D-01       0.22734D-01       0.37552D+00       0.21119D+00
       0.76900D+03       0.39722D-01      -0.13313D-01       0.37554D+00       0.21107D+00
       0.77000D+03       0.39734D-01      -0.47344D-01       0.37553D+00       0.21139D+00
       0.77100D+03       0.39714D-01      -0.87346D-01       0.37552D+00       0.21129D+00
       0.77200D+03       0.39694D-01      -0.47488D-01       0.37552D+00       0.21118D+00
       0.77300D+03       0.39689D-01      -0.16410D-01       0.37550D+00       0.21102D+00
       0.77400D+03       0.39718D-01       0.21182D-01       0.37553D+00       0.21114D+00
       0.77500D+03       0.39695D-01       0.20289D-01       0.37552D+00       0.21097D+00
       0.77600D+03       0.39723D-01      -0.26941D-01       0.37554D+00       0.21087D+00
       0.77700D+03       0.39735D-01      -0.53811D-01       0.37553D+00       0.21121D+00
       0.77800D+03       0.39709D-01      -0.86732D-01       0.37552D+00       0.21099D+00
       0.77900D+03       0.39697D-01      -0.41071D-01       0.37552D+00       0.21088D+00
       0.78000D+03       0.39698D-01      -0.49998D-02       0.37550D+00       0.21068D+00
       0.78100D+03       0.39700D-01       0.20795D-01       0.37553D+00       0.21074D+00
       0.78200D+03       0.39676D-01       0.11479D-01       0.37552D+00       0.21060D+00
       0.78300D+03       0.39724D-01      -0.45742D-01       0.37554D+00       0.21055D+00
       0.78400D+03       0.39734D-01      -0.61736D-01       0.37552D+00       0.21038D+00
       0.78500D+03       0.39703D-01      -0.87288D-01       0.37551D+00       0.21023D+00
       0.78600D+03       0.39709D-01      -0.35656D-01       0.37552D+00       0.21007D+00
       0.78700D+03       0.39711D-01       0.90913D-03       0.37550D+00       0.20981D+00
       0.78800D+03       0.39692D-01       0.15422D-01       0.37554D+00       0.21066D+00
       0.78900D+03       0.39671D-01      -0.20568D-02       0.37553D+00       0.21044D+00
       0.79000D+03       0.39728D-01      -0.66057D-01       0.37554D+00       0.21028D+00
       0.79100D+03       0.39730D-01      -0.69633D-01       0.37552D+00       0.21020D+00
       0.79200D+03       0.39702D-01      -0.87150D-01       0.37551D+00       0.21007D+00
       0.79300D+03       0.39721D-01      -0.29238D-01       0.37552D+00       0.20988D+00
       0.79400D+03       0.39719D-01       0.42814D-02       0.37551D+00       0.20961D+00
       0.79500D+03       0.39688D-01       0.82276D-02       0.37554D+00       0.21008D+00
       0.79600D+03       0.39671D-01      -0.16749D-01       0.37553D+00       0.20982D+00
       0.79700D+03       0.39719D-01      -0.82152D-01       0.37554D+00       0.21082D+00
       0.79800D+03       0.39716D-01      -0.73790D-01       0.37552D+00       0.21069D+00
       0.79900D+03       0.39691D-01      -0.82257D-01       0.37551D+00       0.21046D+00
       0.80000D+03       0.39738D-01      -0.19692D-01       0.37552D+00       0.21029D+00
       0.80100D+03       0.39732D-01       0.84954D-02       0.37551D+00       0.21003D+00
       0.80200D+03       0.39698D-01       0.22842D-02       0.37554D+00       0.21054D+00
       0.80300D+03       0.39686D-01      -0.28945D-01       0.37553D+00       0.21100D+00
       0.80400D+03       0.39708D-01      -0.89980D-01       0.37553D+00       0.21162D+00
       0.80500D+03       0.39698D-01      -0.71176D-01       0.37552D+00       0.21140D+00
       0.80600D+03       0.39676D-01      -0.69299D-01       0.37550D+00       0.21125D+00
       0.80700D+03       0.39746D-01      -0.68539D-02       0.37552D+00       0.21124D+00
       0.80800D+03       0.39733D-01       0.14610D-01       0.37551D+00       0.21109D+00
       0.80900D+03       0.39706D-01      -0.18511D-02       0.37554D+00       0.21116D+00
       0.81000D+03       0.39704D-01      -0.37252D-01       0.37553D+00       0.21197D+00
       0.81100D+03       0.39711D-01      -0.90746D-01       0.37553D+00       0.21215D+00
       0.81200D+03       0.39693D-01      -0.63163D-01       0.37552D+00       0.21199D+00
       0.81300D+03       0.39677D-01      -0.49941D-01       0.37550D+00       0.21181D+00
       0.81400D+03       0.39746D-01       0.66426D-02       0.37552D+00       0.21167D+00
       0.81500D+03       0.39730D-01       0.20518D-01       0.37552D+00       0.21163D+00
       0.81600D+03       0.39718D-01      -0.66814D-02       0.37554D+00       0.21162D+00
       0.81700D+03       0.39724D-01      -0.43031D-01       0.37553D+00       0.21170D+00
       0.81800D+03       0.39721D-01      -0.88760D-01       0.37552D+00       0.21155D+00
       0.81900D+03       0.39698D-01      -0.53876D-01       0.37552D+00       0.21143D+00
       0.82000D+03       0.39688D-01      -0.29707D-01       0.37550D+00       0.21126D+00
       0.82100D+03       0.39736D-01       0.17007D-01       0.37553D+00       0.21134D+00
       0.82200D+03       0.39718D-01       0.22750D-01       0.37552D+00       0.21117D+00
       0.82300D+03       0.39726D-01      -0.15663D-01       0.37554D+00       0.21110D+00
       0.82400D+03       0.39738D-01      -0.48577D-01       0.37553D+00       0.21131D+00
       0.82500D+03       0.39716D-01      -0.87098D-01       0.37552D+00       0.21142D+00
       0.82600D+03       0.39699D-01      -0.46001D-01       0.37552D+00       0.21129D+00
       0.82700D+03       0.39696D-01      -0.13499D-01       0.37550D+00       0.21113D+00
       0.82800D+03       0.39717D-01       0.21613D-01       0.37553D+00       0.21125D+00
       0.82900D+03       0.39697D-01       0.18952D-01       0.37552D+00       0.21110D+00
       0.83000D+03       0.39728D-01      -0.30525D-01       0.37554D+00       0.21100D+00
       0.83100D+03       0.39739D-01      -0.55363D-01       0.37553D+00       0.21104D+00
       0.83200D+03       0.39713D-01      -0.86779D-01       0.37552D+00       0.21084D+00
       0.83300D+03       0.39706D-01      -0.39907D-01       0.37552D+00       0.21069D+00
       0.83400D+03       0.39707D-01      -0.33773D-02       0.37550D+00       0.21050D+00
       0.83500D+03       0.39705D-01       0.19997D-01       0.37553D+00       0.21056D+00
       0.83600D+03       0.39683D-01       0.89392D-02       0.37552D+00       0.21046D+00
       0.83700D+03       0.39731D-01      -0.50045D-01       0.37554D+00       0.21042D+00
       0.83800D+03       0.39739D-01      -0.63488D-01       0.37552D+00       0.21033D+00
       0.83900D+03       0.39713D-01      -0.87424D-01       0.37551D+00       0.21017D+00
       0.84000D+03       0.39717D-01      -0.34478D-01       0.37552D+00       0.21001D+00
       0.84100D+03       0.39719D-01       0.16988D-02       0.37551D+00       0.20978D+00
       0.84200D+03       0.39698D-01       0.13945D-01       0.37554D+00       0.21057D+00
       0.84300D+03       0.39678D-01      -0.51745D-02       0.37553D+00       0.21038D+00
       0.84400D+03       0.39731D-01      -0.69969D-01       0.37554D+00       0.21035D+00
       0.84500D+03       0.39733D-01      -0.70956D-01       0.37552D+00       0.21034D+00
       0.84600D+03       0.39706D-01      -0.86675D-01       0.37551D+00       0.21023D+00
       0.84700D+03       0.39732D-01      -0.27547D-01       0.37552D+00       0.21006D+00
       0.84800D+03       0.39729D-01       0.50093D-02       0.37551D+00       0.20981D+00
       0.84900D+03       0.39699D-01       0.68115D-02       0.37554D+00       0.21058D+00
       0.85000D+03       0.39683D-01      -0.19601D-01       0.37553D+00       0.21034D+00
       0.85100D+03       0.39720D-01      -0.84519D-01       0.37554D+00       0.21127D+00
       0.85200D+03       0.39719D-01      -0.73833D-01       0.37552D+00       0.21114D+00
       0.85300D+03       0.39695D-01      -0.80246D-01       0.37551D+00       0.21095D+00
       0.85400D+03       0.39743D-01      -0.17227D-01       0.37552D+00       0.21075D+00
       0.85500D+03       0.39737D-01       0.96463D-02       0.37551D+00       0.21051D+00
       0.85600D+03       0.39706D-01       0.13138D-02       0.37554D+00       0.21101D+00
       0.85700D+03       0.39697D-01      -0.30995D-01       0.37553D+00       0.21144D+00
       0.85800D+03       0.39716D-01      -0.90593D-01       0.37553D+00       0.21192D+00
       0.85900D+03       0.39705D-01      -0.69817D-01       0.37552D+00       0.21176D+00
       0.86000D+03       0.39685D-01      -0.65620D-01       0.37551D+00       0.21162D+00
       0.86100D+03       0.39751D-01      -0.39570D-02       0.37552D+00       0.21159D+00
       0.86200D+03       0.39737D-01       0.15978D-01       0.37551D+00       0.21134D+00
       0.86300D+03       0.39714D-01      -0.26833D-02       0.37554D+00       0.21141D+00
       0.86400D+03       0.39714D-01      -0.38592D-01       0.37553D+00       0.21218D+00
       0.86500D+03       0.39715D-01      -0.90419D-01       0.37553D+00       0.21237D+00
       0.86600D+03       0.39698D-01      -0.61195D-01       0.37552D+00       0.21222D+00
       0.86700D+03       0.39683D-01      -0.45580D-01       0.37550D+00       0.21202D+00
       0.86800D+03       0.39745D-01       0.91881D-02       0.37553D+00       0.21183D+00
       0.86900D+03       0.39729D-01       0.21397D-01       0.37552D+00       0.21178D+00
       0.87000D+03       0.39721D-01      -0.81210D-02       0.37554D+00       0.21178D+00
       0.87100D+03       0.39728D-01      -0.44143D-01       0.37553D+00       0.21230D+00
       0.87200D+03       0.39720D-01      -0.88327D-01       0.37552D+00       0.21215D+00
       0.87300D+03       0.39700D-01      -0.52070D-01       0.37552D+00       0.21201D+00
       0.87400D+03       0.39691D-01      -0.25866D-01       0.37550D+00       0.21185D+00
       0.87500D+03       0.39732D-01       0.18497D-01       0.37553D+00       0.21192D+00
       0.87600D+03       0.39714D-01       0.22494D-01       0.37552D+00       0.21176D+00
       0.87700D+03       0.39726D-01      -0.18281D-01       0.37554D+00       0.21170D+00
       0.87800D+03       0.39738D-01      -0.49868D-01       0.37553D+00       0.21196D+00
       0.87900D+03       0.39720D-01      -0.86912D-01       0.37552D+00       0.21206D+00
       0.88000D+03       0.39702D-01      -0.44596D-01       0.37552D+00       0.21191D+00
       0.88100D+03       0.39698D-01      -0.10866D-01       0.37550D+00       0.21177D+00
       0.88200D+03       0.39714D-01       0.21764D-01       0.37553D+00       0.21189D+00
       0.88300D+03       0.39695D-01       0.17334D-01       0.37552D+00       0.21175D+00
       0.88400D+03       0.39729D-01      -0.34325D-01       0.37554D+00       0.21173D+00
       0.88500D+03       0.39739D-01      -0.56982D-01       0.37553D+00       0.21207D+00
       0.88600D+03       0.39713D-01      -0.86876D-01       0.37552D+00       0.21188D+00
       0.88700D+03       0.39711D-01      -0.38776D-01       0.37552D+00       0.21173D+00
       0.88800D+03       0.39713D-01      -0.19847D-02       0.37551D+00       0.21150D+00
       0.88900D+03       0.39707D-01       0.18999D-01       0.37553D+00       0.21200D+00
       0.89000D+03       0.39688D-01       0.62133D-02       0.37552D+00       0.21191D+00
       0.89100D+03       0.39735D-01      -0.54372D-01       0.37554D+00       0.21176D+00
       0.89200D+03       0.39742D-01      -0.65221D-01       0.37552D+00       0.21161D+00
       0.89300D+03       0.39717D-01      -0.87509D-01       0.37551D+00       0.21146D+00
       0.89400D+03       0.39727D-01      -0.33233D-01       0.37552D+00       0.21128D+00
       0.89500D+03       0.39728D-01       0.24117D-02       0.37551D+00       0.21106D+00
       0.89600D+03       0.39706D-01       0.12423D-01       0.37553D+00       0.21180D+00
       0.89700D+03       0.39688D-01      -0.83043D-02       0.37553D+00       0.21172D+00
       0.89800D+03       0.39736D-01      -0.73637D-01       0.37554D+00       0.21216D+00
       0.89900D+03       0.39736D-01      -0.72073D-01       0.37552D+00       0.21215D+00
       0.90000D+03       0.39712D-01      -0.85946D-01       0.37551D+00       0.21204D+00
       0.90100D+03       0.39738D-01      -0.25698D-01       0.37552D+00       0.21187D+00
       0.90200D+03       0.39735D-01       0.58060D-02       0.37551D+00       0.21164D+00
       0.90300D+03       0.39706D-01       0.54782D-02       0.37554D+00       0.21208D+00
       0.90400D+03       0.39691D-01      -0.22309D-01       0.37553D+00       0.21185D+00
       0.90500D+03       0.39723D-01      -0.86493D-01       0.37553D+00       0.21235D+00
       0.90600D+03       0.39721D-01      -0.73554D-01       0.37552D+00       0.21217D+00
       0.90700D+03       0.39699D-01      -0.77853D-01       0.37551D+00       0.21201D+00
       0.90800D+03       0.39750D-01      -0.14622D-01       0.37552D+00       0.21193D+00
       0.90900D+03       0.39743D-01       0.10883D-01       0.37551D+00       0.21175D+00
       0.91000D+03       0.39715D-01       0.42029D-03       0.37554D+00       0.21222D+00
       0.91100D+03       0.39708D-01      -0.32868D-01       0.37553D+00       0.21262D+00
       0.91200D+03       0.39719D-01      -0.90925D-01       0.37553D+00       0.21317D+00
       0.91300D+03       0.39708D-01      -0.68249D-01       0.37552D+00       0.21306D+00
       0.91400D+03       0.39689D-01      -0.61692D-01       0.37551D+00       0.21292D+00
       0.91500D+03       0.39753D-01      -0.10632D-02       0.37552D+00       0.21285D+00
       0.91600D+03       0.39739D-01       0.17308D-01       0.37551D+00       0.21262D+00
       0.91700D+03       0.39720D-01      -0.35775D-02       0.37554D+00       0.21244D+00
       0.91800D+03       0.39721D-01      -0.39842D-01       0.37553D+00       0.21241D+00
       0.91900D+03       0.39724D-01      -0.90016D-01       0.37553D+00       0.21233D+00
       0.92000D+03       0.39704D-01      -0.59214D-01       0.37552D+00       0.21220D+00
       0.92100D+03       0.39691D-01      -0.41240D-01       0.37551D+00       0.21202D+00
       0.92200D+03       0.39746D-01       0.11559D-01       0.37553D+00       0.21185D+00
       0.92300D+03       0.39731D-01       0.22080D-01       0.37552D+00       0.21175D+00
       0.92400D+03       0.39727D-01      -0.97759D-02       0.37554D+00       0.21174D+00
       0.92500D+03       0.39735D-01      -0.45268D-01       0.37553D+00       0.21207D+00
       0.92600D+03       0.39724D-01      -0.87930D-01       0.37552D+00       0.21193D+00
       0.92700D+03       0.39705D-01      -0.50344D-01       0.37552D+00       0.21177D+00
       0.92800D+03       0.39698D-01      -0.22242D-01       0.37551D+00       0.21162D+00
       0.92900D+03       0.39732D-01       0.19714D-01       0.37553D+00       0.21164D+00
       0.93000D+03       0.39713D-01       0.21956D-01       0.37552D+00       0.21149D+00
       0.93100D+03       0.39729D-01      -0.21168D-01       0.37554D+00       0.21142D+00
       0.93200D+03       0.39739D-01      -0.51226D-01       0.37553D+00       0.21166D+00
       0.93300D+03       0.39720D-01      -0.86791D-01       0.37552D+00       0.21173D+00
       0.93400D+03       0.39705D-01      -0.43268D-01       0.37552D+00       0.21159D+00
       0.93500D+03       0.39704D-01      -0.85127D-02       0.37551D+00       0.21144D+00
       0.93600D+03       0.39715D-01       0.21642D-01       0.37553D+00       0.21153D+00
       0.93700D+03       0.39695D-01       0.15447D-01       0.37552D+00       0.21150D+00
       0.93800D+03       0.39731D-01      -0.38310D-01       0.37554D+00       0.21148D+00
       0.93900D+03       0.39740D-01      -0.58658D-01       0.37552D+00       0.21162D+00
       0.94000D+03       0.39716D-01      -0.87011D-01       0.37552D+00       0.21149D+00
       0.94100D+03       0.39711D-01      -0.37660D-01       0.37552D+00       0.21135D+00
       0.94200D+03       0.39713D-01      -0.79593D-03       0.37551D+00       0.21114D+00
       0.94300D+03       0.39703D-01       0.17828D-01       0.37553D+00       0.21161D+00
       0.94400D+03       0.39685D-01       0.33328D-02       0.37553D+00       0.21154D+00
       0.94500D+03       0.39732D-01      -0.58670D-01       0.37554D+00       0.21141D+00
       0.94600D+03       0.39738D-01      -0.66900D-01       0.37552D+00       0.21133D+00
       0.94700D+03       0.39714D-01      -0.87505D-01       0.37551D+00       0.21119D+00
       0.94800D+03       0.39723D-01      -0.31898D-01       0.37552D+00       0.21103D+00
       0.94900D+03       0.39723D-01       0.30836D-02       0.37551D+00       0.21083D+00
       0.95000D+03       0.39701D-01       0.10889D-01       0.37553D+00       0.21121D+00
       0.95100D+03       0.39685D-01      -0.11408D-01       0.37553D+00       0.21099D+00
       0.95200D+03       0.39729D-01      -0.77009D-01       0.37554D+00       0.21222D+00
       0.95300D+03       0.39729D-01      -0.72944D-01       0.37552D+00       0.21236D+00
       0.95400D+03       0.39707D-01      -0.84920D-01       0.37551D+00       0.21217D+00
       0.95500D+03       0.39739D-01      -0.23683D-01       0.37552D+00       0.21207D+00
       0.95600D+03       0.39735D-01       0.66886D-02       0.37551D+00       0.21185D+00
       0.95700D+03       0.39707D-01       0.42397D-02       0.37554D+00       0.21227D+00
       0.95800D+03       0.39695D-01      -0.24855D-01       0.37553D+00       0.21205D+00
       0.95900D+03       0.39720D-01      -0.88076D-01       0.37553D+00       0.21257D+00
       0.96000D+03       0.39716D-01      -0.72959D-01       0.37552D+00       0.21242D+00
       0.96100D+03       0.39695D-01      -0.75084D-01       0.37551D+00       0.21228D+00
       0.96200D+03       0.39746D-01      -0.11899D-01       0.37552D+00       0.21222D+00
       0.96300D+03       0.39739D-01       0.12189D-01       0.37551D+00       0.21209D+00
       0.96400D+03       0.39714D-01      -0.41705D-03       0.37554D+00       0.21215D+00
       0.96500D+03       0.39709D-01      -0.34575D-01       0.37553D+00       0.21283D+00
       0.96600D+03       0.39719D-01      -0.91020D-01       0.37553D+00       0.21335D+00
       0.96700D+03       0.39707D-01      -0.66516D-01       0.37552D+00       0.21321D+00
       0.96800D+03       0.39690D-01      -0.57569D-01       0.37551D+00       0.21308D+00
       0.96900D+03       0.39751D-01       0.17897D-02       0.37552D+00       0.21302D+00
       0.97000D+03       0.39737D-01       0.18566D-01       0.37552D+00       0.21280D+00
       0.97100D+03       0.39721D-01      -0.45695D-02       0.37554D+00       0.21263D+00
       0.97200D+03       0.39724D-01      -0.41024D-01       0.37553D+00       0.21260D+00
       0.97300D+03       0.39722D-01      -0.89572D-01       0.37553D+00       0.21252D+00
       0.97400D+03       0.39703D-01      -0.57251D-01       0.37552D+00       0.21242D+00
       0.97500D+03       0.39691D-01      -0.36973D-01       0.37551D+00       0.21223D+00
       0.97600D+03       0.39740D-01       0.13728D-01       0.37553D+00       0.21207D+00
       0.97700D+03       0.39725D-01       0.22542D-01       0.37552D+00       0.21199D+00
       0.97800D+03       0.39725D-01      -0.11668D-01       0.37554D+00       0.21198D+00
       0.97900D+03       0.39734D-01      -0.46420D-01       0.37553D+00       0.21215D+00
       0.98000D+03       0.39720D-01      -0.87580D-01       0.37552D+00       0.21207D+00
       0.98100D+03       0.39703D-01      -0.48703D-01       0.37552D+00       0.21195D+00
       0.98200D+03       0.39697D-01      -0.18860D-01       0.37551D+00       0.21181D+00
       0.98300D+03       0.39725D-01       0.20651D-01       0.37553D+00       0.21183D+00
       0.98400D+03       0.39707D-01       0.21131D-01       0.37552D+00       0.21170D+00
       0.98500D+03       0.39726D-01      -0.24318D-01       0.37554D+00       0.21162D+00
       0.98600D+03       0.39736D-01      -0.52652D-01       0.37553D+00       0.21178D+00
       0.98700D+03       0.39716D-01      -0.86734D-01       0.37552D+00       0.21161D+00
       0.98800D+03       0.39704D-01      -0.42009D-01       0.37552D+00       0.21157D+00
       0.98900D+03       0.39703D-01      -0.64334D-02       0.37551D+00       0.21141D+00
       0.99000D+03       0.39710D-01       0.21260D-01       0.37553D+00       0.21146D+00
       0.99100D+03       0.39691D-01       0.13305D-01       0.37552D+00       0.21143D+00
       0.99200D+03       0.39729D-01      -0.42448D-01       0.37554D+00       0.21140D+00
       0.99300D+03       0.39734D-01      -0.60379D-01       0.37552D+00       0.21126D+00
       0.99400D+03       0.39710D-01      -0.87166D-01       0.37552D+00       0.21114D+00
       0.99500D+03       0.39710D-01      -0.36542D-01       0.37552D+00       0.21098D+00
       0.99600D+03       0.39713D-01       0.21903D-03       0.37551D+00       0.21077D+00
       0.99700D+03       0.39700D-01       0.16517D-01       0.37553D+00       0.21144D+00
       0.99800D+03       0.39683D-01       0.33318D-03       0.37553D+00       0.21130D+00
       0.99900D+03       0.39728D-01      -0.62881D-01       0.37554D+00       0.21117D+00
       0.10000D+04       0.39730D-01      -0.68488D-01       0.37552D+00       0.21108D+00
       0.10010D+04       0.39708D-01      -0.87371D-01       0.37551D+00       0.21096D+00
       0.10020D+04       0.39724D-01      -0.30452D-01       0.37552D+00       0.21081D+00
       0.10030D+04       0.39723D-01       0.37488D-02       0.37551D+00       0.21060D+00
       0.10040D+04       0.39699D-01       0.93741D-02       0.37553D+00       0.21068D+00
       0.10050D+04       0.39685D-01      -0.14449D-01       0.37553D+00       0.21048D+00
       0.10060D+04       0.39723D-01      -0.80045D-01       0.37553D+00       0.21136D+00
       0.10070D+04       0.39722D-01      -0.73537D-01       0.37552D+00       0.21127D+00
       0.10080D+04       0.39702D-01      -0.83561D-01       0.37551D+00       0.21110D+00
       0.10090D+04       0.39734D-01      -0.21501D-01       0.37552D+00       0.21097D+00
       0.10100D+04       0.39730D-01       0.76668D-02       0.37551D+00       0.21076D+00
       0.10110D+04       0.39703D-01       0.31012D-02       0.37554D+00       0.21116D+00
       0.10120D+04       0.39693D-01      -0.27227D-01       0.37553D+00       0.21126D+00
       0.10130D+04       0.39714D-01      -0.89284D-01       0.37553D+00       0.21179D+00
       0.10140D+04       0.39708D-01      -0.72063D-01       0.37552D+00       0.21166D+00
       0.10150D+04       0.39690D-01      -0.71957D-01       0.37551D+00       0.21153D+00
       0.10160D+04       0.39743D-01      -0.90845D-02       0.37552D+00       0.21152D+00
       0.10170D+04       0.39733D-01       0.13543D-01       0.37551D+00       0.21141D+00
       0.10180D+04       0.39711D-01      -0.12245D-02       0.37554D+00       0.21148D+00
       0.10190D+04       0.39707D-01      -0.36133D-01       0.37553D+00       0.21212D+00
       0.10200D+04       0.39712D-01      -0.90924D-01       0.37553D+00       0.21255D+00
       0.10210D+04       0.39698D-01      -0.64661D-01       0.37552D+00       0.21242D+00
       0.10220D+04       0.39685D-01      -0.53309D-01       0.37551D+00       0.21229D+00
       0.10230D+04       0.39741D-01       0.45639D-02       0.37552D+00       0.21223D+00
       0.10240D+04       0.39729D-01       0.19718D-01       0.37552D+00       0.21213D+00
       0.10250D+04       0.39717D-01      -0.56943D-02       0.37554D+00       0.21213D+00
       0.10260D+04       0.39722D-01      -0.42162D-01       0.37553D+00       0.21224D+00
       0.10270D+04       0.39722D-01      -0.89112D-01       0.37553D+00       0.21212D+00
       0.10280D+04       0.39703D-01      -0.55329D-01       0.37552D+00       0.21203D+00
       0.10290D+04       0.39695D-01      -0.32824D-01       0.37551D+00       0.21189D+00
       0.10300D+04       0.39737D-01       0.15669D-01       0.37553D+00       0.21194D+00
       0.10310D+04       0.39723D-01       0.22760D-01       0.37552D+00       0.21187D+00
       0.10320D+04       0.39727D-01      -0.13813D-01       0.37554D+00       0.21177D+00
       0.10330D+04       0.39736D-01      -0.47614D-01       0.37553D+00       0.21193D+00
       0.10340D+04       0.39720D-01      -0.87285D-01       0.37552D+00       0.21192D+00
       0.10350D+04       0.39706D-01      -0.47149D-01       0.37552D+00       0.21184D+00
       0.10360D+04       0.39702D-01      -0.15738D-01       0.37551D+00       0.21171D+00
       0.10370D+04       0.39723D-01       0.21303D-01       0.37553D+00       0.21180D+00
       0.10380D+04       0.39705D-01       0.20016D-01       0.37552D+00       0.21168D+00
       0.10390D+04       0.39727D-01      -0.27719D-01       0.37554D+00       0.21160D+00
       0.10400D+04       0.39737D-01      -0.54151D-01       0.37553D+00       0.21185D+00
       0.10410D+04       0.39717D-01      -0.86737D-01       0.37552D+00       0.21169D+00
       0.10420D+04       0.39708D-01      -0.40808D-01       0.37552D+00       0.21161D+00
       0.10430D+04       0.39709D-01      -0.46174D-02       0.37551D+00       0.21146D+00
       0.10440D+04       0.39710D-01       0.20636D-01       0.37553D+00       0.21151D+00
       0.10450D+04       0.39692D-01       0.10931D-01       0.37552D+00       0.21140D+00
       0.10460D+04       0.39728D-01      -0.46696D-01       0.37554D+00       0.21136D+00
       0.10470D+04       0.39735D-01      -0.62127D-01       0.37552D+00       0.21123D+00
       0.10480D+04       0.39713D-01      -0.87321D-01       0.37552D+00       0.21111D+00
       0.10490D+04       0.39718D-01      -0.35398D-01       0.37552D+00       0.21100D+00
       0.10500D+04       0.39720D-01       0.10935D-02       0.37551D+00       0.21080D+00
       0.10510D+04       0.39705D-01       0.15099D-01       0.37553D+00       0.21144D+00
       0.10520D+04       0.39689D-01      -0.27480D-02       0.37553D+00       0.21129D+00
