       0.10000D+01       0.86925D-06       0.74001D-02       0.40826D+00       0.82337D-02
       0.20000D+01       0.25184D-04      -0.96655D-03       0.40326D+00       0.39516D-01
       0.30000D+01       0.16335D-03      -0.59165D-02       0.40598D+00       0.28622D-01
       0.40000D+01       0.13599D-03      -0.23649D-01       0.40736D+00       0.29514D-01
       0.50000D+01       0.19605D-03       0.45755D-02       0.40705D+00       0.28223D-01
       0.60000D+01       0.18418D-03       0.10621D-01       0.40721D+00       0.29779D-01
       0.70000D+01       0.16716D-03      -0.11779D-02       0.40596D+00       0.35864D-01
       0.80000D+01       0.19978D-03      -0.55908D-02       0.40666D+00       0.33624D-01
       0.90000D+01       0.18229D-03      -0.22166D-01       0.40724D+00       0.34021D-01
       0.10000D+02       0.21078D-03       0.58876D-02       0.40704D+00       0.32860D-01
       0.11000D+02       0.19802D-03       0.10484D-01       0.40711D+00       0.33271D-01
       0.12000D+02       0.19103D-03      -0.46712D-02       0.40642D+00       0.33748D-01
       0.13000D+02       0.20812D-03      -0.81343D-02       0.40682D+00       0.32718D-01
       0.14000D+02       0.19923D-03      -0.23525D-01       0.40720D+00       0.32601D-01
       0.15000D+02       0.21881D-03       0.39538D-02       0.40704D+00       0.30881D-01
       0.16000D+02       0.20694D-03       0.72346D-02       0.40708D+00       0.31290D-01
       0.17000D+02       0.20494D-03      -0.11029D-01       0.40662D+00       0.30591D-01
       0.18000D+02       0.21511D-03      -0.13087D-01       0.40690D+00       0.29770D-01
       0.19000D+02       0.21252D-03      -0.26854D-01       0.40719D+00       0.29464D-01
       0.20000D+02       0.22912D-03      -0.17649D-03       0.40704D+00       0.29558D-01
       0.21000D+02       0.21871D-03       0.20505D-02       0.40707D+00       0.29922D-01
       0.22000D+02       0.21979D-03      -0.18970D-01       0.40674D+00       0.29297D-01
       0.23000D+02       0.22553D-03      -0.19170D-01       0.40696D+00       0.44453D-01
       0.24000D+02       0.22721D-03      -0.30545D-01       0.40719D+00       0.43575D-01
       0.25000D+02       0.24200D-03      -0.47133D-02       0.40705D+00       0.43051D-01
       0.26000D+02       0.23366D-03      -0.32875D-02       0.40707D+00       0.42806D-01
       0.27000D+02       0.23729D-03      -0.26712D-01       0.40683D+00       0.42481D-01
       0.28000D+02       0.23981D-03      -0.24638D-01       0.40700D+00       0.54477D-01
       0.29000D+02       0.24405D-03      -0.32745D-01       0.40719D+00       0.53377D-01
       0.30000D+02       0.25999D-03      -0.76898D-02       0.40705D+00       0.52784D-01
       0.31000D+02       0.25382D-03      -0.69510D-02       0.40708D+00       0.52239D-01
       0.32000D+02       0.25995D-03      -0.32534D-01       0.40690D+00       0.50847D-01
       0.33000D+02       0.25974D-03      -0.27848D-01       0.40704D+00       0.60783D-01
       0.34000D+02       0.26536D-03      -0.32030D-01       0.40720D+00       0.59336D-01
       0.35000D+02       0.27913D-03      -0.77020D-02       0.40707D+00       0.57974D-01
       0.36000D+02       0.27522D-03      -0.77435D-02       0.40709D+00       0.57346D-01
       0.37000D+02       0.28338D-03      -0.35419D-01       0.40696D+00       0.56064D-01
       0.38000D+02       0.28078D-03      -0.27924D-01       0.40707D+00       0.64563D-01
       0.39000D+02       0.28726D-03      -0.28065D-01       0.40721D+00       0.63218D-01
       0.40000D+02       0.29853D-03      -0.45951D-02       0.40708D+00       0.61764D-01
       0.41000D+02       0.29658D-03      -0.56765D-02       0.40710D+00       0.61111D-01
       0.42000D+02       0.30594D-03      -0.35528D-01       0.40701D+00       0.59897D-01
       0.43000D+02       0.30145D-03      -0.25254D-01       0.40710D+00       0.67057D-01
       0.44000D+02       0.30784D-03      -0.21918D-01       0.40722D+00       0.65813D-01
       0.45000D+02       0.31619D-03       0.27097D-03       0.40709D+00       0.64474D-01
       0.46000D+02       0.31602D-03      -0.21212D-02       0.40712D+00       0.63798D-01
       0.47000D+02       0.32545D-03      -0.34211D-01       0.40705D+00       0.62696D-01
       0.48000D+02       0.31940D-03      -0.21461D-01       0.40713D+00       0.69054D-01
       0.49000D+02       0.32639D-03      -0.15738D-01       0.40723D+00       0.67860D-01
       0.50000D+02       0.33264D-03       0.45005D-02       0.40710D+00       0.66696D-01
       0.51000D+02       0.33386D-03       0.70690D-03       0.40713D+00       0.66046D-01
       0.52000D+02       0.34181D-03      -0.33407D-01       0.40708D+00       0.65044D-01
       0.53000D+02       0.33510D-03      -0.18643D-01       0.40715D+00       0.77704D-01
       0.54000D+02       0.34276D-03      -0.11733D-01       0.40723D+00       0.76351D-01
       0.55000D+02       0.34618D-03       0.58424D-02       0.40710D+00       0.75191D-01
       0.56000D+02       0.34876D-03       0.84519D-03       0.40714D+00       0.74044D-01
       0.57000D+02       0.35567D-03      -0.34599D-01       0.40712D+00       0.73113D-01
       0.58000D+02       0.34941D-03      -0.18202D-01       0.40717D+00       0.90884D-01
       0.59000D+02       0.35725D-03      -0.10964D-01       0.40724D+00       0.89430D-01
       0.60000D+02       0.35821D-03       0.34527D-02       0.40711D+00       0.88514D-01
       0.61000D+02       0.36194D-03      -0.23094D-02       0.40715D+00       0.87227D-01
       0.62000D+02       0.36671D-03      -0.37924D-01       0.40714D+00       0.86033D-01
       0.63000D+02       0.36173D-03      -0.20002D-01       0.40718D+00       0.10219D+00
       0.64000D+02       0.36869D-03      -0.12723D-01       0.40724D+00       0.10068D+00
       0.65000D+02       0.36785D-03      -0.16182D-02       0.40712D+00       0.99655D-01
       0.66000D+02       0.37154D-03      -0.76376D-02       0.40716D+00       0.98201D-01
       0.67000D+02       0.37462D-03      -0.42042D-01       0.40716D+00       0.96929D-01
       0.68000D+02       0.37113D-03      -0.22463D-01       0.40719D+00       0.11175D+00
       0.69000D+02       0.37650D-03      -0.14970D-01       0.40724D+00       0.11021D+00
       0.70000D+02       0.37418D-03      -0.70603D-02       0.40712D+00       0.10958D+00
       0.71000D+02       0.37805D-03      -0.12952D-01       0.40716D+00       0.10812D+00
       0.72000D+02       0.37973D-03      -0.44914D-01       0.40718D+00       0.10678D+00
       0.73000D+02       0.37748D-03      -0.23505D-01       0.40720D+00       0.11052D+00
       0.74000D+02       0.38093D-03      -0.15510D-01       0.40724D+00       0.10912D+00
       0.75000D+02       0.37750D-03      -0.10582D-01       0.40712D+00       0.10859D+00
       0.76000D+02       0.38115D-03      -0.16190D-01       0.40717D+00       0.10730D+00
       0.77000D+02       0.38180D-03      -0.44943D-01       0.40719D+00       0.10606D+00
       0.78000D+02       0.38058D-03      -0.21653D-01       0.40720D+00       0.11927D+00
       0.79000D+02       0.38214D-03      -0.13083D-01       0.40724D+00       0.12264D+00
       0.80000D+02       0.37798D-03      -0.10998D-01       0.40712D+00       0.12199D+00
       0.81000D+02       0.38110D-03      -0.16369D-01       0.40717D+00       0.12065D+00
       0.82000D+02       0.38086D-03      -0.41748D-01       0.40720D+00       0.11937D+00
       0.83000D+02       0.38038D-03      -0.16696D-01       0.40721D+00       0.13161D+00
       0.84000D+02       0.38047D-03      -0.78231D-02       0.40723D+00       0.13913D+00
       0.85000D+02       0.37602D-03      -0.86031D-02       0.40712D+00       0.13836D+00
       0.86000D+02       0.37770D-03      -0.13863D-01       0.40717D+00       0.13682D+00
       0.87000D+02       0.37662D-03      -0.36218D-01       0.40720D+00       0.13540D+00
       0.88000D+02       0.37670D-03      -0.96832D-02       0.40720D+00       0.14675D+00
       0.89000D+02       0.37586D-03      -0.10370D-02       0.40722D+00       0.14519D+00
       0.90000D+02       0.37152D-03      -0.48516D-02       0.40712D+00       0.14439D+00
       0.91000D+02       0.37266D-03      -0.10061D-01       0.40716D+00       0.14291D+00
       0.92000D+02       0.37076D-03      -0.30032D-01       0.40721D+00       0.14152D+00
       0.93000D+02       0.37127D-03      -0.24293D-02       0.40720D+00       0.14031D+00
       0.94000D+02       0.36976D-03       0.54086D-02       0.40721D+00       0.13893D+00
       0.95000D+02       0.36586D-03      -0.16638D-02       0.40712D+00       0.13822D+00
       0.96000D+02       0.36669D-03      -0.67292D-02       0.40716D+00       0.13685D+00
       0.97000D+02       0.36423D-03      -0.24979D-01       0.40720D+00       0.13569D+00
       0.98000D+02       0.36503D-03       0.31766D-02       0.40719D+00       0.13470D+00
       0.99000D+02       0.36302D-03       0.97657D-02       0.40720D+00       0.13372D+00
       0.10000D+03       0.35974D-03      -0.71898D-03       0.40711D+00       0.13311D+00
       0.10100D+03       0.36038D-03      -0.53819D-02       0.40716D+00       0.13186D+00
       0.10200D+03       0.35778D-03      -0.22381D-01       0.40720D+00       0.13087D+00
       0.10300D+03       0.35876D-03       0.57940D-02       0.40718D+00       0.12982D+00
       0.10400D+03       0.35634D-03       0.10940D-01       0.40719D+00       0.12893D+00
       0.10500D+03       0.35374D-03      -0.29525D-02       0.40711D+00       0.12808D+00
       0.10600D+03       0.35432D-03      -0.68315D-02       0.40715D+00       0.12705D+00
       0.10700D+03       0.35207D-03      -0.22706D-01       0.40720D+00       0.12607D+00
       0.10800D+03       0.35323D-03       0.50307D-02       0.40718D+00       0.12497D+00
       0.10900D+03       0.35050D-03       0.87880D-02       0.40718D+00       0.12416D+00
       0.11000D+03       0.34858D-03      -0.83246D-02       0.40711D+00       0.12338D+00
       0.11100D+03       0.34900D-03      -0.10974D-01       0.40715D+00       0.12246D+00
       0.11200D+03       0.34743D-03      -0.25439D-01       0.40720D+00       0.12158D+00
       0.11300D+03       0.34886D-03       0.15597D-02       0.40717D+00       0.12079D+00
       0.11400D+03       0.34600D-03       0.41563D-02       0.40718D+00       0.12006D+00
       0.11500D+03       0.34475D-03      -0.15854D-01       0.40711D+00       0.11916D+00
       0.11600D+03       0.34490D-03      -0.16816D-01       0.40715D+00       0.12139D+00
       0.11700D+03       0.34417D-03      -0.29210D-01       0.40720D+00       0.12055D+00
       0.11800D+03       0.34600D-03      -0.30594D-02       0.40717D+00       0.11981D+00
       0.11900D+03       0.34323D-03      -0.13506D-02       0.40717D+00       0.11911D+00
       0.12000D+03       0.34273D-03      -0.23892D-01       0.40711D+00       0.11826D+00
       0.12100D+03       0.34260D-03      -0.22733D-01       0.40715D+00       0.12041D+00
       0.12200D+03       0.34265D-03      -0.32188D-01       0.40720D+00       0.11961D+00
       0.12300D+03       0.34538D-03      -0.68463D-02       0.40716D+00       0.11887D+00
       0.12400D+03       0.34294D-03      -0.58453D-02       0.40717D+00       0.11820D+00
       0.12500D+03       0.34330D-03      -0.30621D-01       0.40712D+00       0.11732D+00
       0.12600D+03       0.34278D-03      -0.26967D-01       0.40715D+00       0.11939D+00
       0.12700D+03       0.34349D-03      -0.32700D-01       0.40720D+00       0.11862D+00
       0.12800D+03       0.34643D-03      -0.80907D-02       0.40716D+00       0.11796D+00
       0.12900D+03       0.34451D-03      -0.78098D-02       0.40717D+00       0.11732D+00
       0.13000D+03       0.34583D-03      -0.34681D-01       0.40713D+00       0.11649D+00
       0.13100D+03       0.34481D-03      -0.28271D-01       0.40716D+00       0.11849D+00
       0.13200D+03       0.34603D-03      -0.29928D-01       0.40720D+00       0.11768D+00
       0.13300D+03       0.34886D-03      -0.60970D-02       0.40716D+00       0.11687D+00
       0.13400D+03       0.34756D-03      -0.67449D-02       0.40717D+00       0.11626D+00
       0.13500D+03       0.34970D-03      -0.35750D-01       0.40713D+00       0.11549D+00
       0.13600D+03       0.34818D-03      -0.26518D-01       0.40716D+00       0.11734D+00
       0.13700D+03       0.34997D-03      -0.24405D-01       0.40720D+00       0.11657D+00
       0.13800D+03       0.35242D-03      -0.16571D-02       0.40716D+00       0.11576D+00
       0.13900D+03       0.35177D-03      -0.35235D-02       0.40717D+00       0.11517D+00
       0.14000D+03       0.35444D-03      -0.34762D-01       0.40714D+00       0.11442D+00
       0.14100D+03       0.35239D-03      -0.22908D-01       0.40717D+00       0.11622D+00
       0.14200D+03       0.35436D-03      -0.17952D-01       0.40721D+00       0.11548D+00
       0.14300D+03       0.35653D-03       0.31207D-02       0.40716D+00       0.11474D+00
       0.14400D+03       0.35648D-03      -0.14385D-03       0.40717D+00       0.11417D+00
       0.14500D+03       0.35921D-03      -0.33537D-01       0.40715D+00       0.11348D+00
       0.14600D+03       0.35677D-03      -0.19488D-01       0.40718D+00       0.11522D+00
       0.14700D+03       0.35920D-03      -0.12903D-01       0.40721D+00       0.11450D+00
       0.14800D+03       0.36061D-03       0.57657D-02       0.40716D+00       0.11381D+00
       0.14900D+03       0.36119D-03       0.11873D-02       0.40717D+00       0.11312D+00
       0.15000D+03       0.36392D-03      -0.33862D-01       0.40716D+00       0.11255D+00
       0.15100D+03       0.36140D-03      -0.18061D-01       0.40718D+00       0.11911D+00
       0.15200D+03       0.36425D-03      -0.10883D-01       0.40721D+00       0.11836D+00
       0.15300D+03       0.36484D-03       0.47796D-02       0.40716D+00       0.11767D+00
       0.15400D+03       0.36604D-03      -0.75066D-03       0.40718D+00       0.11699D+00
       0.15500D+03       0.36813D-03      -0.36458D-01       0.40717D+00       0.11632D+00
       0.15600D+03       0.36594D-03      -0.19126D-01       0.40719D+00       0.12265D+00
       0.15700D+03       0.36880D-03      -0.11864D-01       0.40721D+00       0.12190D+00
       0.15800D+03       0.36866D-03       0.50489D-03       0.40716D+00       0.12134D+00
       0.15900D+03       0.37034D-03      -0.54718D-02       0.40718D+00       0.12065D+00
       0.16000D+03       0.37183D-03      -0.40501D-01       0.40718D+00       0.11998D+00
       0.16100D+03       0.37015D-03      -0.21579D-01       0.40719D+00       0.12609D+00
       0.16200D+03       0.37265D-03      -0.14204D-01       0.40721D+00       0.12535D+00
       0.16300D+03       0.37192D-03      -0.50964D-02       0.40716D+00       0.12479D+00
       0.16400D+03       0.37353D-03      -0.11069D-01       0.40718D+00       0.12406D+00
       0.16500D+03       0.37447D-03      -0.44086D-01       0.40719D+00       0.12338D+00
       0.16600D+03       0.37333D-03      -0.23392D-01       0.40720D+00       0.12493D+00
       0.16700D+03       0.37515D-03      -0.15614D-01       0.40722D+00       0.12422D+00
       0.16800D+03       0.37385D-03      -0.95698D-02       0.40716D+00       0.12389D+00
       0.16900D+03       0.37554D-03      -0.15290D-01       0.40718D+00       0.12320D+00
       0.17000D+03       0.37601D-03      -0.45323D-01       0.40719D+00       0.12254D+00
       0.17100D+03       0.37533D-03      -0.22748D-01       0.40720D+00       0.12404D+00
       0.17200D+03       0.37637D-03      -0.14384D-01       0.40721D+00       0.12336D+00
       0.17300D+03       0.37463D-03      -0.11219D-01       0.40716D+00       0.12305D+00
       0.17400D+03       0.37619D-03      -0.16666D-01       0.40718D+00       0.12242D+00
       0.17500D+03       0.37626D-03      -0.43318D-01       0.40720D+00       0.12179D+00
       0.17600D+03       0.37595D-03      -0.18916D-01       0.40720D+00       0.12755D+00
       0.17700D+03       0.37623D-03      -0.10106D-01       0.40721D+00       0.13114D+00
       0.17800D+03       0.37420D-03      -0.97768D-02       0.40716D+00       0.13080D+00
       0.17900D+03       0.37515D-03      -0.15066D-01       0.40718D+00       0.13010D+00
       0.18000D+03       0.37480D-03      -0.38512D-01       0.40720D+00       0.12945D+00
       0.18100D+03       0.37478D-03      -0.12502D-01       0.40720D+00       0.13501D+00
       0.18200D+03       0.37455D-03      -0.36983D-02       0.40721D+00       0.13431D+00
       0.18300D+03       0.37243D-03      -0.63261D-02       0.40716D+00       0.13397D+00
       0.18400D+03       0.37309D-03      -0.11556D-01       0.40718D+00       0.13329D+00
       0.18500D+03       0.37232D-03      -0.32357D-01       0.40720D+00       0.13265D+00
       0.18600D+03       0.37250D-03      -0.51059D-02       0.40720D+00       0.13601D+00
       0.18700D+03       0.37187D-03       0.31043D-02       0.40721D+00       0.13534D+00
       0.18800D+03       0.36984D-03      -0.26974D-02       0.40716D+00       0.13499D+00
       0.18900D+03       0.37030D-03      -0.78398D-02       0.40718D+00       0.13431D+00
       0.19000D+03       0.36915D-03      -0.26678D-01       0.40720D+00       0.13374D+00
       0.19100D+03       0.36951D-03       0.13301D-02       0.40720D+00       0.13324D+00
       0.19200D+03       0.36857D-03       0.84344D-02       0.40720D+00       0.13274D+00
       0.19300D+03       0.36676D-03      -0.73565D-03       0.40716D+00       0.13243D+00
       0.19400D+03       0.36710D-03      -0.55922D-02       0.40718D+00       0.13178D+00
       0.19500D+03       0.36575D-03      -0.23034D-01       0.40720D+00       0.13127D+00
       0.19600D+03       0.36619D-03       0.51943D-02       0.40719D+00       0.13071D+00
       0.19700D+03       0.36499D-03       0.10898D-01       0.40720D+00       0.13024D+00
       0.19800D+03       0.36347D-03      -0.17032D-02       0.40715D+00       0.12995D+00
       0.19900D+03       0.36373D-03      -0.59324D-02       0.40717D+00       0.12939D+00
       0.20000D+03       0.36242D-03      -0.22247D-01       0.40720D+00       0.12893D+00
       0.20100D+03       0.36296D-03       0.57018D-02       0.40719D+00       0.12840D+00
       0.20200D+03       0.36153D-03       0.99702D-02       0.40719D+00       0.12795D+00
       0.20300D+03       0.36033D-03      -0.59430D-02       0.40715D+00       0.12751D+00
       0.20400D+03       0.36053D-03      -0.91173D-02       0.40717D+00       0.12699D+00
       0.20500D+03       0.35950D-03      -0.24181D-01       0.40720D+00       0.12652D+00
       0.20600D+03       0.36013D-03       0.31232D-02       0.40718D+00       0.12594D+00
       0.20700D+03       0.35856D-03       0.61309D-02       0.40719D+00       0.12551D+00
       0.20800D+03       0.35768D-03      -0.12814D-01       0.40715D+00       0.12500D+00
       0.20900D+03       0.35778D-03      -0.14475D-01       0.40717D+00       0.12448D+00
       0.21000D+03       0.35717D-03      -0.27758D-01       0.40720D+00       0.12400D+00
       0.21100D+03       0.35803D-03      -0.12810D-02       0.40718D+00       0.12356D+00
       0.21200D+03       0.35642D-03       0.73823D-03       0.40718D+00       0.12315D+00
       0.21300D+03       0.35591D-03      -0.20877D-01       0.40715D+00       0.12265D+00
       0.21400D+03       0.35586D-03      -0.20577D-01       0.40717D+00       0.12384D+00
       0.21500D+03       0.35568D-03      -0.31261D-01       0.40720D+00       0.12337D+00
       0.21600D+03       0.35707D-03      -0.56199D-02       0.40718D+00       0.12298D+00
       0.21700D+03       0.35557D-03      -0.43586D-02       0.40718D+00       0.12258D+00
       0.21800D+03       0.35551D-03      -0.28306D-01       0.40715D+00       0.12217D+00
       0.21900D+03       0.35524D-03      -0.25645D-01       0.40717D+00       0.12334D+00
       0.22000D+03       0.35546D-03      -0.32874D-01       0.40720D+00       0.12288D+00
       0.22100D+03       0.35704D-03      -0.79893D-02       0.40718D+00       0.12248D+00
       0.22200D+03       0.35577D-03      -0.74177D-02       0.40718D+00       0.12209D+00
       0.22300D+03       0.35625D-03      -0.33492D-01       0.40715D+00       0.12158D+00
       0.22400D+03       0.35573D-03      -0.28156D-01       0.40717D+00       0.12273D+00
       0.22500D+03       0.35629D-03      -0.31374D-01       0.40720D+00       0.12223D+00
       0.22600D+03       0.35791D-03      -0.72261D-02       0.40718D+00       0.12174D+00
       0.22700D+03       0.35696D-03      -0.74851D-02       0.40718D+00       0.12136D+00
       0.22800D+03       0.35798D-03      -0.35662D-01       0.40716D+00       0.12087D+00
       0.22900D+03       0.35717D-03      -0.27500D-01       0.40718D+00       0.12200D+00
       0.23000D+03       0.35806D-03      -0.26749D-01       0.40720D+00       0.12152D+00
       0.23100D+03       0.35956D-03      -0.35314D-02       0.40718D+00       0.12102D+00
       0.23200D+03       0.35897D-03      -0.49001D-02       0.40718D+00       0.12065D+00
       0.23300D+03       0.36043D-03      -0.35278D-01       0.40716D+00       0.12017D+00
       0.23400D+03       0.35930D-03      -0.24386D-01       0.40718D+00       0.12123D+00
       0.23500D+03       0.36033D-03      -0.20379D-01       0.40720D+00       0.12077D+00
       0.23600D+03       0.36177D-03       0.14179D-02       0.40718D+00       0.12030D+00
       0.23700D+03       0.36158D-03      -0.13053D-02       0.40718D+00       0.11993D+00
       0.23800D+03       0.36323D-03      -0.33906D-01       0.40717D+00       0.11948D+00
       0.23900D+03       0.36181D-03      -0.20639D-01       0.40718D+00       0.12052D+00
       0.24000D+03       0.36313D-03      -0.14535D-01       0.40720D+00       0.12006D+00
       0.24100D+03       0.36414D-03       0.51368D-02       0.40718D+00       0.11961D+00
       0.24200D+03       0.36432D-03       0.10317D-02       0.40718D+00       0.11926D+00
       0.24300D+03       0.36583D-03      -0.33476D-01       0.40717D+00       0.11883D+00
       0.24400D+03       0.36426D-03      -0.18303D-01       0.40719D+00       0.12286D+00
       0.24500D+03       0.36590D-03      -0.11259D-01       0.40721D+00       0.12238D+00
       0.24600D+03       0.36643D-03       0.56071D-02       0.40718D+00       0.12193D+00
       0.24700D+03       0.36701D-03       0.38484D-03       0.40718D+00       0.12149D+00
       0.24800D+03       0.36845D-03      -0.35217D-01       0.40718D+00       0.12108D+00
       0.24900D+03       0.36698D-03      -0.18464D-01       0.40719D+00       0.12503D+00
       0.25000D+03       0.36878D-03      -0.11211D-01       0.40721D+00       0.12455D+00
       0.25100D+03       0.36886D-03       0.24286D-02       0.40718D+00       0.12419D+00
       0.25200D+03       0.36979D-03      -0.34379D-02       0.40719D+00       0.12374D+00
       0.25300D+03       0.37084D-03      -0.38893D-01       0.40718D+00       0.12330D+00
       0.25400D+03       0.36966D-03      -0.20599D-01       0.40719D+00       0.12716D+00
       0.25500D+03       0.37134D-03      -0.13295D-01       0.40721D+00       0.12668D+00
       0.25600D+03       0.37102D-03      -0.29586D-02       0.40718D+00       0.12632D+00
       0.25700D+03       0.37201D-03      -0.89750D-02       0.40719D+00       0.12585D+00
       0.25800D+03       0.37273D-03      -0.42903D-01       0.40719D+00       0.12541D+00
       0.25900D+03       0.37189D-03      -0.22907D-01       0.40720D+00       0.12639D+00
       0.26000D+03       0.37323D-03      -0.15318D-01       0.40721D+00       0.12593D+00
       0.26100D+03       0.37254D-03      -0.81280D-02       0.40718D+00       0.12571D+00
       0.26200D+03       0.37361D-03      -0.13958D-01       0.40719D+00       0.12525D+00
       0.26300D+03       0.37403D-03      -0.45213D-01       0.40719D+00       0.12482D+00
       0.26400D+03       0.37349D-03      -0.23361D-01       0.40720D+00       0.12578D+00
       0.26500D+03       0.37435D-03      -0.15224D-01       0.40721D+00       0.12534D+00
       0.26600D+03       0.37334D-03      -0.10972D-01       0.40718D+00       0.12512D+00
       0.26700D+03       0.37440D-03      -0.16515D-01       0.40719D+00       0.12470D+00
       0.26800D+03       0.37455D-03      -0.44468D-01       0.40720D+00       0.12428D+00
       0.26900D+03       0.37427D-03      -0.20747D-01       0.40720D+00       0.12804D+00
       0.27000D+03       0.37464D-03      -0.12069D-01       0.40721D+00       0.12899D+00
       0.27100D+03       0.37338D-03      -0.10649D-01       0.40718D+00       0.12878D+00
       0.27200D+03       0.37430D-03      -0.15982D-01       0.40719D+00       0.12835D+00
       0.27300D+03       0.37418D-03      -0.40604D-01       0.40720D+00       0.12794D+00
       0.27400D+03       0.37410D-03      -0.15174D-01       0.40720D+00       0.13161D+00
       0.27500D+03       0.37407D-03      -0.63006D-02       0.40721D+00       0.13117D+00
       0.27600D+03       0.37269D-03      -0.77746D-02       0.40717D+00       0.13096D+00
       0.27700D+03       0.37319D-03      -0.13021D-01       0.40719D+00       0.13051D+00
       0.27800D+03       0.37279D-03      -0.34754D-01       0.40720D+00       0.13009D+00
       0.27900D+03       0.37286D-03      -0.79266D-02       0.40720D+00       0.13369D+00
       0.28000D+03       0.37254D-03       0.57937D-03       0.40720D+00       0.13324D+00
       0.28100D+03       0.37116D-03      -0.39813D-02       0.40717D+00       0.13302D+00
       0.28200D+03       0.37149D-03      -0.91714D-02       0.40719D+00       0.13259D+00
       0.28300D+03       0.37081D-03      -0.28682D-01       0.40720D+00       0.13218D+00
       0.28400D+03       0.37100D-03      -0.90163D-03       0.40720D+00       0.13186D+00
       0.28500D+03       0.37045D-03       0.66743D-02       0.40720D+00       0.13143D+00
       0.28600D+03       0.36918D-03      -0.11908D-02       0.40717D+00       0.13122D+00
       0.28700D+03       0.36942D-03      -0.61904D-02       0.40718D+00       0.13078D+00
       0.28800D+03       0.36855D-03      -0.24115D-01       0.40720D+00       0.13042D+00
       0.28900D+03       0.36881D-03       0.40921D-02       0.40719D+00       0.13008D+00
       0.29000D+03       0.36807D-03       0.10350D-01       0.40720D+00       0.12976D+00
       0.29100D+03       0.36696D-03      -0.94315D-03       0.40717D+00       0.12956D+00
       0.29200D+03       0.36715D-03      -0.54595D-02       0.40718D+00       0.12914D+00
       0.29300D+03       0.36623D-03      -0.22197D-01       0.40720D+00       0.12881D+00
       0.29400D+03       0.36657D-03       0.59107D-02       0.40719D+00       0.12845D+00
       0.29500D+03       0.36565D-03       0.10717D-01       0.40719D+00       0.12814D+00
       0.29600D+03       0.36474D-03      -0.39550D-02       0.40717D+00       0.12784D+00
       0.29700D+03       0.36490D-03      -0.75863D-02       0.40718D+00       0.12747D+00
       0.29800D+03       0.36411D-03      -0.23170D-01       0.40720D+00       0.12712D+00
       0.29900D+03       0.36451D-03       0.44127D-02       0.40719D+00       0.12672D+00
       0.30000D+03       0.36346D-03       0.78728D-02       0.40719D+00       0.12642D+00
       0.30100D+03       0.36276D-03      -0.99530D-02       0.40716D+00       0.12613D+00
       0.30200D+03       0.36285D-03      -0.12247D-01       0.40718D+00       0.12576D+00
       0.30300D+03       0.36230D-03      -0.26296D-01       0.40720D+00       0.12542D+00
       0.30400D+03       0.36283D-03       0.50661D-03       0.40719D+00       0.12512D+00
       0.30500D+03       0.36171D-03       0.28714D-02       0.40719D+00       0.12483D+00
       0.30600D+03       0.36124D-03      -0.17766D-01       0.40716D+00       0.12447D+00
       0.30700D+03       0.36123D-03      -0.18267D-01       0.40718D+00       0.12530D+00
       0.30800D+03       0.36098D-03      -0.30051D-01       0.40720D+00       0.12497D+00
       0.30900D+03       0.36166D-03      -0.40974D-02       0.40718D+00       0.12466D+00
       0.31000D+03       0.36056D-03      -0.25651D-02       0.40719D+00       0.12438D+00
       0.31100D+03       0.36038D-03      -0.25654D-01       0.40716D+00       0.12409D+00
       0.31200D+03       0.36024D-03      -0.23939D-01       0.40718D+00       0.12491D+00
       0.31300D+03       0.36028D-03      -0.32579D-01       0.40720D+00       0.12458D+00
       0.31400D+03       0.36132D-03      -0.74146D-02       0.40718D+00       0.12430D+00
       0.31500D+03       0.36034D-03      -0.65737D-02       0.40719D+00       0.12402D+00
       0.31600D+03       0.36051D-03      -0.31847D-01       0.40717D+00       0.12365D+00
       0.31700D+03       0.36021D-03      -0.27563D-01       0.40718D+00       0.12446D+00
       0.31800D+03       0.36051D-03      -0.32348D-01       0.40720D+00       0.12410D+00
       0.31900D+03       0.36163D-03      -0.79097D-02       0.40718D+00       0.12375D+00
       0.32000D+03       0.36086D-03      -0.78226D-02       0.40718D+00       0.12347D+00
       0.32100D+03       0.36142D-03      -0.35187D-01       0.40717D+00       0.12312D+00
       0.32200D+03       0.36091D-03      -0.28110D-01       0.40718D+00       0.12391D+00
       0.32300D+03       0.36143D-03      -0.28828D-01       0.40720D+00       0.12357D+00
       0.32400D+03       0.36251D-03      -0.52126D-02       0.40718D+00       0.12320D+00
       0.32500D+03       0.36198D-03      -0.61216D-02       0.40719D+00       0.12293D+00
       0.32600D+03       0.36290D-03      -0.35645D-01       0.40717D+00       0.12259D+00
       0.32700D+03       0.36218D-03      -0.25768D-01       0.40718D+00       0.12334D+00
       0.32800D+03       0.36283D-03      -0.22886D-01       0.40720D+00       0.12300D+00
       0.32900D+03       0.36377D-03      -0.46972D-03       0.40718D+00       0.12264D+00
       0.33000D+03       0.36352D-03      -0.26566D-02       0.40719D+00       0.12237D+00
       0.33100D+03       0.36466D-03      -0.34420D-01       0.40718D+00       0.12204D+00
       0.33200D+03       0.36370D-03      -0.22008D-01       0.40719D+00       0.12278D+00
       0.33300D+03       0.36457D-03      -0.16558D-01       0.40720D+00       0.12244D+00
       0.33400D+03       0.36539D-03       0.40145D-02       0.40718D+00       0.12210D+00
       0.33500D+03       0.36540D-03       0.42236D-03       0.40719D+00       0.12184D+00
       0.33600D+03       0.36654D-03      -0.33424D-01       0.40718D+00       0.12152D+00
       0.33700D+03       0.36543D-03      -0.18928D-01       0.40719D+00       0.12225D+00
       0.33800D+03       0.36652D-03      -0.12127D-01       0.40720D+00       0.12190D+00
       0.33900D+03       0.36703D-03       0.58801D-02       0.40718D+00       0.12158D+00
       0.34000D+03       0.36733D-03       0.10371D-02       0.40719D+00       0.12125D+00
       0.34100D+03       0.36846D-03      -0.34274D-01       0.40718D+00       0.12098D+00
       0.34200D+03       0.36735D-03      -0.18104D-01       0.40719D+00       0.12385D+00
       0.34300D+03       0.36863D-03      -0.10883D-01       0.40720D+00       0.12350D+00
       0.34400D+03       0.36880D-03       0.40183D-02       0.40718D+00       0.12318D+00
       0.34500D+03       0.36939D-03      -0.16635D-02       0.40719D+00       0.12286D+00
       0.34600D+03       0.37027D-03      -0.37338D-01       0.40719D+00       0.12255D+00
       0.34700D+03       0.36932D-03      -0.19646D-01       0.40719D+00       0.12538D+00
       0.34800D+03       0.37059D-03      -0.12375D-01       0.40720D+00       0.12503D+00
       0.34900D+03       0.37047D-03      -0.78503D-03       0.40718D+00       0.12477D+00
       0.35000D+03       0.37114D-03      -0.67954D-02       0.40719D+00       0.12442D+00
       0.35100D+03       0.37177D-03      -0.41463D-01       0.40719D+00       0.12410D+00
       0.35200D+03       0.37106D-03      -0.22141D-01       0.40720D+00       0.12689D+00
       0.35300D+03       0.37216D-03      -0.14699D-01       0.40721D+00       0.12655D+00
       0.35400D+03       0.37175D-03      -0.63317D-02       0.40718D+00       0.12629D+00
       0.35500D+03       0.37252D-03      -0.12258D-01       0.40719D+00       0.12594D+00
       0.35600D+03       0.37291D-03      -0.44642D-01       0.40719D+00       0.12562D+00
       0.35700D+03       0.37243D-03      -0.23510D-01       0.40720D+00       0.12634D+00
       0.35800D+03       0.37321D-03      -0.15602D-01       0.40721D+00       0.12600D+00
       0.35900D+03       0.37255D-03      -0.10246D-01       0.40718D+00       0.12584D+00
       0.36000D+03       0.37335D-03      -0.15897D-01       0.40719D+00       0.12552D+00
       0.36100D+03       0.37353D-03      -0.45148D-01       0.40720D+00       0.12521D+00
       0.36200D+03       0.37326D-03      -0.22132D-01       0.40720D+00       0.12591D+00
       0.36300D+03       0.37368D-03      -0.13638D-01       0.40721D+00       0.12558D+00
       0.36400D+03       0.37281D-03      -0.11136D-01       0.40718D+00       0.12543D+00
       0.36500D+03       0.37354D-03      -0.16535D-01       0.40719D+00       0.12512D+00
       0.36600D+03       0.37353D-03      -0.42399D-01       0.40720D+00       0.12482D+00
       0.36700D+03       0.37342D-03      -0.17594D-01       0.40720D+00       0.12758D+00
       0.36800D+03       0.37350D-03      -0.87361D-02       0.40720D+00       0.12930D+00
       0.36900D+03       0.37250D-03      -0.90856D-02       0.40718D+00       0.12915D+00
       0.37000D+03       0.37293D-03      -0.14355D-01       0.40719D+00       0.12882D+00
       0.37100D+03       0.37271D-03      -0.37120D-01       0.40720D+00       0.12850D+00
       0.37200D+03       0.37272D-03      -0.10781D-01       0.40720D+00       0.13121D+00
       0.37300D+03       0.37256D-03      -0.20634D-02       0.40720D+00       0.13088D+00
       0.37400D+03       0.37152D-03      -0.54163D-02       0.40718D+00       0.13072D+00
       0.37500D+03       0.37182D-03      -0.10634D-01       0.40719D+00       0.13040D+00
       0.37600D+03       0.37139D-03      -0.30913D-01       0.40720D+00       0.13009D+00
       0.37700D+03       0.37150D-03      -0.34378D-02       0.40720D+00       0.12982D+00
       0.37800D+03       0.37115D-03       0.45522D-02       0.40720D+00       0.12951D+00
       0.37900D+03       0.37016D-03      -0.20270D-02       0.40718D+00       0.12936D+00
       0.38000D+03       0.37037D-03      -0.71261D-02       0.40719D+00       0.12903D+00
       0.38100D+03       0.36976D-03      -0.25594D-01       0.40720D+00       0.12876D+00
       0.38200D+03       0.36995D-03       0.25145D-02       0.40720D+00       0.12852D+00
       0.38300D+03       0.36944D-03       0.93065D-02       0.40720D+00       0.12828D+00
       0.38400D+03       0.36855D-03      -0.67066D-03       0.40718D+00       0.12814D+00
       0.38500D+03       0.36870D-03      -0.54147D-02       0.40719D+00       0.12782D+00
       0.38600D+03       0.36801D-03      -0.22581D-01       0.40720D+00       0.12757D+00
       0.38700D+03       0.36824D-03       0.56230D-02       0.40719D+00       0.12730D+00
       0.38800D+03       0.36759D-03       0.10984D-01       0.40720D+00       0.12707D+00
       0.38900D+03       0.36684D-03      -0.24135D-02       0.40717D+00       0.12684D+00
       0.39000D+03       0.36697D-03      -0.64352D-02       0.40719D+00       0.12657D+00
       0.39100D+03       0.36631D-03      -0.22483D-01       0.40720D+00       0.12630D+00
       0.39200D+03       0.36659D-03       0.53411D-02       0.40719D+00       0.12599D+00
       0.39300D+03       0.36582D-03       0.92918D-02       0.40719D+00       0.12577D+00
       0.39400D+03       0.36522D-03      -0.73636D-02       0.40717D+00       0.12555D+00
       0.39500D+03       0.36531D-03      -0.10224D-01       0.40718D+00       0.12528D+00
       0.39600D+03       0.36481D-03      -0.24930D-01       0.40720D+00       0.12502D+00
       0.39700D+03       0.36515D-03       0.21890D-02       0.40719D+00       0.12478D+00
       0.39800D+03       0.36431D-03       0.49392D-02       0.40719D+00       0.12456D+00
       0.39900D+03       0.36387D-03      -0.14667D-01       0.40717D+00       0.12430D+00
       0.40000D+03       0.36389D-03      -0.15906D-01       0.40718D+00       0.12403D+00
       0.40100D+03       0.36361D-03      -0.28658D-01       0.40720D+00       0.12378D+00
       0.40200D+03       0.36408D-03      -0.23820D-02       0.40719D+00       0.12355D+00
       0.40300D+03       0.36322D-03      -0.55715D-03       0.40719D+00       0.12333D+00
       0.40400D+03       0.36298D-03      -0.22747D-01       0.40717D+00       0.12307D+00
       0.40500D+03       0.36291D-03      -0.21926D-01       0.40718D+00       0.12370D+00
       0.40600D+03       0.36286D-03      -0.31870D-01       0.40720D+00       0.12345D+00
       0.40700D+03       0.36360D-03      -0.64143D-02       0.40719D+00       0.12324D+00
       0.40800D+03       0.36280D-03      -0.53134D-02       0.40719D+00       0.12303D+00
       0.40900D+03       0.36282D-03      -0.29773D-01       0.40717D+00       0.12274D+00
       0.41000D+03       0.36263D-03      -0.26506D-01       0.40718D+00       0.12337D+00
       0.41100D+03       0.36279D-03      -0.32824D-01       0.40720D+00       0.12312D+00
       0.41200D+03       0.36363D-03      -0.81094D-02       0.40719D+00       0.12290D+00
       0.41300D+03       0.36296D-03      -0.77131D-02       0.40719D+00       0.12269D+00
       0.41400D+03       0.36328D-03      -0.34277D-01       0.40717D+00       0.12242D+00
       0.41500D+03       0.36294D-03      -0.28283D-01       0.40718D+00       0.12304D+00
       0.41600D+03       0.36327D-03      -0.30539D-01       0.40720D+00       0.12277D+00
       0.41700D+03       0.36413D-03      -0.65813D-02       0.40719D+00       0.12250D+00
       0.41800D+03       0.36364D-03      -0.70739D-02       0.40719D+00       0.12229D+00
       0.41900D+03       0.36424D-03      -0.35757D-01       0.40718D+00       0.12202D+00
       0.42000D+03       0.36375D-03      -0.26936D-01       0.40719D+00       0.12263D+00
       0.42100D+03       0.36426D-03      -0.25333D-01       0.40720D+00       0.12237D+00
       0.42200D+03       0.36504D-03      -0.23942D-02       0.40719D+00       0.12209D+00
       0.42300D+03       0.36475D-03      -0.40648D-02       0.40719D+00       0.12188D+00
       0.42400D+03       0.36558D-03      -0.34971D-01       0.40718D+00       0.12162D+00
       0.42500D+03       0.36490D-03      -0.23481D-01       0.40719D+00       0.12220D+00
       0.42600D+03       0.36550D-03      -0.18870D-01       0.40720D+00       0.12194D+00
       0.42700D+03       0.36622D-03       0.24951D-02       0.40719D+00       0.12168D+00
       0.42800D+03       0.36614D-03      -0.56118D-03       0.40719D+00       0.12147D+00
       0.42900D+03       0.36704D-03      -0.33655D-01       0.40718D+00       0.12122D+00
       0.43000D+03       0.36621D-03      -0.19900D-01       0.40719D+00       0.12179D+00
       0.43100D+03       0.36699D-03      -0.13481D-01       0.40720D+00       0.12153D+00
       0.43200D+03       0.36748D-03       0.55863D-02       0.40719D+00       0.12128D+00
       0.43300D+03       0.36763D-03       0.11847D-02       0.40719D+00       0.12102D+00
       0.43400D+03       0.36857D-03      -0.33672D-01       0.40718D+00       0.12081D+00
       0.43500D+03       0.36769D-03      -0.18108D-01       0.40719D+00       0.12307D+00
       0.43600D+03       0.36865D-03      -0.10971D-01       0.40720D+00       0.12279D+00
       0.43700D+03       0.36888D-03       0.51620D-02       0.40719D+00       0.12254D+00
       0.43800D+03       0.36925D-03      -0.25842D-03       0.40719D+00       0.12229D+00
       0.43900D+03       0.37002D-03      -0.35948D-01       0.40719D+00       0.12204D+00
       0.44000D+03       0.36921D-03      -0.18840D-01       0.40719D+00       0.12427D+00
       0.44100D+03       0.37023D-03      -0.11581D-01       0.40720D+00       0.12400D+00
       0.44200D+03       0.37021D-03       0.12782D-02       0.40719D+00       0.12380D+00
       0.44300D+03       0.37078D-03      -0.46644D-02       0.40719D+00       0.12355D+00
       0.44400D+03       0.37134D-03      -0.39882D-01       0.40719D+00       0.12330D+00
       0.44500D+03       0.37071D-03      -0.21205D-01       0.40720D+00       0.12550D+00
       0.44600D+03       0.37164D-03      -0.13863D-01       0.40720D+00       0.12523D+00
       0.44700D+03       0.37140D-03      -0.42852D-02       0.40718D+00       0.12503D+00
       0.44800D+03       0.37199D-03      -0.10280D-01       0.40719D+00       0.12476D+00
       0.44900D+03       0.37236D-03      -0.43667D-01       0.40719D+00       0.12451D+00
       0.45000D+03       0.37192D-03      -0.23244D-01       0.40720D+00       0.12508D+00
       0.45100D+03       0.37263D-03      -0.15544D-01       0.40720D+00       0.12482D+00
       0.45200D+03       0.37219D-03      -0.90612D-02       0.40718D+00       0.12469D+00
       0.45300D+03       0.37282D-03      -0.14825D-01       0.40719D+00       0.12443D+00
       0.45400D+03       0.37302D-03      -0.45338D-01       0.40720D+00       0.12418D+00
       0.45500D+03       0.37275D-03      -0.23041D-01       0.40720D+00       0.12474D+00
       0.45600D+03       0.37319D-03      -0.14763D-01       0.40720D+00       0.12449D+00
       0.45700D+03       0.37256D-03      -0.11180D-01       0.40718D+00       0.12437D+00
       0.45800D+03       0.37317D-03      -0.16663D-01       0.40719D+00       0.12412D+00
       0.45900D+03       0.37322D-03      -0.43815D-01       0.40720D+00       0.12388D+00
       0.46000D+03       0.37309D-03      -0.19672D-01       0.40720D+00       0.12608D+00
       0.46100D+03       0.37324D-03      -0.10905D-01       0.40720D+00       0.12746D+00
       0.46200D+03       0.37248D-03      -0.10154D-01       0.40718D+00       0.12734D+00
       0.46300D+03       0.37301D-03      -0.15458D-01       0.40719D+00       0.12709D+00
       0.46400D+03       0.37290D-03      -0.39348D-01       0.40720D+00       0.12685D+00
       0.46500D+03       0.37288D-03      -0.13556D-01       0.40720D+00       0.12902D+00
       0.46600D+03       0.37282D-03      -0.47149D-02       0.40720D+00       0.12876D+00
       0.46700D+03       0.37200D-03      -0.68939D-02       0.40718D+00       0.12864D+00
       0.46800D+03       0.37227D-03      -0.12130D-01       0.40719D+00       0.12839D+00
       0.46900D+03       0.37199D-03      -0.33278D-01       0.40720D+00       0.12814D+00
       0.47000D+03       0.37206D-03      -0.61826D-02       0.40720D+00       0.13028D+00
       0.47100D+03       0.37183D-03       0.21513D-02       0.40720D+00       0.13162D+00
       0.47200D+03       0.37101D-03      -0.31681D-02       0.40718D+00       0.13150D+00
       0.47300D+03       0.37120D-03      -0.83318D-02       0.40719D+00       0.13123D+00
       0.47400D+03       0.37076D-03      -0.27419D-01       0.40720D+00       0.13098D+00
       0.47500D+03       0.37089D-03       0.51102D-03       0.40720D+00       0.13079D+00
       0.47600D+03       0.37053D-03       0.78031D-02       0.40720D+00       0.13054D+00
       0.47700D+03       0.36978D-03      -0.86193D-03       0.40718D+00       0.13042D+00
       0.47800D+03       0.36991D-03      -0.57793D-02       0.40719D+00       0.13016D+00
       0.47900D+03       0.36937D-03      -0.23401D-01       0.40720D+00       0.12995D+00
       0.48000D+03       0.36954D-03       0.48278D-02       0.40720D+00       0.12973D+00
       0.48100D+03       0.36906D-03       0.10746D-01       0.40720D+00       0.12954D+00
       0.48200D+03       0.36841D-03      -0.13516D-02       0.40718D+00       0.12942D+00
       0.48300D+03       0.36851D-03      -0.56989D-02       0.40719D+00       0.12919D+00
       0.48400D+03       0.36796D-03      -0.22178D-01       0.40720D+00       0.12900D+00
       0.48500D+03       0.36817D-03       0.58395D-02       0.40719D+00       0.12878D+00
       0.48600D+03       0.36758D-03       0.10313D-01       0.40719D+00       0.12859D+00
       0.48700D+03       0.36705D-03      -0.51262D-02       0.40718D+00       0.12841D+00
       0.48800D+03       0.36713D-03      -0.84848D-02       0.40719D+00       0.12819D+00
       0.48900D+03       0.36667D-03      -0.23757D-01       0.40720D+00       0.12799D+00
       0.49000D+03       0.36691D-03       0.36582D-02       0.40719D+00       0.12774D+00
       0.49100D+03       0.36625D-03       0.68355D-02       0.40719D+00       0.12756D+00
       0.49200D+03       0.36584D-03      -0.11684D-01       0.40718D+00       0.12734D+00
       0.49300D+03       0.36588D-03      -0.13597D-01       0.40719D+00       0.12711D+00
       0.49400D+03       0.36558D-03      -0.27189D-01       0.40720D+00       0.12690D+00
       0.49500D+03       0.36592D-03      -0.58625D-03       0.40719D+00       0.12671D+00
       0.49600D+03       0.36522D-03       0.15618D-02       0.40719D+00       0.12653D+00
       0.49700D+03       0.36496D-03      -0.19682D-01       0.40718D+00       0.12631D+00
       0.49800D+03       0.36493D-03      -0.19699D-01       0.40719D+00       0.12681D+00
       0.49900D+03       0.36481D-03      -0.30823D-01       0.40720D+00       0.12660D+00
       0.50000D+03       0.36539D-03      -0.50624D-02       0.40719D+00       0.12643D+00
       0.50100D+03       0.36471D-03      -0.36984D-02       0.40719D+00       0.12625D+00
       0.50200D+03       0.36463D-03      -0.27319D-01       0.40718D+00       0.12607D+00
       0.50300D+03       0.36452D-03      -0.25028D-01       0.40719D+00       0.12657D+00
       0.50400D+03       0.36458D-03      -0.32813D-01       0.40720D+00       0.12636D+00
       0.50500D+03       0.36523D-03      -0.78216D-02       0.40719D+00       0.12618D+00
       0.50600D+03       0.36464D-03      -0.71443D-02       0.40719D+00       0.12600D+00
       0.50700D+03       0.36480D-03      -0.32910D-01       0.40718D+00       0.12577D+00
       0.50800D+03       0.36457D-03      -0.27983D-01       0.40719D+00       0.12627D+00
       0.50900D+03       0.36478D-03      -0.31808D-01       0.40720D+00       0.12604D+00
       0.51000D+03       0.36548D-03      -0.75453D-02       0.40719D+00       0.12582D+00
       0.51100D+03       0.36502D-03      -0.76660D-02       0.40719D+00       0.12564D+00
       0.51200D+03       0.36542D-03      -0.35527D-01       0.40718D+00       0.12541D+00
       0.51300D+03       0.36506D-03      -0.27784D-01       0.40719D+00       0.12591D+00
       0.51400D+03       0.36542D-03      -0.27588D-01       0.40720D+00       0.12569D+00
       0.51500D+03       0.36609D-03      -0.42096D-02       0.40719D+00       0.12545D+00
       0.51600D+03       0.36578D-03      -0.53962D-02       0.40719D+00       0.12528D+00
       0.51700D+03       0.36640D-03      -0.35443D-01       0.40718D+00       0.12505D+00
       0.51800D+03       0.36590D-03      -0.24937D-01       0.40719D+00       0.12552D+00
       0.51900D+03       0.36634D-03      -0.21344D-01       0.40720D+00       0.12530D+00
       0.52000D+03       0.36700D-03       0.70391D-03       0.40719D+00       0.12508D+00
       0.52100D+03       0.36687D-03      -0.18110D-02       0.40719D+00       0.12491D+00
       0.52200D+03       0.36761D-03      -0.34093D-01       0.40718D+00       0.12469D+00
       0.52300D+03       0.36697D-03      -0.21147D-01       0.40719D+00       0.12515D+00
       0.52400D+03       0.36755D-03      -0.15274D-01       0.40720D+00       0.12494D+00
       0.52500D+03       0.36802D-03       0.47580D-02       0.40719D+00       0.12472D+00
       0.52600D+03       0.36807D-03       0.84695D-03       0.40719D+00       0.12454D+00
       0.52700D+03       0.36877D-03      -0.33418D-01       0.40719D+00       0.12433D+00
       0.52800D+03       0.36805D-03      -0.18499D-01       0.40719D+00       0.12619D+00
       0.52900D+03       0.36878D-03      -0.11534D-01       0.40720D+00       0.12596D+00
       0.53000D+03       0.36905D-03       0.57799D-02       0.40719D+00       0.12575D+00
       0.53100D+03       0.36928D-03       0.69585D-03       0.40719D+00       0.12553D+00
       0.53200D+03       0.36997D-03      -0.34815D-01       0.40719D+00       0.12533D+00
       0.53300D+03       0.36927D-03      -0.18285D-01       0.40719D+00       0.12717D+00
       0.53400D+03       0.37010D-03      -0.11040D-01       0.40720D+00       0.12694D+00
       0.53500D+03       0.37016D-03       0.30882D-02       0.40719D+00       0.12677D+00
       0.53600D+03       0.37057D-03      -0.27161D-02       0.40719D+00       0.12655D+00
       0.53700D+03       0.37110D-03      -0.38280D-01       0.40719D+00       0.12634D+00
       0.53800D+03       0.37052D-03      -0.20221D-01       0.40720D+00       0.12816D+00
       0.53900D+03       0.37132D-03      -0.12934D-01       0.40720D+00       0.12793D+00
       0.54000D+03       0.37120D-03      -0.21165D-02       0.40719D+00       0.12775D+00
       0.54100D+03       0.37165D-03      -0.81372D-02       0.40719D+00       0.12753D+00
       0.54200D+03       0.37202D-03      -0.42372D-01       0.40719D+00       0.12731D+00
       0.54300D+03       0.37160D-03      -0.22639D-01       0.40720D+00       0.12911D+00
       0.54400D+03       0.37227D-03      -0.15112D-01       0.40720D+00       0.12889D+00
       0.54500D+03       0.37196D-03      -0.74720D-02       0.40719D+00       0.12877D+00
       0.54600D+03       0.37248D-03      -0.13342D-01       0.40719D+00       0.12855D+00
       0.54700D+03       0.37270D-03      -0.45045D-01       0.40719D+00       0.12833D+00
       0.54800D+03       0.37242D-03      -0.23471D-01       0.40720D+00       0.12879D+00
       0.54900D+03       0.37288D-03      -0.15424D-01       0.40720D+00       0.12857D+00
       0.55000D+03       0.37241D-03      -0.10748D-01       0.40719D+00       0.12846D+00
       0.55100D+03       0.37293D-03      -0.16332D-01       0.40719D+00       0.12825D+00
       0.55200D+03       0.37302D-03      -0.44788D-01       0.40720D+00       0.12804D+00
       0.55300D+03       0.37288D-03      -0.21336D-01       0.40720D+00       0.12986D+00
       0.55400D+03       0.37309D-03      -0.12724D-01       0.40720D+00       0.13032D+00
       0.55500D+03       0.37250D-03      -0.10886D-01       0.40719D+00       0.13022D+00
       0.55600D+03       0.37296D-03      -0.16242D-01       0.40719D+00       0.13000D+00
       0.55700D+03       0.37292D-03      -0.41337D-01       0.40720D+00       0.12980D+00
       0.55800D+03       0.37287D-03      -0.16142D-01       0.40720D+00       0.13160D+00
       0.55900D+03       0.37289D-03      -0.72653D-02       0.40720D+00       0.13138D+00
       0.56000D+03       0.37222D-03      -0.83024D-02       0.40719D+00       0.13128D+00
       0.56100D+03       0.37247D-03      -0.13557D-01       0.40719D+00       0.13105D+00
       0.56200D+03       0.37230D-03      -0.35676D-01       0.40720D+00       0.13085D+00
       0.56300D+03       0.37233D-03      -0.90296D-02       0.40720D+00       0.13263D+00
       0.56400D+03       0.37219D-03      -0.43178D-03       0.40720D+00       0.13241D+00
       0.56500D+03       0.37150D-03      -0.45226D-02       0.40718D+00       0.13230D+00
       0.56600D+03       0.37168D-03      -0.97252D-02       0.40719D+00       0.13209D+00
       0.56700D+03       0.37136D-03      -0.29521D-01       0.40720D+00       0.13188D+00
       0.56800D+03       0.37144D-03      -0.18486D-02       0.40720D+00       0.13172D+00
       0.56900D+03       0.37118D-03       0.58945D-02       0.40720D+00       0.13151D+00
       0.57000D+03       0.37053D-03      -0.14719D-02       0.40718D+00       0.13140D+00
       0.57100D+03       0.37066D-03      -0.65146D-02       0.40719D+00       0.13118D+00
       0.57200D+03       0.37023D-03      -0.24641D-01       0.40720D+00       0.13100D+00
       0.57300D+03       0.37036D-03       0.35377D-02       0.40720D+00       0.13083D+00
       0.57400D+03       0.37000D-03       0.10004D-01       0.40720D+00       0.13067D+00
       0.57500D+03       0.36942D-03      -0.78109D-03       0.40718D+00       0.13057D+00
       0.57600D+03       0.36952D-03      -0.53920D-02       0.40719D+00       0.13036D+00
       0.57700D+03       0.36905D-03      -0.22293D-01       0.40720D+00       0.13018D+00
       0.57800D+03       0.36921D-03       0.58597D-02       0.40719D+00       0.13000D+00
       0.57900D+03       0.36875D-03       0.10878D-01       0.40720D+00       0.12984D+00
       0.58000D+03       0.36826D-03      -0.33053D-02       0.40718D+00       0.12968D+00
       0.58100D+03       0.36834D-03      -0.70950D-02       0.40719D+00       0.12949D+00
       0.58200D+03       0.36792D-03      -0.22863D-01       0.40720D+00       0.12931D+00
       0.58300D+03       0.36812D-03       0.48177D-02       0.40719D+00       0.12910D+00
       0.58400D+03       0.36758D-03       0.84628D-02       0.40719D+00       0.12894D+00
       0.58500D+03       0.36720D-03      -0.89174D-02       0.40718D+00       0.12879D+00
       0.58600D+03       0.36724D-03      -0.11438D-01       0.40719D+00       0.12860D+00
       0.58700D+03       0.36694D-03      -0.25752D-01       0.40720D+00       0.12842D+00
       0.58800D+03       0.36719D-03       0.11740D-02       0.40719D+00       0.12826D+00
       0.58900D+03       0.36660D-03       0.36826D-02       0.40719D+00       0.12811D+00
       0.59000D+03       0.36634D-03      -0.16563D-01       0.40718D+00       0.12792D+00
       0.59100D+03       0.36632D-03      -0.17357D-01       0.40719D+00       0.12834D+00
       0.59200D+03       0.36617D-03      -0.29530D-01       0.40720D+00       0.12816D+00
       0.59300D+03       0.36650D-03      -0.34527D-02       0.40719D+00       0.12800D+00
       0.59400D+03       0.36592D-03      -0.18107D-02       0.40719D+00       0.12785D+00
       0.59500D+03       0.36579D-03      -0.24558D-01       0.40718D+00       0.12769D+00
       0.59600D+03       0.36571D-03      -0.23194D-01       0.40719D+00       0.12811D+00
       0.59700D+03       0.36571D-03      -0.32351D-01       0.40720D+00       0.12794D+00
       0.59800D+03       0.36623D-03      -0.70757D-02       0.40719D+00       0.12778D+00
       0.59900D+03       0.36570D-03      -0.61341D-02       0.40719D+00       0.12763D+00
       0.60000D+03       0.36575D-03      -0.31096D-01       0.40718D+00       0.12743D+00
       0.60100D+03       0.36560D-03      -0.27209D-01       0.40719D+00       0.12785D+00
       0.60200D+03       0.36573D-03      -0.32591D-01       0.40720D+00       0.12767D+00
       0.60300D+03       0.36631D-03      -0.80451D-02       0.40719D+00       0.12752D+00
       0.60400D+03       0.36587D-03      -0.78347D-02       0.40719D+00       0.12736D+00
       0.60500D+03       0.36613D-03      -0.34889D-01       0.40718D+00       0.12717D+00
       0.60600D+03       0.36587D-03      -0.28231D-01       0.40719D+00       0.12758D+00
       0.60700D+03       0.36612D-03      -0.29536D-01       0.40720D+00       0.12739D+00
       0.60800D+03       0.36669D-03      -0.57833D-02       0.40719D+00       0.12720D+00
       0.60900D+03       0.36638D-03      -0.65263D-02       0.40719D+00       0.12704D+00
       0.61000D+03       0.36684D-03      -0.35724D-01       0.40718D+00       0.12686D+00
       0.61100D+03       0.36646D-03      -0.26250D-01       0.40719D+00       0.12725D+00
       0.61200D+03       0.36685D-03      -0.23844D-01       0.40720D+00       0.12706D+00
       0.61300D+03       0.36736D-03      -0.12158D-02       0.40719D+00       0.12686D+00
       0.61400D+03       0.36719D-03      -0.32004D-02       0.40719D+00       0.12671D+00
       0.61500D+03       0.36778D-03      -0.34635D-01       0.40718D+00       0.12652D+00
       0.61600D+03       0.36728D-03      -0.22570D-01       0.40719D+00       0.12691D+00
       0.61700D+03       0.36772D-03      -0.17422D-01       0.40720D+00       0.12672D+00
       0.61800D+03       0.36818D-03       0.34691D-02       0.40719D+00       0.12653D+00
       0.61900D+03       0.36816D-03       0.81959D-04       0.40719D+00       0.12638D+00
       0.62000D+03       0.36877D-03      -0.33483D-01       0.40719D+00       0.12620D+00
       0.62100D+03       0.36818D-03      -0.19265D-01       0.40719D+00       0.12659D+00
       0.62200D+03       0.36875D-03      -0.12593D-01       0.40720D+00       0.12640D+00
       0.62300D+03       0.36905D-03       0.58331D-02       0.40719D+00       0.12622D+00
       0.62400D+03       0.36918D-03       0.11536D-02       0.40719D+00       0.12603D+00
       0.62500D+03       0.36981D-03      -0.34000D-01       0.40719D+00       0.12588D+00
       0.62600D+03       0.36920D-03      -0.18061D-01       0.40719D+00       0.12744D+00
       0.62700D+03       0.36988D-03      -0.10863D-01       0.40720D+00       0.12724D+00
       0.62800D+03       0.37000D-03       0.45174D-02       0.40719D+00       0.12706D+00
       0.62900D+03       0.37030D-03      -0.10727D-02       0.40719D+00       0.12688D+00
       0.63000D+03       0.37079D-03      -0.36777D-01       0.40719D+00       0.12670D+00
       0.63100D+03       0.37026D-03      -0.19311D-01       0.40719D+00       0.12825D+00
       0.63200D+03       0.37096D-03      -0.12047D-01       0.40720D+00       0.12805D+00
       0.63300D+03       0.37092D-03       0.31798D-04       0.40719D+00       0.12791D+00
       0.63400D+03       0.37134D-03      -0.59603D-02       0.40719D+00       0.12772D+00
       0.63500D+03       0.37171D-03      -0.40864D-01       0.40719D+00       0.12754D+00
       0.63600D+03       0.37130D-03      -0.21794D-01       0.40720D+00       0.12908D+00
       0.63700D+03       0.37193D-03      -0.14396D-01       0.40720D+00       0.12888D+00
       0.63800D+03       0.37173D-03      -0.55655D-02       0.40719D+00       0.12873D+00
       0.63900D+03       0.37214D-03      -0.11522D-01       0.40719D+00       0.12854D+00
       0.64000D+03       0.37238D-03      -0.44310D-01       0.40719D+00       0.12836D+00
       0.64100D+03       0.37209D-03      -0.23453D-01       0.40720D+00       0.12875D+00
       0.64200D+03       0.37256D-03      -0.15628D-01       0.40720D+00       0.12856D+00
       0.64300D+03       0.37221D-03      -0.98412D-02       0.40719D+00       0.12847D+00
       0.64400D+03       0.37266D-03      -0.15536D-01       0.40719D+00       0.12828D+00
       0.64500D+03       0.37278D-03      -0.45280D-01       0.40720D+00       0.12810D+00
       0.64600D+03       0.37261D-03      -0.22540D-01       0.40720D+00       0.12849D+00
       0.64700D+03       0.37287D-03      -0.14126D-01       0.40720D+00       0.12830D+00
       0.64800D+03       0.37240D-03      -0.11208D-01       0.40719D+00       0.12821D+00
       0.64900D+03       0.37282D-03      -0.16637D-01       0.40719D+00       0.12803D+00
       0.65000D+03       0.37284D-03      -0.42994D-01       0.40720D+00       0.12786D+00
       0.65100D+03       0.37276D-03      -0.18440D-01       0.40720D+00       0.12941D+00
       0.65200D+03       0.37283D-03      -0.96093D-02       0.40720D+00       0.13038D+00
       0.65300D+03       0.37228D-03      -0.95318D-02       0.40719D+00       0.13029D+00
       0.65400D+03       0.37253D-03      -0.14813D-01       0.40719D+00       0.13010D+00
       0.65500D+03       0.37243D-03      -0.38002D-01       0.40720D+00       0.12992D+00
       0.65600D+03       0.37243D-03      -0.11867D-01       0.40720D+00       0.13145D+00
       0.65700D+03       0.37236D-03      -0.30911D-02       0.40720D+00       0.13126D+00
       0.65800D+03       0.37177D-03      -0.59872D-02       0.40719D+00       0.13117D+00
       0.65900D+03       0.37195D-03      -0.11213D-01       0.40719D+00       0.13099D+00
       0.66000D+03       0.37172D-03      -0.31815D-01       0.40720D+00       0.13081D+00
       0.66100D+03       0.37178D-03      -0.44774D-02       0.40720D+00       0.13066D+00
       0.66200D+03       0.37160D-03       0.36541D-02       0.40720D+00       0.13048D+00
       0.66300D+03       0.37102D-03      -0.24357D-02       0.40719D+00       0.13039D+00
       0.66400D+03       0.37115D-03      -0.75634D-02       0.40719D+00       0.13020D+00
       0.66500D+03       0.37081D-03      -0.26260D-01       0.40720D+00       0.13004D+00
       0.66600D+03       0.37091D-03       0.17888D-02       0.40720D+00       0.12991D+00
       0.66700D+03       0.37063D-03       0.87786D-02       0.40720D+00       0.12977D+00
       0.66800D+03       0.37011D-03      -0.69153D-03       0.40718D+00       0.12968D+00
       0.66900D+03       0.37020D-03      -0.55085D-02       0.40719D+00       0.12950D+00
       0.67000D+03       0.36980D-03      -0.22846D-01       0.40720D+00       0.12935D+00
       0.67100D+03       0.36993D-03       0.53762D-02       0.40720D+00       0.12920D+00
       0.67200D+03       0.36957D-03       0.10952D-01       0.40720D+00       0.12906D+00
       0.67300D+03       0.36912D-03      -0.19461D-02       0.40718D+00       0.12898D+00
       0.67400D+03       0.36919D-03      -0.61009D-02       0.40719D+00       0.12881D+00
       0.67500D+03       0.36880D-03      -0.22318D-01       0.40720D+00       0.12868D+00
       0.67600D+03       0.36895D-03       0.55874D-02       0.40719D+00       0.12852D+00
       0.67700D+03       0.36851D-03       0.97362D-02       0.40719D+00       0.12838D+00
       0.67800D+03       0.36815D-03      -0.64551D-02       0.40718D+00       0.12825D+00
       0.67900D+03       0.36820D-03      -0.95155D-02       0.40719D+00       0.12809D+00
       0.68000D+03       0.36789D-03      -0.24450D-01       0.40720D+00       0.12794D+00
       0.68100D+03       0.36808D-03       0.27864D-02       0.40719D+00       0.12776D+00
       0.68200D+03       0.36758D-03       0.56964D-02       0.40719D+00       0.12763D+00
       0.68300D+03       0.36731D-03      -0.13497D-01       0.40718D+00       0.12747D+00
       0.68400D+03       0.36732D-03      -0.15004D-01       0.40719D+00       0.12731D+00
       0.68500D+03       0.36714D-03      -0.28095D-01       0.40720D+00       0.12716D+00
       0.68600D+03       0.36740D-03      -0.16927D-02       0.40719D+00       0.12702D+00
       0.68700D+03       0.36689D-03       0.25277D-03       0.40719D+00       0.12688D+00
       0.68800D+03       0.36673D-03      -0.21578D-01       0.40718D+00       0.12673D+00
       0.68900D+03       0.36669D-03      -0.21087D-01       0.40719D+00       0.12709D+00
       0.69000D+03       0.36663D-03      -0.31501D-01       0.40720D+00       0.12694D+00
       0.69100D+03       0.36705D-03      -0.59299D-02       0.40719D+00       0.12681D+00
       0.69200D+03       0.36657D-03      -0.47286D-02       0.40719D+00       0.12668D+00
       0.69300D+03       0.36654D-03      -0.28868D-01       0.40718D+00       0.12654D+00
       0.69400D+03       0.36644D-03      -0.25983D-01       0.40719D+00       0.12691D+00
       0.69500D+03       0.36651D-03      -0.32876D-01       0.40720D+00       0.12676D+00
       0.69600D+03       0.36699D-03      -0.80554D-02       0.40719D+00       0.12662D+00
       0.69700D+03       0.36658D-03      -0.75479D-02       0.40719D+00       0.12649D+00
       0.69800D+03       0.36673D-03      -0.33804D-01       0.40718D+00       0.12632D+00
       0.69900D+03       0.36655D-03      -0.28224D-01       0.40719D+00       0.12668D+00
       0.70000D+03       0.36672D-03      -0.31084D-01       0.40720D+00       0.12652D+00
       0.70100D+03       0.36722D-03      -0.70052D-02       0.40719D+00       0.12635D+00
       0.70200D+03       0.36691D-03      -0.73491D-02       0.40719D+00       0.12622D+00
       0.70300D+03       0.36724D-03      -0.35714D-01       0.40718D+00       0.12606D+00
       0.70400D+03       0.36696D-03      -0.27306D-01       0.40719D+00       0.12642D+00
       0.70500D+03       0.36725D-03      -0.26232D-01       0.40720D+00       0.12626D+00
       0.70600D+03       0.36772D-03      -0.31151D-02       0.40719D+00       0.12609D+00
       0.70700D+03       0.36752D-03      -0.45946D-02       0.40719D+00       0.12596D+00
       0.70800D+03       0.36799D-03      -0.35169D-01       0.40719D+00       0.12579D+00
       0.70900D+03       0.36760D-03      -0.24052D-01       0.40719D+00       0.12613D+00
       0.71000D+03       0.36794D-03      -0.19812D-01       0.40720D+00       0.12597D+00
       0.71100D+03       0.36839D-03       0.18288D-02       0.40719D+00       0.12581D+00
       0.71200D+03       0.36832D-03      -0.10184D-02       0.40719D+00       0.12568D+00
       0.71300D+03       0.36885D-03      -0.33805D-01       0.40719D+00       0.12552D+00
       0.71400D+03       0.36836D-03      -0.20353D-01       0.40719D+00       0.12586D+00
       0.71500D+03       0.36881D-03      -0.14125D-01       0.40720D+00       0.12570D+00
       0.71600D+03       0.36913D-03       0.53268D-02       0.40719D+00       0.12554D+00
       0.71700D+03       0.36919D-03       0.11095D-02       0.40719D+00       0.12541D+00
       0.71800D+03       0.36977D-03      -0.33534D-01       0.40719D+00       0.12528D+00
       0.71900D+03       0.36924D-03      -0.18213D-01       0.40719D+00       0.12664D+00
       0.72000D+03       0.36980D-03      -0.11130D-01       0.40720D+00       0.12647D+00
       0.72100D+03       0.36996D-03       0.54655D-02       0.40719D+00       0.12631D+00
       0.72200D+03       0.37016D-03       0.16624D-03       0.40719D+00       0.12615D+00
       0.72300D+03       0.37064D-03      -0.35477D-01       0.40719D+00       0.12599D+00
       0.72400D+03       0.37014D-03      -0.18591D-01       0.40719D+00       0.12735D+00
       0.72500D+03       0.37076D-03      -0.11336D-01       0.40720D+00       0.12718D+00
       0.72600D+03       0.37077D-03       0.20136D-02       0.40719D+00       0.12705D+00
       0.72700D+03       0.37109D-03      -0.38844D-02       0.40719D+00       0.12689D+00
       0.72800D+03       0.37145D-03      -0.39260D-01       0.40719D+00       0.12673D+00
       0.72900D+03       0.37105D-03      -0.20825D-01       0.40720D+00       0.12807D+00
       0.73000D+03       0.37163D-03      -0.13509D-01       0.40720D+00       0.12790D+00
       0.73100D+03       0.37150D-03      -0.34558D-02       0.40719D+00       0.12778D+00
       0.73200D+03       0.37186D-03      -0.94660D-02       0.40719D+00       0.12761D+00
       0.73300D+03       0.37210D-03      -0.43200D-01       0.40719D+00       0.12745D+00
       0.73400D+03       0.37181D-03      -0.23046D-01       0.40720D+00       0.12780D+00
       0.73500D+03       0.37228D-03      -0.15418D-01       0.40720D+00       0.12763D+00
       0.73600D+03       0.37202D-03      -0.84922D-02       0.40719D+00       0.12755D+00
       0.73700D+03       0.37241D-03      -0.14298D-01       0.40719D+00       0.12739D+00
       0.73800D+03       0.37255D-03      -0.45280D-01       0.40720D+00       0.12723D+00
       0.73900D+03       0.37236D-03      -0.23262D-01       0.40720D+00       0.12757D+00
       0.74000D+03       0.37266D-03      -0.15073D-01       0.40720D+00       0.12741D+00
       0.74100D+03       0.37229D-03      -0.11071D-01       0.40719D+00       0.12733D+00
       0.74200D+03       0.37267D-03      -0.16591D-01       0.40719D+00       0.12717D+00
       0.74300D+03       0.37272D-03      -0.44245D-01       0.40720D+00       0.12702D+00
       0.74400D+03       0.37263D-03      -0.20366D-01       0.40720D+00       0.12837D+00
       0.74500D+03       0.37275D-03      -0.11652D-01       0.40720D+00       0.12923D+00
       0.74600D+03       0.37229D-03      -0.10481D-01       0.40719D+00       0.12915D+00
       0.74700D+03       0.37262D-03      -0.15802D-01       0.40719D+00       0.12899D+00
       0.74800D+03       0.37257D-03      -0.40149D-01       0.40720D+00       0.12884D+00
       0.74900D+03       0.37255D-03      -0.14581D-01       0.40720D+00       0.13019D+00
       0.75000D+03       0.37253D-03      -0.57166D-02       0.40720D+00       0.13002D+00
       0.75100D+03       0.37202D-03      -0.74516D-02       0.40719D+00       0.12995D+00
       0.75200D+03       0.37220D-03      -0.12694D-01       0.40719D+00       0.12979D+00
       0.75300D+03       0.37204D-03      -0.34205D-01       0.40720D+00       0.12963D+00
       0.75400D+03       0.37207D-03      -0.72747D-02       0.40720D+00       0.13096D+00
       0.75500D+03       0.37195D-03       0.11709D-02       0.40720D+00       0.13180D+00
       0.75600D+03       0.37143D-03      -0.36707D-02       0.40719D+00       0.13172D+00
       0.75700D+03       0.37155D-03      -0.88519D-02       0.40719D+00       0.13156D+00
       0.75800D+03       0.37129D-03      -0.28201D-01       0.40720D+00       0.13141D+00
       0.75900D+03       0.37137D-03      -0.36132D-03       0.40720D+00       0.13129D+00
       0.76000D+03       0.37115D-03       0.71114D-02       0.40720D+00       0.13113D+00
       0.76100D+03       0.37067D-03      -0.10508D-02       0.40719D+00       0.13105D+00
       0.76200D+03       0.37076D-03      -0.60218D-02       0.40719D+00       0.13089D+00
       0.76300D+03       0.37043D-03      -0.23831D-01       0.40720D+00       0.13076D+00
       0.76400D+03       0.37053D-03       0.43874D-02       0.40720D+00       0.13064D+00
       0.76500D+03       0.37024D-03       0.10519D-01       0.40720D+00       0.13052D+00
       0.76600D+03       0.36982D-03      -0.10735D-02       0.40719D+00       0.13044D+00
       0.76700D+03       0.36988D-03      -0.55296D-02       0.40719D+00       0.13029D+00
       0.76800D+03       0.36953D-03      -0.22171D-01       0.40720D+00       0.13017D+00
       0.76900D+03       0.36966D-03       0.59058D-02       0.40719D+00       0.13003D+00
       0.77000D+03       0.36930D-03       0.10587D-01       0.40720D+00       0.12991D+00
       0.77100D+03       0.36895D-03      -0.43717D-02       0.40718D+00       0.12979D+00
       0.77200D+03       0.36900D-03      -0.79045D-02       0.40719D+00       0.12965D+00
       0.77300D+03       0.36870D-03      -0.23375D-01       0.40720D+00       0.12952D+00
       0.77400D+03       0.36885D-03       0.41468D-02       0.40719D+00       0.12937D+00
       0.77500D+03       0.36843D-03       0.75000D-02       0.40719D+00       0.12925D+00
       0.77600D+03       0.36816D-03      -0.10586D-01       0.40718D+00       0.12911D+00
       0.77700D+03       0.36819D-03      -0.12742D-01       0.40719D+00       0.12896D+00
       0.77800D+03       0.36798D-03      -0.26626D-01       0.40720D+00       0.12882D+00
       0.77900D+03       0.36818D-03       0.10314D-03       0.40719D+00       0.12870D+00
       0.78000D+03       0.36774D-03       0.23855D-02       0.40719D+00       0.12858D+00
       0.78100D+03       0.36755D-03      -0.18480D-01       0.40718D+00       0.12844D+00
       0.78200D+03       0.36754D-03      -0.18803D-01       0.40719D+00       0.12876D+00
       0.78300D+03       0.36745D-03      -0.30348D-01       0.40720D+00       0.12862D+00
       0.78400D+03       0.36771D-03      -0.44664D-02       0.40719D+00       0.12850D+00
       0.78500D+03       0.36727D-03      -0.29976D-02       0.40719D+00       0.12838D+00
       0.78600D+03       0.36720D-03      -0.26286D-01       0.40718D+00       0.12826D+00
       0.78700D+03       0.36713D-03      -0.24359D-01       0.40719D+00       0.12858D+00
       0.78800D+03       0.36715D-03      -0.32685D-01       0.40720D+00       0.12845D+00
       0.78900D+03       0.36756D-03      -0.75856D-02       0.40719D+00       0.12833D+00
       0.79000D+03       0.36717D-03      -0.68050D-02       0.40719D+00       0.12821D+00
       0.79100D+03       0.36724D-03      -0.32262D-01       0.40718D+00       0.12806D+00
       0.79200D+03       0.36710D-03      -0.27740D-01       0.40719D+00       0.12838D+00
       0.79300D+03       0.36723D-03      -0.32168D-01       0.40720D+00       0.12823D+00
       0.79400D+03       0.36767D-03      -0.77952D-02       0.40719D+00       0.12808D+00
       0.79500D+03       0.36735D-03      -0.77837D-02       0.40719D+00       0.12796D+00
       0.79600D+03       0.36759D-03      -0.35332D-01       0.40719D+00       0.12782D+00
       0.79700D+03       0.36737D-03      -0.28007D-01       0.40719D+00       0.12813D+00
       0.79800D+03       0.36758D-03      -0.28382D-01       0.40720D+00       0.12799D+00
       0.79900D+03       0.36801D-03      -0.48518D-02       0.40719D+00       0.12783D+00
       0.80000D+03       0.36780D-03      -0.58622D-02       0.40719D+00       0.12772D+00
       0.80100D+03       0.36817D-03      -0.35580D-01       0.40719D+00       0.12757D+00
       0.80200D+03       0.36786D-03      -0.25467D-01       0.40719D+00       0.12787D+00
       0.80300D+03       0.36813D-03      -0.22313D-01       0.40720D+00       0.12773D+00
       0.80400D+03       0.36850D-03      -0.29413D-04       0.40719D+00       0.12758D+00
       0.80500D+03       0.36840D-03      -0.23377D-02       0.40719D+00       0.12746D+00
       0.80600D+03       0.36887D-03      -0.34295D-01       0.40719D+00       0.12731D+00
       0.80700D+03       0.36846D-03      -0.21681D-01       0.40719D+00       0.12761D+00
       0.80800D+03       0.36882D-03      -0.16066D-01       0.40720D+00       0.12747D+00
       0.80900D+03       0.36915D-03       0.43102D-02       0.40719D+00       0.12732D+00
       0.81000D+03       0.36915D-03       0.59815D-03       0.40719D+00       0.12721D+00
       0.81100D+03       0.36962D-03      -0.33408D-01       0.40719D+00       0.12707D+00
       0.81200D+03       0.36915D-03      -0.18752D-01       0.40719D+00       0.12782D+00
       0.81300D+03       0.36961D-03      -0.11884D-01       0.40720D+00       0.12767D+00
       0.81400D+03       0.36981D-03       0.58680D-02       0.40719D+00       0.12752D+00
       0.81500D+03       0.36994D-03       0.93244D-03       0.40719D+00       0.12738D+00
       0.81600D+03       0.37040D-03      -0.34460D-01       0.40719D+00       0.12725D+00
       0.81700D+03       0.36993D-03      -0.18156D-01       0.40719D+00       0.12845D+00
       0.81800D+03       0.37047D-03      -0.10924D-01       0.40720D+00       0.12829D+00
       0.81900D+03       0.37053D-03       0.36907D-02       0.40719D+00       0.12818D+00
       0.82000D+03       0.37078D-03      -0.20401D-02       0.40719D+00       0.12804D+00
       0.82100D+03       0.37114D-03      -0.37682D-01       0.40719D+00       0.12790D+00
       0.82200D+03       0.37074D-03      -0.19855D-01       0.40720D+00       0.12908D+00
       0.82300D+03       0.37128D-03      -0.12579D-01       0.40720D+00       0.12893D+00
       0.82400D+03       0.37122D-03      -0.12775D-02       0.40719D+00       0.12882D+00
       0.82500D+03       0.37151D-03      -0.72943D-02       0.40719D+00       0.12867D+00
       0.82600D+03       0.37176D-03      -0.41809D-01       0.40719D+00       0.12853D+00
       0.82700D+03       0.37147D-03      -0.22336D-01       0.40720D+00       0.12971D+00
       0.82800D+03       0.37193D-03      -0.14864D-01       0.40720D+00       0.12956D+00
       0.82900D+03       0.37174D-03      -0.67686D-02       0.40719D+00       0.12944D+00
       0.83000D+03       0.37208D-03      -0.12675D-01       0.40719D+00       0.12929D+00
       0.83100D+03       0.37224D-03      -0.44811D-01       0.40720D+00       0.12915D+00
       0.83200D+03       0.37204D-03      -0.23515D-01       0.40720D+00       0.12945D+00
       0.83300D+03       0.37236D-03      -0.15555D-01       0.40720D+00       0.12931D+00
       0.83400D+03       0.37207D-03      -0.10454D-01       0.40719D+00       0.12923D+00
       0.83500D+03       0.37242D-03      -0.16079D-01       0.40719D+00       0.12909D+00
       0.83600D+03       0.37249D-03      -0.45036D-01       0.40720D+00       0.12895D+00
       0.83700D+03       0.37238D-03      -0.21857D-01       0.40720D+00       0.13015D+00
       0.83800D+03       0.37255D-03      -0.13317D-01       0.40720D+00       0.13046D+00
       0.83900D+03       0.37216D-03      -0.11062D-01       0.40719D+00       0.13039D+00
       0.84000D+03       0.37248D-03      -0.16444D-01       0.40719D+00       0.13025D+00
       0.84100D+03       0.37247D-03      -0.42020D-01       0.40720D+00       0.13011D+00
       0.84200D+03       0.37243D-03      -0.17068D-01       0.40720D+00       0.13131D+00
       0.84300D+03       0.37245D-03      -0.81993D-02       0.40720D+00       0.13206D+00
       0.84400D+03       0.37201D-03      -0.88036D-02       0.40719D+00       0.13198D+00
       0.84500D+03       0.37220D-03      -0.14067D-01       0.40719D+00       0.13184D+00
       0.84600D+03       0.37209D-03      -0.36588D-01       0.40720D+00       0.13170D+00
       0.84700D+03       0.37210D-03      -0.10131D-01       0.40720D+00       0.13288D+00
       0.84800D+03       0.37203D-03      -0.14544D-02       0.40720D+00       0.13273D+00
       0.84900D+03       0.37157D-03      -0.50804D-02       0.40719D+00       0.13266D+00
       0.85000D+03       0.37170D-03      -0.10293D-01       0.40719D+00       0.13252D+00
       0.85100D+03       0.37150D-03      -0.30388D-01       0.40720D+00       0.13238D+00
       0.85200D+03       0.37155D-03      -0.28358D-02       0.40720D+00       0.13226D+00
       0.85300D+03       0.37139D-03       0.50652D-02       0.40720D+00       0.13212D+00
       0.85400D+03       0.37095D-03      -0.18059D-02       0.40719D+00       0.13204D+00
       0.85500D+03       0.37104D-03      -0.68856D-02       0.40719D+00       0.13190D+00
       0.85600D+03       0.37076D-03      -0.25223D-01       0.40720D+00       0.13177D+00
       0.85700D+03       0.37084D-03       0.29149D-02       0.40720D+00       0.13166D+00
       0.85800D+03       0.37061D-03       0.95872D-02       0.40720D+00       0.13155D+00
       0.85900D+03       0.37022D-03      -0.69082D-03       0.40719D+00       0.13149D+00
       0.86000D+03       0.37028D-03      -0.53878D-02       0.40719D+00       0.13134D+00
       0.86100D+03       0.36997D-03      -0.22454D-01       0.40720D+00       0.13122D+00
       0.86200D+03       0.37007D-03       0.57336D-02       0.40720D+00       0.13110D+00
       0.86300D+03       0.36977D-03       0.10967D-01       0.40720D+00       0.13099D+00
       0.86400D+03       0.36944D-03      -0.27245D-02       0.40719D+00       0.13088D+00
       0.86500D+03       0.36949D-03      -0.66628D-02       0.40719D+00       0.13075D+00
       0.86600D+03       0.36920D-03      -0.22608D-01       0.40720D+00       0.13063D+00
       0.86700D+03       0.36932D-03       0.51646D-02       0.40719D+00       0.13049D+00
       0.86800D+03       0.36897D-03       0.90000D-02       0.40720D+00       0.13038D+00
       0.86900D+03       0.36870D-03      -0.79272D-02       0.40719D+00       0.13027D+00
       0.87000D+03       0.36873D-03      -0.10664D-01       0.40719D+00       0.13015D+00
       0.87100D+03       0.36851D-03      -0.25229D-01       0.40720D+00       0.13003D+00
       0.87200D+03       0.36867D-03       0.18194D-02       0.40719D+00       0.12991D+00
       0.87300D+03       0.36827D-03       0.44778D-02       0.40719D+00       0.12981D+00
       0.87400D+03       0.36808D-03      -0.15369D-01       0.40719D+00       0.12968D+00
       0.87500D+03       0.36808D-03      -0.16445D-01       0.40719D+00       0.12996D+00
       0.87600D+03       0.36796D-03      -0.28987D-01       0.40720D+00       0.12984D+00
       0.87700D+03       0.36817D-03      -0.27854D-02       0.40719D+00       0.12973D+00
       0.87800D+03       0.36777D-03      -0.10299D-02       0.40719D+00       0.12962D+00
       0.87900D+03       0.36767D-03      -0.23429D-01       0.40719D+00       0.12950D+00
       0.88000D+03       0.36763D-03      -0.22409D-01       0.40719D+00       0.12978D+00
       0.88100D+03       0.36761D-03      -0.32065D-01       0.40720D+00       0.12966D+00
       0.88200D+03       0.36795D-03      -0.66770D-02       0.40719D+00       0.12954D+00
       0.88300D+03       0.36758D-03      -0.56354D-02       0.40719D+00       0.12944D+00
       0.88400D+03       0.36759D-03      -0.30283D-01       0.40719D+00       0.12930D+00
       0.88500D+03       0.36750D-03      -0.26787D-01       0.40719D+00       0.12958D+00
       0.88600D+03       0.36757D-03      -0.32759D-01       0.40720D+00       0.12946D+00
       0.88700D+03       0.36796D-03      -0.81071D-02       0.40719D+00       0.12935D+00
       0.88800D+03       0.36765D-03      -0.77787D-02       0.40719D+00       0.12925D+00
       0.88900D+03       0.36780D-03      -0.34525D-01       0.40719D+00       0.12911D+00
       0.89000D+03       0.36764D-03      -0.28284D-01       0.40719D+00       0.12939D+00
       0.89100D+03       0.36779D-03      -0.30184D-01       0.40720D+00       0.12926D+00
       0.89200D+03       0.36818D-03      -0.63012D-02       0.40719D+00       0.12913D+00
       0.89300D+03       0.36796D-03      -0.68850D-02       0.40719D+00       0.12902D+00
       0.89400D+03       0.36825D-03      -0.35759D-01       0.40719D+00       0.12889D+00
       0.89500D+03       0.36800D-03      -0.26693D-01       0.40719D+00       0.12917D+00
       0.89600D+03       0.36825D-03      -0.24786D-01       0.40720D+00       0.12904D+00
       0.89700D+03       0.36860D-03      -0.19587D-02       0.40719D+00       0.12890D+00
       0.89800D+03       0.36847D-03      -0.37448D-02       0.40719D+00       0.12879D+00
       0.89900D+03       0.36886D-03      -0.34848D-01       0.40719D+00       0.12866D+00
       0.90000D+03       0.36853D-03      -0.23141D-01       0.40719D+00       0.12893D+00
       0.90100D+03       0.36882D-03      -0.18322D-01       0.40720D+00       0.12879D+00
       0.90200D+03       0.36915D-03       0.28714D-02       0.40719D+00       0.12866D+00
       0.90300D+03       0.36911D-03      -0.30851D-03       0.40719D+00       0.12856D+00
       0.90400D+03       0.36954D-03      -0.33581D-01       0.40719D+00       0.12843D+00
       0.90500D+03       0.36913D-03      -0.19650D-01       0.40719D+00       0.12869D+00
       0.90600D+03       0.36951D-03      -0.13130D-01       0.40720D+00       0.12856D+00
       0.90700D+03       0.36973D-03       0.57025D-02       0.40719D+00       0.12844D+00
       0.90800D+03       0.36981D-03       0.11952D-02       0.40719D+00       0.12830D+00
       0.90900D+03       0.37025D-03      -0.33779D-01       0.40719D+00       0.12819D+00
       0.91000D+03       0.36983D-03      -0.18073D-01       0.40719D+00       0.12927D+00
       0.91100D+03       0.37029D-03      -0.10910D-01       0.40720D+00       0.12913D+00
       0.91200D+03       0.37039D-03       0.49446D-02       0.40719D+00       0.12900D+00
       0.91300D+03       0.37057D-03      -0.54231D-03       0.40719D+00       0.12887D+00
       0.91400D+03       0.37093D-03      -0.36246D-01       0.40719D+00       0.12875D+00
       0.91500D+03       0.37055D-03      -0.19005D-01       0.40720D+00       0.12981D+00
       0.91600D+03       0.37104D-03      -0.11745D-01       0.40720D+00       0.12968D+00
       0.91700D+03       0.37102D-03       0.82386D-03       0.40719D+00       0.12957D+00
       0.91800D+03       0.37130D-03      -0.51402D-02       0.40719D+00       0.12944D+00
       0.91900D+03       0.37156D-03      -0.40250D-01       0.40719D+00       0.12932D+00
       0.92000D+03       0.37126D-03      -0.21428D-01       0.40720D+00       0.13038D+00
       0.92100D+03       0.37171D-03      -0.14067D-01       0.40720D+00       0.13024D+00
       0.92200D+03       0.37158D-03      -0.47688D-02       0.40719D+00       0.13014D+00
       0.92300D+03       0.37187D-03      -0.10751D-01       0.40719D+00       0.13000D+00
       0.92400D+03       0.37205D-03      -0.43921D-01       0.40719D+00       0.12987D+00
       0.92500D+03       0.37184D-03      -0.23338D-01       0.40720D+00       0.13014D+00
       0.92600D+03       0.37218D-03      -0.15593D-01       0.40720D+00       0.13001D+00
       0.92700D+03       0.37195D-03      -0.93702D-02       0.40719D+00       0.12994D+00
       0.92800D+03       0.37226D-03      -0.15108D-01       0.40719D+00       0.12981D+00
       0.92900D+03       0.37235D-03      -0.45338D-01       0.40720D+00       0.12969D+00
       0.93000D+03       0.37223D-03      -0.22876D-01       0.40720D+00       0.12995D+00
       0.93100D+03       0.37243D-03      -0.14547D-01       0.40720D+00       0.12982D+00
       0.93200D+03       0.37212D-03      -0.11211D-01       0.40719D+00       0.12976D+00
       0.93300D+03       0.37241D-03      -0.16673D-01       0.40719D+00       0.12963D+00
       0.93400D+03       0.37244D-03      -0.43528D-01       0.40720D+00       0.12951D+00
       0.93500D+03       0.37238D-03      -0.19231D-01       0.40720D+00       0.13058D+00
       0.93600D+03       0.37244D-03      -0.10438D-01       0.40720D+00       0.13126D+00
       0.93700D+03       0.37206D-03      -0.99360D-02       0.40719D+00       0.13119D+00
       0.93800D+03       0.37225D-03      -0.15231D-01       0.40719D+00       0.13106D+00
       0.93900D+03       0.37219D-03      -0.38856D-01       0.40720D+00       0.13093D+00
       0.94000D+03       0.37218D-03      -0.12934D-01       0.40720D+00       0.13200D+00
       0.94100D+03       0.37215D-03      -0.41137D-02       0.40720D+00       0.13187D+00
       0.94200D+03       0.37174D-03      -0.65581D-02       0.40719D+00       0.13181D+00
       0.94300D+03       0.37187D-03      -0.11791D-01       0.40719D+00       0.13168D+00
       0.94400D+03       0.37173D-03      -0.32731D-01       0.40720D+00       0.13155D+00
       0.94500D+03       0.37176D-03      -0.55420D-02       0.40720D+00       0.13221D+00
       0.94600D+03       0.37164D-03       0.27199D-02       0.40720D+00       0.13209D+00
       0.94700D+03       0.37124D-03      -0.28848D-02       0.40719D+00       0.13202D+00
       0.94800D+03       0.37133D-03      -0.80364D-02       0.40719D+00       0.13189D+00
       0.94900D+03       0.37110D-03      -0.26974D-01       0.40720D+00       0.13178D+00
       0.95000D+03       0.37117D-03       0.10033D-02       0.40720D+00       0.13168D+00
