       0.10000D+01       0.00000D+00      -0.38466D-01       0.65454D+00       0.00000D+00
       0.20000D+01       0.22767D-03      -0.22497D+00       0.61680D+00       0.15120D-01
       0.30000D+01       0.19778D-02      -0.45583D-01       0.60157D+00       0.20898D-01
       0.40000D+01       0.80544D-02      -0.79062D-02       0.61544D+00       0.18603D-01
       0.50000D+01       0.62991D-02      -0.15434D+00       0.61997D+00       0.27098D-01
       0.60000D+01       0.56434D-02      -0.13051D+00       0.60507D+00       0.27208D-01
       0.70000D+01       0.89080D-02      -0.90574D-02       0.60777D+00       0.24745D-01
       0.80000D+01       0.80106D-02      -0.46600D-01       0.61465D+00       0.22893D-01
       0.90000D+01       0.76029D-02      -0.23314D+00       0.60988D+00       0.24486D-01
       0.10000D+02       0.71557D-02      -0.53294D-01       0.60595D+00       0.25345D-01
       0.11000D+02       0.89498D-02      -0.14662D-01       0.61061D+00       0.24031D-01
       0.12000D+02       0.80889D-02      -0.15935D+00       0.61301D+00       0.22839D-01
       0.13000D+02       0.76527D-02      -0.13861D+00       0.60656D+00       0.22100D-01
       0.14000D+02       0.90984D-02      -0.16144D-01       0.60777D+00       0.21306D-01
       0.15000D+02       0.86106D-02      -0.52698D-01       0.61149D+00       0.20449D-01
       0.16000D+02       0.83631D-02      -0.23940D+00       0.60900D+00       0.21980D-01
       0.17000D+02       0.80081D-02      -0.59067D-01       0.60671D+00       0.23124D-01
       0.18000D+02       0.90902D-02      -0.19489D-01       0.60951D+00       0.21763D-01
       0.19000D+02       0.85235D-02      -0.16244D+00       0.61112D+00       0.20947D-01
       0.20000D+02       0.82204D-02      -0.14481D+00       0.60700D+00       0.20541D-01
       0.21000D+02       0.91203D-02      -0.21251D-01       0.60777D+00       0.20088D-01
       0.22000D+02       0.88034D-02      -0.56747D-01       0.61032D+00       0.19172D-01
       0.23000D+02       0.86258D-02      -0.24372D+00       0.60865D+00       0.20175D-01
       0.24000D+02       0.83450D-02      -0.62888D-01       0.60702D+00       0.21030D-01
       0.25000D+02       0.91396D-02      -0.22374D-01       0.60902D+00       0.20388D-01
       0.26000D+02       0.87143D-02      -0.16362D+00       0.61024D+00       0.19822D-01
       0.27000D+02       0.84872D-02      -0.14909D+00       0.60721D+00       0.19466D-01
       0.28000D+02       0.91327D-02      -0.24374D-01       0.60777D+00       0.18966D-01
       0.29000D+02       0.88950D-02      -0.58741D-01       0.60971D+00       0.18577D-01
       0.30000D+02       0.87556D-02      -0.24610D+00       0.60847D+00       0.19415D-01
       0.31000D+02       0.85228D-02      -0.64746D-01       0.60720D+00       0.20089D-01
       0.32000D+02       0.91569D-02      -0.23308D-01       0.60875D+00       0.19717D-01
       0.33000D+02       0.88152D-02      -0.16287D+00       0.60973D+00       0.19421D-01
       0.34000D+02       0.86360D-02      -0.15146D+00       0.60734D+00       0.19179D-01
       0.35000D+02       0.91323D-02      -0.25513D-01       0.60777D+00       0.18714D-01
       0.36000D+02       0.89492D-02      -0.58675D-01       0.60934D+00       0.18382D-01
       0.37000D+02       0.88341D-02      -0.24654D+00       0.60835D+00       0.18892D-01
       0.38000D+02       0.86374D-02      -0.64639D-01       0.60731D+00       0.19452D-01
       0.39000D+02       0.91680D-02      -0.22286D-01       0.60857D+00       0.19224D-01
       0.40000D+02       0.88822D-02      -0.16020D+00       0.60940D+00       0.18950D-01
       0.41000D+02       0.87357D-02      -0.15190D+00       0.60742D+00       0.18780D-01
       0.42000D+02       0.91336D-02      -0.24671D-01       0.60777D+00       0.18502D-01
       0.43000D+02       0.89850D-02      -0.56550D-01       0.60908D+00       0.18211D-01
       0.44000D+02       0.88868D-02      -0.24502D+00       0.60828D+00       0.18634D-01
       0.45000D+02       0.87204D-02      -0.62567D-01       0.60738D+00       0.19107D-01
       0.46000D+02       0.91778D-02      -0.19307D-01       0.60845D+00       0.18964D-01
       0.47000D+02       0.89336D-02      -0.15561D+00       0.60916D+00       0.18658D-01
       0.48000D+02       0.88112D-02      -0.15043D+00       0.60748D+00       0.18527D-01
       0.49000D+02       0.91403D-02      -0.21857D-01       0.60777D+00       0.18367D-01
       0.50000D+02       0.90186D-02      -0.52370D-01       0.60890D+00       0.18089D-01
       0.51000D+02       0.89326D-02      -0.24156D+00       0.60822D+00       0.18443D-01
       0.52000D+02       0.87885D-02      -0.58533D-01       0.60744D+00       0.18699D-01
       0.53000D+02       0.91890D-02      -0.14373D-01       0.60836D+00       0.18614D-01
       0.54000D+02       0.89770D-02      -0.14913D+00       0.60899D+00       0.18308D-01
       0.55000D+02       0.88723D-02      -0.14704D+00       0.60752D+00       0.18204D-01
       0.56000D+02       0.91493D-02      -0.17087D-01       0.60777D+00       0.18105D-01
       0.57000D+02       0.90498D-02      -0.46144D-01       0.60877D+00       0.17825D-01
       0.58000D+02       0.89734D-02      -0.23616D+00       0.60817D+00       0.18106D-01
       0.59000D+02       0.88452D-02      -0.52543D-01       0.60748D+00       0.18336D-01
       0.60000D+02       0.91901D-02      -0.74893D-02       0.60829D+00       0.18225D-01
       0.61000D+02       0.90039D-02      -0.14075D+00       0.60886D+00       0.17955D-01
       0.62000D+02       0.89130D-02      -0.14175D+00       0.60756D+00       0.17876D-01
       0.63000D+02       0.91502D-02      -0.10375D-01       0.60776D+00       0.17867D-01
       0.64000D+02       0.90710D-02      -0.37884D-01       0.60866D+00       0.17612D-01
       0.65000D+02       0.90024D-02      -0.22882D+00       0.60814D+00       0.17861D-01
       0.66000D+02       0.88877D-02      -0.44611D-01       0.60751D+00       0.18068D-01
       0.67000D+02       0.92053D-02       0.13333D-02       0.60824D+00       0.17877D-01
       0.68000D+02       0.90402D-02      -0.13050D+00       0.60875D+00       0.17711D-01
       0.69000D+02       0.89602D-02      -0.13456D+00       0.60758D+00       0.17797D-01
       0.70000D+02       0.91673D-02      -0.17430D-02       0.60776D+00       0.18993D-01
       0.71000D+02       0.91137D-02      -0.27607D-01       0.60857D+00       0.18948D-01
       0.72000D+02       0.90515D-02      -0.21957D+00       0.60811D+00       0.19196D-01
       0.73000D+02       0.89498D-02      -0.34755D-01       0.60754D+00       0.19268D-01
       0.74000D+02       0.92439D-02       0.12079D-01       0.60819D+00       0.19070D-01
       0.75000D+02       0.90958D-02      -0.11839D+00       0.60866D+00       0.18877D-01
       0.76000D+02       0.90251D-02      -0.12549D+00       0.60761D+00       0.18932D-01
       0.77000D+02       0.92070D-02       0.87830D-02       0.60776D+00       0.20032D-01
       0.78000D+02       0.91660D-02      -0.15337D-01       0.60850D+00       0.19962D-01
       0.79000D+02       0.91093D-02      -0.20841D+00       0.60809D+00       0.20165D-01
       0.80000D+02       0.90165D-02      -0.22997D-01       0.60756D+00       0.20214D-01
       0.81000D+02       0.92922D-02       0.24726D-01       0.60815D+00       0.20015D-01
       0.82000D+02       0.91703D-02      -0.10447D+00       0.60859D+00       0.19838D-01
       0.83000D+02       0.91083D-02      -0.11457D+00       0.60762D+00       0.19848D-01
       0.84000D+02       0.92688D-02       0.21166D-01       0.60776D+00       0.20566D-01
       0.85000D+02       0.92386D-02      -0.11051D-02       0.60844D+00       0.20474D-01
       0.86000D+02       0.91867D-02      -0.19539D+00       0.60807D+00       0.20718D-01
       0.87000D+02       0.91027D-02      -0.93681D-02       0.60758D+00       0.20751D-01
       0.88000D+02       0.93621D-02       0.39241D-01       0.60812D+00       0.20555D-01
       0.89000D+02       0.92487D-02      -0.88753D-01       0.60853D+00       0.20372D-01
       0.90000D+02       0.91930D-02      -0.10182D+00       0.60764D+00       0.20368D-01
       0.91000D+02       0.93351D-02       0.35364D-01       0.60776D+00       0.21034D-01
       0.92000D+02       0.93173D-02       0.15049D-01       0.60839D+00       0.20930D-01
       0.93000D+02       0.92699D-02      -0.18052D+00       0.60805D+00       0.21047D-01
       0.94000D+02       0.91948D-02       0.60893D-02       0.60759D+00       0.21089D-01
       0.95000D+02       0.94388D-02       0.55585D-01       0.60810D+00       0.20898D-01
       0.96000D+02       0.93350D-02      -0.71298D-01       0.60848D+00       0.20717D-01
       0.97000D+02       0.92832D-02      -0.87292D-01       0.60765D+00       0.20712D-01
       0.98000D+02       0.94121D-02       0.51328D-01       0.60776D+00       0.21345D-01
       0.99000D+02       0.94074D-02       0.33076D-01       0.60835D+00       0.21235D-01
       0.10000D+03       0.93640D-02      -0.16387D+00       0.60804D+00       0.21333D-01
       0.10100D+03       0.92947D-02       0.23324D-01       0.60760D+00       0.21366D-01
       0.10200D+03       0.95251D-02       0.73707D-01       0.60807D+00       0.21218D-01
       0.10300D+03       0.94273D-02      -0.52154D-01       0.60843D+00       0.21043D-01
       0.10400D+03       0.93802D-02      -0.71023D-01       0.60766D+00       0.21161D-01
       0.10500D+03       0.94973D-02       0.68998D-01       0.60776D+00       0.22518D-01
       0.10600D+03       0.95064D-02       0.52917D-01       0.60831D+00       0.22480D-01
       0.10700D+03       0.94672D-02      -0.14548D+00       0.60803D+00       0.22721D-01
       0.10800D+03       0.94039D-02       0.42277D-01       0.60761D+00       0.22739D-01
       0.10900D+03       0.96245D-02       0.93542D-01       0.60805D+00       0.22576D-01
       0.11000D+03       0.95331D-02      -0.31391D-01       0.60839D+00       0.22393D-01
       0.11100D+03       0.94977D-02      -0.53081D-01       0.60767D+00       0.22552D-01
       0.11200D+03       0.96036D-02       0.88297D-01       0.60776D+00       0.23863D-01
       0.11300D+03       0.96254D-02       0.74495D-01       0.60827D+00       0.23815D-01
       0.11400D+03       0.95898D-02      -0.12542D+00       0.60802D+00       0.24032D-01
       0.11500D+03       0.95301D-02       0.62870D-01       0.60762D+00       0.24037D-01
       0.11600D+03       0.97412D-02       0.11501D+00       0.60803D+00       0.23862D-01
       0.11700D+03       0.96546D-02      -0.90878D-02       0.60835D+00       0.23669D-01
       0.11800D+03       0.96220D-02      -0.33541D-01       0.60768D+00       0.23813D-01
       0.11900D+03       0.97180D-02       0.10914D+00       0.60776D+00       0.25050D-01
       0.12000D+03       0.97532D-02       0.97722D-01       0.60824D+00       0.24991D-01
       0.12100D+03       0.97212D-02      -0.10377D+00       0.60800D+00       0.25186D-01
       0.12200D+03       0.96662D-02       0.85013D-01       0.60763D+00       0.25193D-01
       0.12300D+03       0.98641D-02       0.13802D+00       0.60802D+00       0.25005D-01
       0.12400D+03       0.97819D-02       0.14661D-01       0.60832D+00       0.24858D-01
       0.12500D+03       0.97524D-02      -0.12493D-01       0.60769D+00       0.25021D-01
       0.12600D+03       0.98412D-02       0.13142D+00       0.60776D+00       0.26463D-01
       0.12700D+03       0.98898D-02       0.12250D+00       0.60821D+00       0.26397D-01
       0.12800D+03       0.98610D-02      -0.80642D-01       0.60799D+00       0.26571D-01
       0.12900D+03       0.98124D-02       0.10860D+00       0.60764D+00       0.26577D-01
       0.13000D+03       0.10002D-01       0.16245D+00       0.60800D+00       0.26378D-01
       0.13100D+03       0.99222D-02       0.39748D-01       0.60829D+00       0.26699D-01
       0.13200D+03       0.98948D-02       0.99593D-02       0.60769D+00       0.27089D-01
       0.13300D+03       0.99761D-02       0.15504D+00       0.60775D+00       0.28454D-01
       0.13400D+03       0.10038D-01       0.14870D+00       0.60819D+00       0.28374D-01
       0.13500D+03       0.10013D-01      -0.56141D-01       0.60799D+00       0.28523D-01
       0.13600D+03       0.99676D-02       0.13351D+00       0.60764D+00       0.28510D-01
       0.13700D+03       0.10146D-01       0.18819D+00       0.60799D+00       0.28335D-01
       0.13800D+03       0.10074D-01       0.66044D-01       0.60826D+00       0.28614D-01
       0.13900D+03       0.10049D-01       0.33692D-01       0.60770D+00       0.28972D-01
       0.14000D+03       0.10124D-01       0.17984D+00       0.60775D+00       0.30269D-01
       0.14100D+03       0.10202D-01       0.17618D+00       0.60817D+00       0.30084D-01
       0.14200D+03       0.10181D-01      -0.30402D-01       0.60798D+00       0.30174D-01
       0.14300D+03       0.10138D-01       0.15960D+00       0.60765D+00       0.30249D-01
       0.14400D+03       0.10306D-01       0.21508D+00       0.60797D+00       0.30082D-01
       0.14500D+03       0.10236D-01       0.93410D-01       0.60824D+00       0.30323D-01
       0.14600D+03       0.10213D-01       0.58567D-01       0.60770D+00       0.30653D-01
       0.14700D+03       0.10282D-01       0.20570D+00       0.60775D+00       0.31890D-01
       0.14800D+03       0.10376D-01       0.20480D+00       0.60814D+00       0.31701D-01
       0.14900D+03       0.10358D-01      -0.35734D-02       0.60797D+00       0.31779D-01
       0.15000D+03       0.10320D-01       0.18671D+00       0.60765D+00       0.31852D-01
       0.15100D+03       0.10477D-01       0.24296D+00       0.60796D+00       0.31709D-01
       0.15200D+03       0.10408D-01       0.12169D+00       0.60822D+00       0.31916D-01
       0.15300D+03       0.10386D-01       0.84432D-01       0.60770D+00       0.32220D-01
       0.15400D+03       0.10452D-01       0.23245D+00       0.60775D+00       0.33404D-01
       0.15500D+03       0.10567D-01       0.23439D+00       0.60812D+00       0.33212D-01
       0.15600D+03       0.10544D-01       0.24179D-01       0.60796D+00       0.33305D-01
       0.15700D+03       0.10512D-01       0.21468D+00       0.60765D+00       0.33188D-01
       0.15800D+03       0.10663D-01       0.27166D+00       0.60795D+00       0.32990D-01
       0.15900D+03       0.10595D-01       0.15071D+00       0.60820D+00       0.33168D-01
       0.16000D+03       0.10575D-01       0.11112D+00       0.60770D+00       0.33451D-01
       0.16100D+03       0.10637D-01       0.25990D+00       0.60774D+00       0.34587D-01
       0.16200D+03       0.10768D-01       0.26475D+00       0.60810D+00       0.34396D-01
       0.16300D+03       0.10748D-01       0.52674D-01       0.60795D+00       0.34475D-01
       0.16400D+03       0.10721D-01       0.24331D+00       0.60766D+00       0.34365D-01
       0.16500D+03       0.10856D-01       0.30098D+00       0.60794D+00       0.34144D-01
       0.16600D+03       0.10789D-01       0.18029D+00       0.60817D+00       0.34199D-01
       0.16700D+03       0.10771D-01       0.13844D+00       0.60771D+00       0.34463D-01
       0.16800D+03       0.10830D-01       0.28788D+00       0.60774D+00       0.35560D-01
       0.16900D+03       0.10977D-01       0.29569D+00       0.60809D+00       0.35401D-01
       0.17000D+03       0.10959D-01       0.81716D-01       0.60794D+00       0.35468D-01
       0.17100D+03       0.10938D-01       0.27241D+00       0.60766D+00       0.35417D-01
       0.17200D+03       0.11061D-01       0.33073D+00       0.60792D+00       0.35193D-01
       0.17300D+03       0.10994D-01       0.21024D+00       0.60816D+00       0.35231D-01
       0.17400D+03       0.10978D-01       0.16621D+00       0.60771D+00       0.35476D-01
       0.17500D+03       0.11035D-01       0.31619D+00       0.60774D+00       0.36537D-01
       0.17600D+03       0.11197D-01       0.32700D+00       0.60807D+00       0.36375D-01
       0.17700D+03       0.11181D-01       0.11110D+00       0.60793D+00       0.36431D-01
       0.17800D+03       0.11162D-01       0.30177D+00       0.60766D+00       0.36379D-01
       0.17900D+03       0.11274D-01       0.36070D+00       0.60791D+00       0.36155D-01
       0.18000D+03       0.11205D-01       0.24035D+00       0.60814D+00       0.36177D-01
       0.18100D+03       0.11191D-01       0.19423D+00       0.60771D+00       0.36405D-01
       0.18200D+03       0.11246D-01       0.34463D+00       0.60773D+00       0.37432D-01
       0.18300D+03       0.11424D-01       0.35846D+00       0.60805D+00       0.37269D-01
       0.18400D+03       0.11410D-01       0.14061D+00       0.60793D+00       0.37316D-01
       0.18500D+03       0.11397D-01       0.33116D+00       0.60766D+00       0.37236D-01
       0.18600D+03       0.11498D-01       0.39066D+00       0.60790D+00       0.37218D-01
       0.18700D+03       0.11428D-01       0.27043D+00       0.60812D+00       0.37223D-01
       0.18800D+03       0.11415D-01       0.22229D+00       0.60771D+00       0.37434D-01
       0.18900D+03       0.11468D-01       0.37298D+00       0.60773D+00       0.38428D-01
       0.19000D+03       0.11664D-01       0.38984D+00       0.60804D+00       0.38226D-01
       0.19100D+03       0.11653D-01       0.17001D+00       0.60792D+00       0.38264D-01
       0.19200D+03       0.11647D-01       0.36036D+00       0.60766D+00       0.38203D-01
       0.19300D+03       0.11736D-01       0.42040D+00       0.60789D+00       0.38251D-01
       0.19400D+03       0.11664D-01       0.30025D+00       0.60810D+00       0.38174D-01
       0.19500D+03       0.11653D-01       0.25017D+00       0.60770D+00       0.38282D-01
       0.19600D+03       0.11707D-01       0.40104D+00       0.60772D+00       0.38519D-01
       0.19700D+03       0.11917D-01       0.42092D+00       0.60802D+00       0.38356D-01
       0.19800D+03       0.11908D-01       0.19910D+00       0.60791D+00       0.38388D-01
       0.19900D+03       0.11910D-01       0.38915D+00       0.60765D+00       0.38329D-01
       0.20000D+03       0.11989D-01       0.44971D+00       0.60788D+00       0.38405D-01
       0.20100D+03       0.11919D-01       0.32963D+00       0.60809D+00       0.38322D-01
       0.20200D+03       0.11910D-01       0.27769D+00       0.60770D+00       0.38424D-01
       0.20300D+03       0.11963D-01       0.42860D+00       0.60772D+00       0.38657D-01
       0.20400D+03       0.12189D-01       0.45147D+00       0.60801D+00       0.38482D-01
       0.20500D+03       0.12182D-01       0.22764D+00       0.60790D+00       0.38509D-01
       0.20600D+03       0.12195D-01       0.41731D+00       0.60765D+00       0.38419D-01
       0.20700D+03       0.12264D-01       0.47837D+00       0.60787D+00       0.38228D-01
       0.20800D+03       0.12193D-01       0.35835D+00       0.60807D+00       0.38140D-01
       0.20900D+03       0.12186D-01       0.30462D+00       0.60770D+00       0.38239D-01
       0.21000D+03       0.12237D-01       0.45546D+00       0.60771D+00       0.38338D-01
       0.21100D+03       0.12478D-01       0.48128D+00       0.60799D+00       0.38169D-01
       0.21200D+03       0.12473D-01       0.25541D+00       0.60790D+00       0.38193D-01
       0.21300D+03       0.12494D-01       0.44462D+00       0.60765D+00       0.38106D-01
       0.21400D+03       0.12553D-01       0.50617D+00       0.60786D+00       0.37956D-01
       0.21500D+03       0.12481D-01       0.38623D+00       0.60806D+00       0.37864D-01
       0.21600D+03       0.12470D-01       0.33078D+00       0.60770D+00       0.37932D-01
       0.21700D+03       0.12522D-01       0.48142D+00       0.60771D+00       0.38133D-01
       0.21800D+03       0.12775D-01       0.51013D+00       0.60798D+00       0.37969D-01
       0.21900D+03       0.12772D-01       0.28220D+00       0.60789D+00       0.37989D-01
       0.22000D+03       0.12802D-01       0.47087D+00       0.60765D+00       0.37904D-01
       0.22100D+03       0.12850D-01       0.53292D+00       0.60785D+00       0.37798D-01
       0.22200D+03       0.12777D-01       0.41307D+00       0.60804D+00       0.37700D-01
       0.22300D+03       0.12768D-01       0.35597D+00       0.60770D+00       0.37765D-01
       0.22400D+03       0.12820D-01       0.50630D+00       0.60770D+00       0.38204D-01
       0.22500D+03       0.13086D-01       0.53780D+00       0.60796D+00       0.38025D-01
       0.22600D+03       0.13084D-01       0.30780D+00       0.60788D+00       0.38013D-01
       0.22700D+03       0.13123D-01       0.49585D+00       0.60765D+00       0.37931D-01
       0.22800D+03       0.13161D-01       0.55843D+00       0.60784D+00       0.37839D-01
       0.22900D+03       0.13086D-01       0.43871D+00       0.60803D+00       0.37737D-01
       0.23000D+03       0.13079D-01       0.38001D+00       0.60769D+00       0.37799D-01
       0.23100D+03       0.13131D-01       0.52993D+00       0.60770D+00       0.38506D-01
       0.23200D+03       0.13420D-01       0.56412D+00       0.60795D+00       0.38327D-01
       0.23300D+03       0.13408D-01       0.33201D+00       0.60787D+00       0.38332D-01
       0.23400D+03       0.13458D-01       0.51939D+00       0.60764D+00       0.38251D-01
       0.23500D+03       0.13486D-01       0.58252D+00       0.60783D+00       0.38170D-01
       0.23600D+03       0.13409D-01       0.46298D+00       0.60801D+00       0.38060D-01
       0.23700D+03       0.13403D-01       0.40274D+00       0.60769D+00       0.37981D-01
       0.23800D+03       0.13457D-01       0.55214D+00       0.60769D+00       0.37841D-01
       0.23900D+03       0.13757D-01       0.58889D+00       0.60794D+00       0.37670D-01
       0.24000D+03       0.13746D-01       0.35466D+00       0.60786D+00       0.37673D-01
       0.24100D+03       0.13804D-01       0.54131D+00       0.60764D+00       0.37583D-01
       0.24200D+03       0.13824D-01       0.60503D+00       0.60782D+00       0.37507D-01
       0.24300D+03       0.13746D-01       0.48573D+00       0.60800D+00       0.37397D-01
       0.24400D+03       0.13740D-01       0.42399D+00       0.60769D+00       0.37319D-01
       0.24500D+03       0.13795D-01       0.57278D+00       0.60769D+00       0.37186D-01
       0.24600D+03       0.14104D-01       0.61194D+00       0.60793D+00       0.37045D-01
       0.24700D+03       0.14094D-01       0.37556D+00       0.60786D+00       0.37046D-01
       0.24800D+03       0.14162D-01       0.56145D+00       0.60764D+00       0.36960D-01
       0.24900D+03       0.14174D-01       0.62579D+00       0.60781D+00       0.36895D-01
       0.25000D+03       0.14094D-01       0.50681D+00       0.60799D+00       0.36786D-01
       0.25100D+03       0.14089D-01       0.44361D+00       0.60768D+00       0.36710D-01
       0.25200D+03       0.14146D-01       0.59171D+00       0.60768D+00       0.36583D-01
       0.25300D+03       0.14463D-01       0.63312D+00       0.60791D+00       0.36464D-01
       0.25400D+03       0.14452D-01       0.39456D+00       0.60785D+00       0.36456D-01
       0.25500D+03       0.14528D-01       0.57965D+00       0.60763D+00       0.36387D-01
       0.25600D+03       0.14532D-01       0.64468D+00       0.60780D+00       0.36344D-01
       0.25700D+03       0.14452D-01       0.52610D+00       0.60797D+00       0.36237D-01
       0.25800D+03       0.14444D-01       0.46147D+00       0.60768D+00       0.36162D-01
       0.25900D+03       0.14502D-01       0.60880D+00       0.60768D+00       0.36039D-01
       0.26000D+03       0.14825D-01       0.65227D+00       0.60790D+00       0.35927D-01
       0.26100D+03       0.14815D-01       0.41151D+00       0.60784D+00       0.35918D-01
       0.26200D+03       0.14904D-01       0.59580D+00       0.60763D+00       0.35853D-01
       0.26300D+03       0.14901D-01       0.66155D+00       0.60779D+00       0.35817D-01
       0.26400D+03       0.14820D-01       0.54349D+00       0.60796D+00       0.35694D-01
       0.26500D+03       0.14812D-01       0.47744D+00       0.60768D+00       0.35635D-01
       0.26600D+03       0.14872D-01       0.62393D+00       0.60767D+00       0.35514D-01
       0.26700D+03       0.15201D-01       0.66928D+00       0.60789D+00       0.35409D-01
       0.26800D+03       0.15191D-01       0.42630D+00       0.60783D+00       0.35399D-01
       0.26900D+03       0.15290D-01       0.60976D+00       0.60763D+00       0.35343D-01
       0.27000D+03       0.15282D-01       0.67628D+00       0.60779D+00       0.35313D-01
       0.27100D+03       0.15199D-01       0.55886D+00       0.60795D+00       0.35192D-01
       0.27200D+03       0.15191D-01       0.49141D+00       0.60767D+00       0.35136D-01
       0.27300D+03       0.15255D-01       0.63701D+00       0.60767D+00       0.35022D-01
       0.27400D+03       0.15588D-01       0.68402D+00       0.60788D+00       0.34923D-01
       0.27500D+03       0.15577D-01       0.43881D+00       0.60783D+00       0.34912D-01
       0.27600D+03       0.15686D-01       0.62145D+00       0.60762D+00       0.34857D-01
       0.27700D+03       0.15686D-01       0.68878D+00       0.60778D+00       0.34762D-01
       0.27800D+03       0.15601D-01       0.57212D+00       0.60794D+00       0.34643D-01
       0.27900D+03       0.15593D-01       0.50328D+00       0.60767D+00       0.34596D-01
       0.28000D+03       0.15658D-01       0.64793D+00       0.60766D+00       0.34484D-01
       0.28100D+03       0.16007D-01       0.69640D+00       0.60787D+00       0.34389D-01
       0.28200D+03       0.15982D-01       0.44895D+00       0.60782D+00       0.34366D-01
       0.28300D+03       0.16101D-01       0.63077D+00       0.60762D+00       0.34308D-01
       0.28400D+03       0.16084D-01       0.69895D+00       0.60777D+00       0.34274D-01
       0.28500D+03       0.15998D-01       0.58321D+00       0.60793D+00       0.34158D-01
       0.28600D+03       0.15989D-01       0.51295D+00       0.60767D+00       0.34114D-01
       0.28700D+03       0.16057D-01       0.65662D+00       0.60766D+00       0.34005D-01
       0.28800D+03       0.16406D-01       0.70632D+00       0.60786D+00       0.33914D-01
       0.28900D+03       0.16381D-01       0.45664D+00       0.60781D+00       0.33891D-01
       0.29000D+03       0.16509D-01       0.63767D+00       0.60762D+00       0.33840D-01
       0.29100D+03       0.16488D-01       0.70672D+00       0.60776D+00       0.33821D-01
       0.29200D+03       0.16402D-01       0.59205D+00       0.60792D+00       0.33707D-01
       0.29300D+03       0.16389D-01       0.52036D+00       0.60766D+00       0.33666D-01
       0.29400D+03       0.16460D-01       0.66303D+00       0.60765D+00       0.33563D-01
       0.29500D+03       0.16809D-01       0.71374D+00       0.60785D+00       0.33474D-01
       0.29600D+03       0.16782D-01       0.46184D+00       0.60781D+00       0.33454D-01
       0.29700D+03       0.16919D-01       0.64210D+00       0.60761D+00       0.33410D-01
       0.29800D+03       0.16896D-01       0.71204D+00       0.60775D+00       0.33297D-01
       0.29900D+03       0.16809D-01       0.59862D+00       0.60791D+00       0.33184D-01
       0.30000D+03       0.16792D-01       0.52546D+00       0.60766D+00       0.33148D-01
       0.30100D+03       0.16866D-01       0.66712D+00       0.60765D+00       0.33047D-01
       0.30200D+03       0.17211D-01       0.71861D+00       0.60784D+00       0.32962D-01
       0.30300D+03       0.17183D-01       0.46454D+00       0.60780D+00       0.32944D-01
       0.30400D+03       0.17328D-01       0.64405D+00       0.60761D+00       0.32909D-01
       0.30500D+03       0.17309D-01       0.71489D+00       0.60775D+00       0.32835D-01
       0.30600D+03       0.17221D-01       0.60291D+00       0.60790D+00       0.32725D-01
       0.30700D+03       0.17202D-01       0.52823D+00       0.60766D+00       0.32689D-01
       0.30800D+03       0.17278D-01       0.66889D+00       0.60764D+00       0.32590D-01
       0.30900D+03       0.17618D-01       0.72093D+00       0.60783D+00       0.32508D-01
       0.31000D+03       0.17588D-01       0.46474D+00       0.60780D+00       0.32492D-01
       0.31100D+03       0.17736D-01       0.64353D+00       0.60761D+00       0.32452D-01
       0.31200D+03       0.17718D-01       0.71528D+00       0.60774D+00       0.32491D-01
       0.31300D+03       0.17632D-01       0.60494D+00       0.60789D+00       0.32383D-01
       0.31400D+03       0.17611D-01       0.52867D+00       0.60765D+00       0.32349D-01
       0.31500D+03       0.17691D-01       0.66834D+00       0.60764D+00       0.32252D-01
       0.31600D+03       0.18024D-01       0.72073D+00       0.60782D+00       0.32172D-01
       0.31700D+03       0.18005D-01       0.46249D+00       0.60779D+00       0.32157D-01
       0.31800D+03       0.18161D-01       0.64060D+00       0.60760D+00       0.32111D-01
       0.31900D+03       0.18129D-01       0.71326D+00       0.60773D+00       0.32120D-01
       0.32000D+03       0.18042D-01       0.60475D+00       0.60788D+00       0.32016D-01
       0.32100D+03       0.18020D-01       0.52684D+00       0.60765D+00       0.32006D-01
       0.32200D+03       0.18102D-01       0.66554D+00       0.60764D+00       0.31957D-01
       0.32300D+03       0.18426D-01       0.71806D+00       0.60781D+00       0.31877D-01
       0.32400D+03       0.18404D-01       0.45789D+00       0.60778D+00       0.31863D-01
       0.32500D+03       0.18565D-01       0.63535D+00       0.60760D+00       0.31820D-01
       0.32600D+03       0.18530D-01       0.70890D+00       0.60773D+00       0.31790D-01
       0.32700D+03       0.18442D-01       0.60245D+00       0.60787D+00       0.31689D-01
       0.32800D+03       0.18418D-01       0.52280D+00       0.60765D+00       0.31671D-01
       0.32900D+03       0.18504D-01       0.66057D+00       0.60763D+00       0.31629D-01
       0.33000D+03       0.18829D-01       0.71304D+00       0.60780D+00       0.31566D-01
       0.33100D+03       0.18793D-01       0.45107D+00       0.60778D+00       0.31552D-01
       0.33200D+03       0.18956D-01       0.62789D+00       0.60760D+00       0.31511D-01
       0.33300D+03       0.18924D-01       0.70234D+00       0.60772D+00       0.31477D-01
       0.33400D+03       0.18835D-01       0.59817D+00       0.60786D+00       0.31377D-01
       0.33500D+03       0.18809D-01       0.51668D+00       0.60765D+00       0.31363D-01
       0.33600D+03       0.18898D-01       0.65358D+00       0.60763D+00       0.31313D-01
       0.33700D+03       0.19213D-01       0.70580D+00       0.60780D+00       0.31251D-01
       0.33800D+03       0.19175D-01       0.44220D+00       0.60777D+00       0.31237D-01
       0.33900D+03       0.19338D-01       0.61841D+00       0.60760D+00       0.31199D-01
       0.34000D+03       0.19305D-01       0.69376D+00       0.60772D+00       0.31171D-01
       0.34100D+03       0.19215D-01       0.59210D+00       0.60785D+00       0.31074D-01
       0.34200D+03       0.19187D-01       0.50865D+00       0.60764D+00       0.31062D-01
       0.34300D+03       0.19279D-01       0.64474D+00       0.60762D+00       0.31016D-01
       0.34400D+03       0.19582D-01       0.69656D+00       0.60779D+00       0.30955D-01
       0.34500D+03       0.19543D-01       0.43151D+00       0.60777D+00       0.30956D-01
       0.34600D+03       0.19703D-01       0.60714D+00       0.60759D+00       0.30920D-01
       0.34700D+03       0.19669D-01       0.68337D+00       0.60771D+00       0.30881D-01
       0.34800D+03       0.19578D-01       0.58445D+00       0.60785D+00       0.30786D-01
       0.34900D+03       0.19548D-01       0.49893D+00       0.60764D+00       0.30775D-01
       0.35000D+03       0.19644D-01       0.63429D+00       0.60762D+00       0.30749D-01
       0.35100D+03       0.19936D-01       0.68555D+00       0.60778D+00       0.30687D-01
       0.35200D+03       0.19894D-01       0.41928D+00       0.60777D+00       0.30688D-01
       0.35300D+03       0.20051D-01       0.59433D+00       0.60759D+00       0.30654D-01
       0.35400D+03       0.20016D-01       0.67145D+00       0.60770D+00       0.30654D-01
       0.35500D+03       0.19925D-01       0.57550D+00       0.60784D+00       0.30568D-01
       0.35600D+03       0.19893D-01       0.48776D+00       0.60764D+00       0.30559D-01
       0.35700D+03       0.19993D-01       0.62248D+00       0.60762D+00       0.30559D-01
       0.35800D+03       0.20273D-01       0.67307D+00       0.60778D+00       0.30491D-01
       0.35900D+03       0.20230D-01       0.40582D+00       0.60776D+00       0.30492D-01
       0.36000D+03       0.20380D-01       0.58030D+00       0.60759D+00       0.30458D-01
       0.36100D+03       0.20345D-01       0.65832D+00       0.60770D+00       0.30488D-01
       0.36200D+03       0.20253D-01       0.56556D+00       0.60783D+00       0.30402D-01
       0.36300D+03       0.20221D-01       0.47546D+00       0.60764D+00       0.30396D-01
       0.36400D+03       0.20324D-01       0.60964D+00       0.60761D+00       0.30435D-01
       0.36500D+03       0.20591D-01       0.65943D+00       0.60777D+00       0.30369D-01
       0.36600D+03       0.20547D-01       0.39149D+00       0.60776D+00       0.30355D-01
       0.36700D+03       0.20690D-01       0.56539D+00       0.60759D+00       0.30329D-01
       0.36800D+03       0.20656D-01       0.64433D+00       0.60769D+00       0.30347D-01
       0.36900D+03       0.20565D-01       0.55498D+00       0.60783D+00       0.30260D-01
       0.37000D+03       0.20533D-01       0.46235D+00       0.60763D+00       0.30256D-01
       0.37100D+03       0.20640D-01       0.59612D+00       0.60761D+00       0.30297D-01
       0.37200D+03       0.20893D-01       0.64501D+00       0.60776D+00       0.30311D-01
       0.37300D+03       0.20847D-01       0.37668D+00       0.60775D+00       0.30297D-01
       0.37400D+03       0.20980D-01       0.54999D+00       0.60759D+00       0.30271D-01
       0.37500D+03       0.20946D-01       0.62987D+00       0.60769D+00       0.30289D-01
       0.37600D+03       0.20855D-01       0.54414D+00       0.60782D+00       0.30205D-01
       0.37700D+03       0.20823D-01       0.44881D+00       0.60763D+00       0.30202D-01
       0.37800D+03       0.20934D-01       0.58228D+00       0.60761D+00       0.30216D-01
       0.37900D+03       0.21180D-01       0.63021D+00       0.60776D+00       0.30228D-01
       0.38000D+03       0.21126D-01       0.36180D+00       0.60775D+00       0.30232D-01
       0.38100D+03       0.21246D-01       0.53450D+00       0.60758D+00       0.30208D-01
       0.38200D+03       0.21210D-01       0.61535D+00       0.60769D+00       0.30252D-01
       0.38300D+03       0.21120D-01       0.53343D+00       0.60781D+00       0.30183D-01
       0.38400D+03       0.21090D-01       0.43521D+00       0.60763D+00       0.30181D-01
       0.38500D+03       0.21206D-01       0.56854D+00       0.60761D+00       0.30196D-01
       0.38600D+03       0.21438D-01       0.61543D+00       0.60775D+00       0.30207D-01
       0.38700D+03       0.21383D-01       0.34728D+00       0.60775D+00       0.30209D-01
       0.38800D+03       0.21490D-01       0.51934D+00       0.60758D+00       0.30185D-01
       0.38900D+03       0.21453D-01       0.60119D+00       0.60768D+00       0.30234D-01
       0.39000D+03       0.21364D-01       0.52325D+00       0.60781D+00       0.30163D-01
       0.39100D+03       0.21336D-01       0.42195D+00       0.60763D+00       0.30161D-01
       0.39200D+03       0.21458D-01       0.55528D+00       0.60761D+00       0.30182D-01
       0.39300D+03       0.21677D-01       0.60109D+00       0.60775D+00       0.30192D-01
       0.39400D+03       0.21622D-01       0.33355D+00       0.60774D+00       0.30186D-01
       0.39500D+03       0.21714D-01       0.50492D+00       0.60758D+00       0.30163D-01
       0.39600D+03       0.21676D-01       0.58782D+00       0.60768D+00       0.30197D-01
       0.39700D+03       0.21590D-01       0.51399D+00       0.60780D+00       0.30125D-01
       0.39800D+03       0.21564D-01       0.40943D+00       0.60763D+00       0.30124D-01
       0.39900D+03       0.21692D-01       0.54292D+00       0.60760D+00       0.30148D-01
       0.40000D+03       0.21899D-01       0.58760D+00       0.60774D+00       0.30107D-01
       0.40100D+03       0.21844D-01       0.32100D+00       0.60774D+00       0.30100D-01
       0.40200D+03       0.21921D-01       0.49165D+00       0.60758D+00       0.30078D-01
       0.40300D+03       0.21882D-01       0.57563D+00       0.60767D+00       0.30115D-01
       0.40400D+03       0.21799D-01       0.50603D+00       0.60780D+00       0.30040D-01
       0.40500D+03       0.21777D-01       0.39800D+00       0.60763D+00       0.30040D-01
       0.40600D+03       0.21906D-01       0.53183D+00       0.60760D+00       0.30067D-01
       0.40700D+03       0.22101D-01       0.57535D+00       0.60774D+00       0.30025D-01
       0.40800D+03       0.22047D-01       0.31004D+00       0.60774D+00       0.30017D-01
       0.40900D+03       0.22109D-01       0.47990D+00       0.60758D+00       0.30001D-01
       0.41000D+03       0.22069D-01       0.56501D+00       0.60767D+00       0.30027D-01
       0.41100D+03       0.21988D-01       0.49972D+00       0.60779D+00       0.29962D-01
       0.41200D+03       0.21972D-01       0.38801D+00       0.60762D+00       0.29958D-01
       0.41300D+03       0.22105D-01       0.52235D+00       0.60760D+00       0.29972D-01
       0.41400D+03       0.22288D-01       0.56470D+00       0.60773D+00       0.29931D-01
       0.41500D+03       0.22235D-01       0.30099D+00       0.60774D+00       0.29921D-01
       0.41600D+03       0.22281D-01       0.47000D+00       0.60758D+00       0.29909D-01
       0.41700D+03       0.22240D-01       0.55629D+00       0.60767D+00       0.29935D-01
       0.41800D+03       0.22162D-01       0.49534D+00       0.60779D+00       0.29874D-01
       0.41900D+03       0.22152D-01       0.37975D+00       0.60762D+00       0.29870D-01
       0.42000D+03       0.22288D-01       0.51480D+00       0.60760D+00       0.29841D-01
       0.42100D+03       0.22461D-01       0.55595D+00       0.60773D+00       0.29799D-01
       0.42200D+03       0.22413D-01       0.29414D+00       0.60773D+00       0.29782D-01
       0.42300D+03       0.22445D-01       0.46222D+00       0.60758D+00       0.29770D-01
       0.42400D+03       0.22404D-01       0.54973D+00       0.60767D+00       0.29810D-01
       0.42500D+03       0.22331D-01       0.49313D+00       0.60778D+00       0.29761D-01
       0.42600D+03       0.22326D-01       0.37347D+00       0.60762D+00       0.29757D-01
       0.42700D+03       0.22467D-01       0.50939D+00       0.60760D+00       0.29730D-01
       0.42800D+03       0.22628D-01       0.54934D+00       0.60772D+00       0.29686D-01
       0.42900D+03       0.22581D-01       0.28972D+00       0.60773D+00       0.29670D-01
       0.43000D+03       0.22598D-01       0.45679D+00       0.60758D+00       0.29659D-01
       0.43100D+03       0.22556D-01       0.54557D+00       0.60766D+00       0.29711D-01
       0.43200D+03       0.22488D-01       0.49325D+00       0.60778D+00       0.29663D-01
       0.43300D+03       0.22489D-01       0.36933D+00       0.60762D+00       0.29658D-01
       0.43400D+03       0.22636D-01       0.50630D+00       0.60759D+00       0.29631D-01
       0.43500D+03       0.22787D-01       0.54505D+00       0.60772D+00       0.29598D-01
       0.43600D+03       0.22739D-01       0.28786D+00       0.60773D+00       0.29582D-01
       0.43700D+03       0.22742D-01       0.45384D+00       0.60758D+00       0.29571D-01
       0.43800D+03       0.22700D-01       0.54391D+00       0.60766D+00       0.29634D-01
       0.43900D+03       0.22637D-01       0.49579D+00       0.60777D+00       0.29589D-01
       0.44000D+03       0.22645D-01       0.36743D+00       0.60762D+00       0.29583D-01
       0.44100D+03       0.22796D-01       0.50563D+00       0.60759D+00       0.29570D-01
       0.44200D+03       0.22937D-01       0.54318D+00       0.60772D+00       0.29519D-01
       0.44300D+03       0.22890D-01       0.28863D+00       0.60773D+00       0.29503D-01
       0.44400D+03       0.22882D-01       0.45343D+00       0.60757D+00       0.29493D-01
       0.44500D+03       0.22841D-01       0.54484D+00       0.60766D+00       0.29582D-01
       0.44600D+03       0.22782D-01       0.50076D+00       0.60777D+00       0.29537D-01
       0.44700D+03       0.22798D-01       0.36779D+00       0.60762D+00       0.29531D-01
       0.44800D+03       0.22953D-01       0.50739D+00       0.60759D+00       0.29494D-01
       0.44900D+03       0.23089D-01       0.54374D+00       0.60771D+00       0.29443D-01
       0.45000D+03       0.23038D-01       0.29202D+00       0.60772D+00       0.29425D-01
       0.45100D+03       0.23019D-01       0.45553D+00       0.60757D+00       0.29415D-01
       0.45200D+03       0.22979D-01       0.54830D+00       0.60765D+00       0.29501D-01
       0.45300D+03       0.22927D-01       0.50808D+00       0.60777D+00       0.29458D-01
       0.45400D+03       0.22948D-01       0.37037D+00       0.60762D+00       0.29452D-01
       0.45500D+03       0.23107D-01       0.51151D+00       0.60759D+00       0.29417D-01
       0.45600D+03       0.23234D-01       0.54668D+00       0.60771D+00       0.29366D-01
       0.45700D+03       0.23184D-01       0.29792D+00       0.60772D+00       0.29348D-01
       0.45800D+03       0.23155D-01       0.46004D+00       0.60757D+00       0.29325D-01
       0.45900D+03       0.23117D-01       0.55421D+00       0.60765D+00       0.29358D-01
       0.46000D+03       0.23068D-01       0.51760D+00       0.60776D+00       0.29309D-01
       0.46100D+03       0.23097D-01       0.37502D+00       0.60762D+00       0.29302D-01
       0.46200D+03       0.23260D-01       0.51785D+00       0.60759D+00       0.29272D-01
       0.46300D+03       0.23378D-01       0.55185D+00       0.60771D+00       0.29268D-01
       0.46400D+03       0.23328D-01       0.30616D+00       0.60772D+00       0.29251D-01
       0.46500D+03       0.23292D-01       0.46679D+00       0.60757D+00       0.29220D-01
       0.46600D+03       0.23256D-01       0.56235D+00       0.60765D+00       0.29248D-01
       0.46700D+03       0.23214D-01       0.52909D+00       0.60776D+00       0.29209D-01
       0.46800D+03       0.23249D-01       0.38155D+00       0.60762D+00       0.29208D-01
       0.46900D+03       0.23416D-01       0.52618D+00       0.60759D+00       0.29183D-01
       0.47000D+03       0.23525D-01       0.55904D+00       0.60770D+00       0.29176D-01
       0.47100D+03       0.23476D-01       0.31650D+00       0.60772D+00       0.29156D-01
       0.47200D+03       0.23433D-01       0.47551D+00       0.60757D+00       0.29125D-01
       0.47300D+03       0.23396D-01       0.57249D+00       0.60765D+00       0.29158D-01
       0.47400D+03       0.23362D-01       0.54227D+00       0.60775D+00       0.29119D-01
       0.47500D+03       0.23398D-01       0.38971D+00       0.60762D+00       0.29147D-01
       0.47600D+03       0.23565D-01       0.53623D+00       0.60759D+00       0.29168D-01
       0.47700D+03       0.23665D-01       0.56798D+00       0.60770D+00       0.29159D-01
       0.47800D+03       0.23616D-01       0.32861D+00       0.60772D+00       0.29138D-01
       0.47900D+03       0.23569D-01       0.48591D+00       0.60757D+00       0.29109D-01
       0.48000D+03       0.23533D-01       0.58431D+00       0.60764D+00       0.29119D-01
       0.48100D+03       0.23505D-01       0.55678D+00       0.60775D+00       0.29079D-01
       0.48200D+03       0.23546D-01       0.39918D+00       0.60761D+00       0.29107D-01
       0.48300D+03       0.23716D-01       0.54766D+00       0.60758D+00       0.29129D-01
       0.48400D+03       0.23810D-01       0.57832D+00       0.60770D+00       0.29119D-01
       0.48500D+03       0.23765D-01       0.34216D+00       0.60771D+00       0.29097D-01
       0.48600D+03       0.23712D-01       0.49762D+00       0.60757D+00       0.29069D-01
       0.48700D+03       0.23677D-01       0.59744D+00       0.60764D+00       0.29079D-01
       0.48800D+03       0.23654D-01       0.57226D+00       0.60775D+00       0.29039D-01
       0.48900D+03       0.23698D-01       0.40961D+00       0.60761D+00       0.29041D-01
       0.49000D+03       0.23873D-01       0.56010D+00       0.60758D+00       0.29064D-01
       0.49100D+03       0.23959D-01       0.58971D+00       0.60769D+00       0.29052D-01
       0.49200D+03       0.23914D-01       0.35673D+00       0.60771D+00       0.29029D-01
       0.49300D+03       0.23860D-01       0.51025D+00       0.60757D+00       0.29002D-01
       0.49400D+03       0.23826D-01       0.61148D+00       0.60764D+00       0.29010D-01
       0.49500D+03       0.23807D-01       0.58827D+00       0.60774D+00       0.28962D-01
       0.49600D+03       0.23854D-01       0.42065D+00       0.60761D+00       0.28965D-01
       0.49700D+03       0.24032D-01       0.57316D+00       0.60758D+00       0.28988D-01
       0.49800D+03       0.24111D-01       0.60176D+00       0.60769D+00       0.28972D-01
       0.49900D+03       0.24066D-01       0.37193D+00       0.60771D+00       0.28947D-01
       0.50000D+03       0.24010D-01       0.52340D+00       0.60757D+00       0.28913D-01
       0.50100D+03       0.23979D-01       0.62603D+00       0.60764D+00       0.28913D-01
       0.50200D+03       0.23967D-01       0.60442D+00       0.60774D+00       0.28866D-01
       0.50300D+03       0.24011D-01       0.43192D+00       0.60761D+00       0.28869D-01
       0.50400D+03       0.24193D-01       0.58643D+00       0.60758D+00       0.28948D-01
       0.50500D+03       0.24265D-01       0.61406D+00       0.60769D+00       0.29026D-01
       0.50600D+03       0.24220D-01       0.38734D+00       0.60771D+00       0.29047D-01
       0.50700D+03       0.24164D-01       0.53664D+00       0.60757D+00       0.29014D-01
       0.50800D+03       0.24135D-01       0.64064D+00       0.60763D+00       0.29014D-01
       0.50900D+03       0.24126D-01       0.62026D+00       0.60773D+00       0.28967D-01
       0.51000D+03       0.24171D-01       0.44302D+00       0.60761D+00       0.28971D-01
       0.51100D+03       0.24355D-01       0.59950D+00       0.60758D+00       0.29049D-01
       0.51200D+03       0.24421D-01       0.62620D+00       0.60768D+00       0.28997D-01
       0.51300D+03       0.24376D-01       0.40253D+00       0.60771D+00       0.28973D-01
       0.51400D+03       0.24321D-01       0.54956D+00       0.60757D+00       0.28941D-01
       0.51500D+03       0.24290D-01       0.65492D+00       0.60763D+00       0.28966D-01
       0.51600D+03       0.24284D-01       0.63541D+00       0.60773D+00       0.28911D-01
       0.51700D+03       0.24329D-01       0.45360D+00       0.60761D+00       0.28925D-01
       0.51800D+03       0.24515D-01       0.61198D+00       0.60758D+00       0.28898D-01
       0.51900D+03       0.24574D-01       0.63782D+00       0.60768D+00       0.28846D-01
       0.52000D+03       0.24530D-01       0.41711D+00       0.60770D+00       0.28820D-01
       0.52100D+03       0.24476D-01       0.56176D+00       0.60757D+00       0.28789D-01
       0.52200D+03       0.24445D-01       0.66845D+00       0.60763D+00       0.28814D-01
       0.52300D+03       0.24446D-01       0.64947D+00       0.60773D+00       0.28759D-01
       0.52400D+03       0.24486D-01       0.46333D+00       0.60761D+00       0.28773D-01
       0.52500D+03       0.24674D-01       0.62352D+00       0.60758D+00       0.28748D-01
       0.52600D+03       0.24729D-01       0.64853D+00       0.60768D+00       0.28692D-01
       0.52700D+03       0.24685D-01       0.43071D+00       0.60770D+00       0.28666D-01
       0.52800D+03       0.24632D-01       0.57290D+00       0.60756D+00       0.28647D-01
       0.52900D+03       0.24600D-01       0.68089D+00       0.60763D+00       0.28655D-01
       0.53000D+03       0.24601D-01       0.66210D+00       0.60772D+00       0.28600D-01
       0.53100D+03       0.24639D-01       0.47188D+00       0.60761D+00       0.28614D-01
       0.53200D+03       0.24829D-01       0.63377D+00       0.60757D+00       0.28575D-01
       0.53300D+03       0.24878D-01       0.65803D+00       0.60768D+00       0.28520D-01
       0.53400D+03       0.24835D-01       0.44300D+00       0.60770D+00       0.28493D-01
       0.53500D+03       0.24784D-01       0.58263D+00       0.60756D+00       0.28476D-01
       0.53600D+03       0.24752D-01       0.69188D+00       0.60762D+00       0.28483D-01
       0.53700D+03       0.24752D-01       0.67300D+00       0.60772D+00       0.28429D-01
       0.53800D+03       0.24788D-01       0.47898D+00       0.60761D+00       0.28444D-01
       0.53900D+03       0.24978D-01       0.64246D+00       0.60757D+00       0.28405D-01
       0.54000D+03       0.25023D-01       0.66601D+00       0.60767D+00       0.28349D-01
       0.54100D+03       0.24980D-01       0.45368D+00       0.60770D+00       0.28322D-01
       0.54200D+03       0.24931D-01       0.59067D+00       0.60756D+00       0.28306D-01
       0.54300D+03       0.24899D-01       0.70115D+00       0.60762D+00       0.28269D-01
       0.54400D+03       0.24899D-01       0.68189D+00       0.60772D+00       0.28216D-01
       0.54500D+03       0.24928D-01       0.48439D+00       0.60761D+00       0.28223D-01
       0.54600D+03       0.25111D-01       0.64934D+00       0.60757D+00       0.28186D-01
       0.54700D+03       0.25152D-01       0.67223D+00       0.60767D+00       0.28132D-01
       0.54800D+03       0.25109D-01       0.46252D+00       0.60769D+00       0.28105D-01
       0.54900D+03       0.25062D-01       0.59679D+00       0.60756D+00       0.28091D-01
       0.55000D+03       0.25041D-01       0.70844D+00       0.60762D+00       0.28049D-01
       0.55100D+03       0.25045D-01       0.68858D+00       0.60771D+00       0.27997D-01
       0.55200D+03       0.25066D-01       0.48794D+00       0.60760D+00       0.28004D-01
       0.55300D+03       0.25248D-01       0.65421D+00       0.60757D+00       0.27969D-01
       0.55400D+03       0.25286D-01       0.67651D+00       0.60767D+00       0.27918D-01
       0.55500D+03       0.25243D-01       0.46930D+00       0.60769D+00       0.27891D-01
       0.55600D+03       0.25198D-01       0.60079D+00       0.60756D+00       0.27878D-01
       0.55700D+03       0.25176D-01       0.71357D+00       0.60762D+00       0.27841D-01
       0.55800D+03       0.25177D-01       0.69288D+00       0.60771D+00       0.27791D-01
       0.55900D+03       0.25196D-01       0.48946D+00       0.60760D+00       0.27798D-01
       0.56000D+03       0.25376D-01       0.65691D+00       0.60757D+00       0.27768D-01
       0.56100D+03       0.25410D-01       0.67868D+00       0.60766D+00       0.27718D-01
       0.56200D+03       0.25367D-01       0.47389D+00       0.60769D+00       0.27692D-01
       0.56300D+03       0.25324D-01       0.60253D+00       0.60756D+00       0.27672D-01
       0.56400D+03       0.25301D-01       0.71639D+00       0.60761D+00       0.27640D-01
       0.56500D+03       0.25301D-01       0.69469D+00       0.60771D+00       0.27609D-01
       0.56600D+03       0.25315D-01       0.48885D+00       0.60760D+00       0.27616D-01
       0.56700D+03       0.25493D-01       0.65735D+00       0.60757D+00       0.27590D-01
       0.56800D+03       0.25523D-01       0.67864D+00       0.60766D+00       0.27541D-01
       0.56900D+03       0.25481D-01       0.47617D+00       0.60769D+00       0.27513D-01
       0.57000D+03       0.25437D-01       0.60192D+00       0.60756D+00       0.27494D-01
       0.57100D+03       0.25413D-01       0.71678D+00       0.60761D+00       0.27465D-01
       0.57200D+03       0.25410D-01       0.69394D+00       0.60770D+00       0.27434D-01
       0.57300D+03       0.25421D-01       0.48604D+00       0.60760D+00       0.27440D-01
       0.57400D+03       0.25595D-01       0.65545D+00       0.60757D+00       0.27417D-01
       0.57500D+03       0.25622D-01       0.67632D+00       0.60766D+00       0.27369D-01
       0.57600D+03       0.25580D-01       0.47608D+00       0.60769D+00       0.27341D-01
       0.57700D+03       0.25538D-01       0.59890D+00       0.60756D+00       0.27323D-01
       0.57800D+03       0.25513D-01       0.71469D+00       0.60761D+00       0.27305D-01
       0.57900D+03       0.25510D-01       0.69058D+00       0.60770D+00       0.27273D-01
       0.58000D+03       0.25515D-01       0.48100D+00       0.60760D+00       0.27280D-01
       0.58100D+03       0.25685D-01       0.65120D+00       0.60757D+00       0.27259D-01
       0.58200D+03       0.25710D-01       0.67170D+00       0.60766D+00       0.27204D-01
       0.58300D+03       0.25669D-01       0.47360D+00       0.60769D+00       0.27176D-01
       0.58400D+03       0.25627D-01       0.59346D+00       0.60756D+00       0.27159D-01
       0.58500D+03       0.25602D-01       0.71010D+00       0.60761D+00       0.27153D-01
       0.58600D+03       0.25596D-01       0.68462D+00       0.60770D+00       0.27121D-01
       0.58700D+03       0.25597D-01       0.47371D+00       0.60760D+00       0.27128D-01
       0.58800D+03       0.25762D-01       0.64459D+00       0.60756D+00       0.27109D-01
       0.58900D+03       0.25784D-01       0.66479D+00       0.60765D+00       0.27060D-01
       0.59000D+03       0.25744D-01       0.46873D+00       0.60768D+00       0.27032D-01
       0.59100D+03       0.25703D-01       0.58562D+00       0.60756D+00       0.27016D-01
       0.59200D+03       0.25679D-01       0.70301D+00       0.60761D+00       0.27013D-01
       0.59300D+03       0.25670D-01       0.67611D+00       0.60769D+00       0.26981D-01
       0.59400D+03       0.25668D-01       0.46421D+00       0.60760D+00       0.26988D-01
       0.59500D+03       0.25826D-01       0.63565D+00       0.60756D+00       0.26971D-01
       0.59600D+03       0.25846D-01       0.65561D+00       0.60765D+00       0.26923D-01
       0.59700D+03       0.25807D-01       0.46152D+00       0.60768D+00       0.26892D-01
       0.59800D+03       0.25767D-01       0.57541D+00       0.60756D+00       0.26877D-01
       0.59900D+03       0.25750D-01       0.69345D+00       0.60760D+00       0.26877D-01
       0.60000D+03       0.25738D-01       0.66509D+00       0.60769D+00       0.26845D-01
       0.60100D+03       0.25733D-01       0.45254D+00       0.60760D+00       0.26882D-01
       0.60200D+03       0.25884D-01       0.62446D+00       0.60756D+00       0.26869D-01
       0.60300D+03       0.25902D-01       0.64423D+00       0.60765D+00       0.26822D-01
       0.60400D+03       0.25862D-01       0.45203D+00       0.60768D+00       0.26792D-01
       0.60500D+03       0.25822D-01       0.56291D+00       0.60756D+00       0.26778D-01
       0.60600D+03       0.25803D-01       0.68149D+00       0.60760D+00       0.26746D-01
       0.60700D+03       0.25789D-01       0.65165D+00       0.60769D+00       0.26719D-01
       0.60800D+03       0.25780D-01       0.43877D+00       0.60760D+00       0.26753D-01
       0.60900D+03       0.25921D-01       0.61107D+00       0.60756D+00       0.26755D-01
       0.61000D+03       0.25938D-01       0.63072D+00       0.60765D+00       0.26727D-01
       0.61100D+03       0.25898D-01       0.44033D+00       0.60768D+00       0.26687D-01
       0.61200D+03       0.25859D-01       0.54821D+00       0.60756D+00       0.26671D-01
       0.61300D+03       0.25840D-01       0.66721D+00       0.60760D+00       0.26686D-01
       0.61400D+03       0.25822D-01       0.63590D+00       0.60769D+00       0.26652D-01
       0.61500D+03       0.25811D-01       0.42296D+00       0.60760D+00       0.26686D-01
       0.61600D+03       0.25945D-01       0.59560D+00       0.60756D+00       0.26688D-01
       0.61700D+03       0.25960D-01       0.61518D+00       0.60765D+00       0.26674D-01
       0.61800D+03       0.25920D-01       0.42652D+00       0.60768D+00       0.26634D-01
       0.61900D+03       0.25882D-01       0.53140D+00       0.60755D+00       0.26619D-01
       0.62000D+03       0.25865D-01       0.65071D+00       0.60760D+00       0.26636D-01
       0.62100D+03       0.25844D-01       0.61796D+00       0.60768D+00       0.26601D-01
       0.62200D+03       0.25831D-01       0.40523D+00       0.60760D+00       0.26622D-01
       0.62300D+03       0.25956D-01       0.57813D+00       0.60756D+00       0.26624D-01
       0.62400D+03       0.25970D-01       0.59770D+00       0.60764D+00       0.26617D-01
       0.62500D+03       0.25930D-01       0.41072D+00       0.60768D+00       0.26578D-01
       0.62600D+03       0.25893D-01       0.51262D+00       0.60755D+00       0.26564D-01
       0.62700D+03       0.25877D-01       0.63210D+00       0.60760D+00       0.26586D-01
       0.62800D+03       0.25854D-01       0.59795D+00       0.60768D+00       0.26550D-01
       0.62900D+03       0.25839D-01       0.38568D+00       0.60760D+00       0.26554D-01
       0.63000D+03       0.25955D-01       0.55880D+00       0.60756D+00       0.26556D-01
       0.63100D+03       0.25968D-01       0.57842D+00       0.60764D+00       0.26548D-01
       0.63200D+03       0.25929D-01       0.39305D+00       0.60767D+00       0.26509D-01
       0.63300D+03       0.25892D-01       0.49198D+00       0.60755D+00       0.26498D-01
       0.63400D+03       0.25879D-01       0.61152D+00       0.60760D+00       0.26521D-01
       0.63500D+03       0.25854D-01       0.57603D+00       0.60768D+00       0.26481D-01
       0.63600D+03       0.25837D-01       0.36442D+00       0.60760D+00       0.26481D-01
       0.63700D+03       0.25944D-01       0.53773D+00       0.60756D+00       0.26473D-01
       0.63800D+03       0.25955D-01       0.55746D+00       0.60764D+00       0.26464D-01
       0.63900D+03       0.25917D-01       0.37363D+00       0.60767D+00       0.26426D-01
       0.64000D+03       0.25881D-01       0.46961D+00       0.60755D+00       0.26416D-01
       0.64100D+03       0.25870D-01       0.58910D+00       0.60760D+00       0.26402D-01
       0.64200D+03       0.25844D-01       0.55234D+00       0.60768D+00       0.26369D-01
       0.64300D+03       0.25826D-01       0.34159D+00       0.60760D+00       0.26374D-01
       0.64400D+03       0.25924D-01       0.51505D+00       0.60756D+00       0.26367D-01
       0.64500D+03       0.25934D-01       0.53496D+00       0.60764D+00       0.26358D-01
       0.64600D+03       0.25896D-01       0.35263D+00       0.60767D+00       0.26370D-01
       0.64700D+03       0.25860D-01       0.44568D+00       0.60755D+00       0.26362D-01
       0.64800D+03       0.25851D-01       0.56502D+00       0.60759D+00       0.26393D-01
       0.64900D+03       0.25822D-01       0.52707D+00       0.60768D+00       0.26361D-01
       0.65000D+03       0.25804D-01       0.31732D+00       0.60760D+00       0.26367D-01
       0.65100D+03       0.25892D-01       0.49094D+00       0.60756D+00       0.26350D-01
       0.65200D+03       0.25901D-01       0.51107D+00       0.60764D+00       0.26330D-01
       0.65300D+03       0.25864D-01       0.33019D+00       0.60767D+00       0.26341D-01
       0.65400D+03       0.25829D-01       0.42034D+00       0.60755D+00       0.26335D-01
       0.65500D+03       0.25821D-01       0.53943D+00       0.60759D+00       0.26370D-01
       0.65600D+03       0.25791D-01       0.50038D+00       0.60767D+00       0.26338D-01
       0.65700D+03       0.25772D-01       0.29179D+00       0.60760D+00       0.26345D-01
       0.65800D+03       0.25851D-01       0.46553D+00       0.60756D+00       0.26342D-01
       0.65900D+03       0.25859D-01       0.48596D+00       0.60764D+00       0.26332D-01
       0.66000D+03       0.25822D-01       0.30649D+00       0.60767D+00       0.26343D-01
       0.66100D+03       0.25787D-01       0.39376D+00       0.60756D+00       0.26338D-01
       0.66200D+03       0.25782D-01       0.51253D+00       0.60759D+00       0.26376D-01
       0.66300D+03       0.25750D-01       0.47248D+00       0.60767D+00       0.26344D-01
       0.66400D+03       0.25731D-01       0.26514D+00       0.60760D+00       0.26351D-01
       0.66500D+03       0.25800D-01       0.43901D+00       0.60756D+00       0.26346D-01
       0.66600D+03       0.25808D-01       0.45979D+00       0.60764D+00       0.26339D-01
       0.66700D+03       0.25770D-01       0.28170D+00       0.60767D+00       0.26349D-01
       0.66800D+03       0.25737D-01       0.36611D+00       0.60756D+00       0.26347D-01
       0.66900D+03       0.25733D-01       0.48451D+00       0.60759D+00       0.26378D-01
       0.67000D+03       0.25700D-01       0.44356D+00       0.60767D+00       0.26346D-01
       0.67100D+03       0.25681D-01       0.23756D+00       0.60760D+00       0.26353D-01
       0.67200D+03       0.25741D-01       0.41156D+00       0.60756D+00       0.26360D-01
       0.67300D+03       0.25748D-01       0.43274D+00       0.60764D+00       0.26337D-01
       0.67400D+03       0.25712D-01       0.25601D+00       0.60767D+00       0.26355D-01
       0.67500D+03       0.25679D-01       0.33758D+00       0.60756D+00       0.26354D-01
       0.67600D+03       0.25678D-01       0.45558D+00       0.60759D+00       0.26389D-01
       0.67700D+03       0.25644D-01       0.41384D+00       0.60767D+00       0.26357D-01
       0.67800D+03       0.25624D-01       0.20924D+00       0.60760D+00       0.26364D-01
       0.67900D+03       0.25675D-01       0.38337D+00       0.60756D+00       0.26358D-01
       0.68000D+03       0.25682D-01       0.40501D+00       0.60764D+00       0.26329D-01
       0.68100D+03       0.25646D-01       0.22962D+00       0.60767D+00       0.26345D-01
       0.68200D+03       0.25612D-01       0.30836D+00       0.60756D+00       0.26347D-01
       0.68300D+03       0.25613D-01       0.42595D+00       0.60759D+00       0.26427D-01
       0.68400D+03       0.25578D-01       0.38354D+00       0.60767D+00       0.26396D-01
       0.68500D+03       0.25558D-01       0.18037D+00       0.60760D+00       0.26403D-01
       0.68600D+03       0.25602D-01       0.35464D+00       0.60756D+00       0.26415D-01
       0.68700D+03       0.25608D-01       0.37681D+00       0.60764D+00       0.26385D-01
       0.68800D+03       0.25573D-01       0.20273D+00       0.60767D+00       0.26401D-01
       0.68900D+03       0.25539D-01       0.27867D+00       0.60756D+00       0.26419D-01
       0.69000D+03       0.25541D-01       0.39586D+00       0.60759D+00       0.26555D-01
       0.69100D+03       0.25506D-01       0.35287D+00       0.60767D+00       0.26523D-01
       0.69200D+03       0.25487D-01       0.15116D+00       0.60760D+00       0.26530D-01
       0.69300D+03       0.25522D-01       0.32557D+00       0.60756D+00       0.26535D-01
       0.69400D+03       0.25528D-01       0.34832D+00       0.60764D+00       0.26525D-01
       0.69500D+03       0.25493D-01       0.17556D+00       0.60767D+00       0.26642D-01
       0.69600D+03       0.25460D-01       0.24871D+00       0.60756D+00       0.26763D-01
       0.69700D+03       0.25464D-01       0.36551D+00       0.60759D+00       0.26860D-01
       0.69800D+03       0.25428D-01       0.32206D+00       0.60767D+00       0.26827D-01
       0.69900D+03       0.25409D-01       0.12181D+00       0.60760D+00       0.26834D-01
       0.70000D+03       0.25437D-01       0.29638D+00       0.60756D+00       0.26849D-01
       0.70100D+03       0.25443D-01       0.31975D+00       0.60764D+00       0.26840D-01
       0.70200D+03       0.25408D-01       0.14833D+00       0.60767D+00       0.26954D-01
       0.70300D+03       0.25376D-01       0.21868D+00       0.60756D+00       0.27074D-01
       0.70400D+03       0.25381D-01       0.33514D+00       0.60759D+00       0.27169D-01
       0.70500D+03       0.25345D-01       0.29134D+00       0.60767D+00       0.27137D-01
       0.70600D+03       0.25327D-01       0.92523D-01       0.60760D+00       0.27142D-01
       0.70700D+03       0.25348D-01       0.26726D+00       0.60756D+00       0.27159D-01
       0.70800D+03       0.25354D-01       0.29132D+00       0.60764D+00       0.27150D-01
       0.70900D+03       0.25319D-01       0.12123D+00       0.60767D+00       0.27261D-01
       0.71000D+03       0.25287D-01       0.18880D+00       0.60756D+00       0.27379D-01
       0.71100D+03       0.25294D-01       0.30497D+00       0.60759D+00       0.27477D-01
       0.71200D+03       0.25258D-01       0.26092D+00       0.60767D+00       0.27445D-01
       0.71300D+03       0.25240D-01       0.63510D-01       0.60761D+00       0.27450D-01
       0.71400D+03       0.25255D-01       0.23844D+00       0.60756D+00       0.27468D-01
       0.71500D+03       0.25261D-01       0.26322D+00       0.60764D+00       0.27457D-01
       0.71600D+03       0.25226D-01       0.94490D-01       0.60767D+00       0.27565D-01
       0.71700D+03       0.25195D-01       0.15927D+00       0.60756D+00       0.27683D-01
       0.71800D+03       0.25203D-01       0.27521D+00       0.60759D+00       0.27655D-01
       0.71900D+03       0.25168D-01       0.23102D+00       0.60767D+00       0.27622D-01
       0.72000D+03       0.25150D-01       0.34967D-01       0.60761D+00       0.27627D-01
       0.72100D+03       0.25159D-01       0.21010D+00       0.60757D+00       0.27635D-01
       0.72200D+03       0.25165D-01       0.23565D+00       0.60764D+00       0.27626D-01
       0.72300D+03       0.25130D-01       0.68303D-01       0.60767D+00       0.27780D-01
       0.72400D+03       0.25100D-01       0.13029D+00       0.60757D+00       0.27897D-01
       0.72500D+03       0.25108D-01       0.24608D+00       0.60759D+00       0.27872D-01
       0.72600D+03       0.25073D-01       0.20184D+00       0.60767D+00       0.27857D-01
       0.72700D+03       0.25056D-01       0.70875D-02       0.60761D+00       0.27861D-01
       0.72800D+03       0.25060D-01       0.18244D+00       0.60757D+00       0.27870D-01
       0.72900D+03       0.25065D-01       0.20880D+00       0.60764D+00       0.27861D-01
       0.73000D+03       0.25031D-01       0.42864D-01       0.60767D+00       0.28011D-01
       0.73100D+03       0.25001D-01       0.10204D+00       0.60757D+00       0.28103D-01
       0.73200D+03       0.25011D-01       0.21776D+00       0.60760D+00       0.28082D-01
       0.73300D+03       0.24976D-01       0.17357D+00       0.60767D+00       0.28062D-01
       0.73400D+03       0.24959D-01      -0.19952D-01       0.60761D+00       0.28082D-01
       0.73500D+03       0.24958D-01       0.15564D+00       0.60757D+00       0.28091D-01
       0.73600D+03       0.24964D-01       0.18285D+00       0.60764D+00       0.28082D-01
       0.73700D+03       0.24930D-01       0.18351D-01       0.60768D+00       0.28229D-01
       0.73800D+03       0.24900D-01       0.74709D-01       0.60757D+00       0.28320D-01
       0.73900D+03       0.24909D-01       0.19044D+00       0.60760D+00       0.28292D-01
       0.74000D+03       0.24875D-01       0.14639D+00       0.60767D+00       0.28269D-01
       0.74100D+03       0.24859D-01      -0.45985D-01       0.60761D+00       0.28288D-01
       0.74200D+03       0.24853D-01       0.12986D+00       0.60757D+00       0.28300D-01
       0.74300D+03       0.24860D-01       0.15795D+00       0.60764D+00       0.28291D-01
       0.74400D+03       0.24825D-01      -0.50700D-02       0.60768D+00       0.28434D-01
       0.74500D+03       0.24796D-01       0.48450D-01       0.60757D+00       0.28523D-01
       0.74600D+03       0.24805D-01       0.16427D+00       0.60760D+00       0.28498D-01
       0.74700D+03       0.24771D-01       0.12045D+00       0.60767D+00       0.28476D-01
       0.74800D+03       0.24755D-01      -0.70860D-01       0.60761D+00       0.28495D-01
       0.74900D+03       0.24745D-01       0.10525D+00       0.60757D+00       0.28506D-01
       0.75000D+03       0.24752D-01       0.13425D+00       0.60764D+00       0.28498D-01
       0.75100D+03       0.24717D-01      -0.27248D-01       0.60768D+00       0.28637D-01
       0.75200D+03       0.24689D-01       0.23413D-01       0.60757D+00       0.28749D-01
       0.75300D+03       0.24698D-01       0.13941D+00       0.60760D+00       0.28725D-01
       0.75400D+03       0.24664D-01       0.95902D-01       0.60767D+00       0.28689D-01
       0.75500D+03       0.24649D-01      -0.94438D-01       0.60762D+00       0.28704D-01
       0.75600D+03       0.24635D-01       0.81965D-01       0.60757D+00       0.28716D-01
       0.75700D+03       0.24642D-01       0.11189D+00       0.60764D+00       0.28707D-01
       0.75800D+03       0.24608D-01      -0.48051D-01       0.60768D+00       0.28799D-01
       0.75900D+03       0.24580D-01      -0.27170D-03       0.60757D+00       0.28819D-01
       0.76000D+03       0.24589D-01       0.11599D+00       0.60760D+00       0.28797D-01
       0.76100D+03       0.24556D-01       0.72872D-01       0.60767D+00       0.28755D-01
       0.76200D+03       0.24541D-01      -0.11660D+00       0.60762D+00       0.28767D-01
       0.76300D+03       0.24525D-01       0.60110D-01       0.60757D+00       0.28779D-01
       0.76400D+03       0.24532D-01       0.90986D-01       0.60764D+00       0.28765D-01
       0.76500D+03       0.24497D-01      -0.67364D-01       0.60768D+00       0.28854D-01
       0.76600D+03       0.24471D-01      -0.22491D-01       0.60758D+00       0.28874D-01
       0.76700D+03       0.24479D-01       0.94125D-01       0.60760D+00       0.28855D-01
       0.76800D+03       0.24447D-01       0.51468D-01       0.60767D+00       0.28813D-01
       0.76900D+03       0.24433D-01      -0.13724D+00       0.60762D+00       0.28838D-01
       0.77000D+03       0.24414D-01       0.39794D-01       0.60758D+00       0.28858D-01
       0.77100D+03       0.24421D-01       0.71632D-01       0.60764D+00       0.28844D-01
       0.77200D+03       0.24387D-01      -0.85087D-01       0.60768D+00       0.28931D-01
       0.77300D+03       0.24361D-01      -0.43147D-01       0.60758D+00       0.28951D-01
       0.77400D+03       0.24369D-01       0.73907D-01       0.60760D+00       0.28934D-01
       0.77500D+03       0.24337D-01       0.31784D-01       0.60767D+00       0.28894D-01
       0.77600D+03       0.24323D-01      -0.15627D+00       0.60762D+00       0.28919D-01
       0.77700D+03       0.24302D-01       0.21108D-01       0.60758D+00       0.28939D-01
       0.77800D+03       0.24310D-01       0.53918D-01       0.60764D+00       0.28931D-01
       0.77900D+03       0.24275D-01      -0.10114D+00       0.60768D+00       0.28959D-01
       0.78000D+03       0.24250D-01      -0.62156D-01       0.60758D+00       0.28954D-01
       0.78100D+03       0.24257D-01       0.55421D-01       0.60760D+00       0.28939D-01
       0.78200D+03       0.24227D-01       0.13902D-01       0.60768D+00       0.28901D-01
       0.78300D+03       0.24213D-01      -0.17361D+00       0.60762D+00       0.28911D-01
       0.78400D+03       0.24190D-01       0.41303D-02       0.60758D+00       0.28914D-01
       0.78500D+03       0.24198D-01       0.37918D-01       0.60764D+00       0.28907D-01
       0.78600D+03       0.24163D-01      -0.11545D+00       0.60768D+00       0.28933D-01
       0.78700D+03       0.24139D-01      -0.79450D-01       0.60758D+00       0.28925D-01
       0.78800D+03       0.24145D-01       0.38736D-01       0.60760D+00       0.28913D-01
       0.78900D+03       0.24115D-01      -0.21151D-02       0.60768D+00       0.28883D-01
       0.79000D+03       0.24102D-01      -0.18920D+00       0.60763D+00       0.28897D-01
       0.79100D+03       0.24077D-01      -0.11077D-01       0.60758D+00       0.28901D-01
       0.79200D+03       0.24085D-01       0.23689D-01       0.60765D+00       0.28893D-01
       0.79300D+03       0.24050D-01      -0.12796D+00       0.60768D+00       0.28917D-01
       0.79400D+03       0.24026D-01      -0.94975D-01       0.60758D+00       0.28910D-01
       0.79500D+03       0.24032D-01       0.23904D-01       0.60761D+00       0.28898D-01
       0.79600D+03       0.24003D-01      -0.16215D-01       0.60768D+00       0.28855D-01
       0.79700D+03       0.23989D-01      -0.20299D+00       0.60763D+00       0.28864D-01
       0.79800D+03       0.23964D-01      -0.24464D-01       0.60758D+00       0.28869D-01
       0.79900D+03       0.23973D-01       0.11279D-01       0.60765D+00       0.28861D-01
       0.80000D+03       0.23937D-01      -0.13864D+00       0.60769D+00       0.28844D-01
       0.80100D+03       0.23912D-01      -0.10869D+00       0.60759D+00       0.28823D-01
       0.80200D+03       0.23918D-01       0.10970D-01       0.60761D+00       0.28812D-01
       0.80300D+03       0.23890D-01      -0.28353D-01       0.60768D+00       0.28770D-01
       0.80400D+03       0.23877D-01      -0.21493D+00       0.60763D+00       0.28779D-01
       0.80500D+03       0.23850D-01      -0.35987D-01       0.60759D+00       0.28785D-01
