       0.10000D+01       0.12476D-03       0.42254D-01       0.41287D+00       0.10519D-01
       0.20000D+01       0.35772D-02       0.65092D-01       0.41565D+00       0.12650D-01
       0.30000D+01       0.32435D-02       0.72538D-01       0.41543D+00       0.12372D+00
       0.40000D+01       0.25558D-02       0.71551D-01       0.41641D+00       0.28869D+00
       0.50000D+01       0.43286D-02       0.41135D-01       0.41593D+00       0.23312D+00
       0.60000D+01       0.87942D-02       0.14642D-01       0.41634D+00       0.19805D+00
       0.70000D+01       0.13334D-01      -0.43742D-01       0.41537D+00       0.17221D+00
       0.80000D+01       0.24576D-01      -0.92859D-01       0.41542D+00       0.15171D+00
       0.90000D+01       0.28848D-01      -0.16041D+00       0.41412D+00       0.27492D+00
       0.10000D+02       0.38905D-01      -0.25837D+00       0.41374D+00       0.24904D+00
       0.11000D+02       0.36395D-01      -0.30627D+00       0.41239D+00       0.23368D+00
       0.12000D+02       0.31476D-01      -0.33101D+00       0.41174D+00       0.21986D+00
       0.13000D+02       0.29947D-01      -0.37195D+00       0.41048D+00       0.20447D+00
       0.14000D+02       0.26559D-01      -0.40523D+00       0.40979D+00       0.19098D+00
       0.15000D+02       0.24213D-01      -0.37860D+00       0.40903D+00       0.17942D+00
       0.16000D+02       0.23888D-01      -0.32905D+00       0.40852D+00       0.16863D+00
       0.17000D+02       0.23570D-01      -0.26207D+00       0.40812D+00       0.16110D+00
       0.18000D+02       0.23962D-01      -0.21230D+00       0.40787D+00       0.15320D+00
       0.19000D+02       0.25893D-01      -0.13648D+00       0.40799D+00       0.14690D+00
       0.20000D+02       0.26784D-01      -0.79894D-01       0.40801D+00       0.13988D+00
       0.21000D+02       0.27967D-01      -0.28912D-01       0.40835D+00       0.13434D+00
       0.22000D+02       0.27995D-01       0.13870D-01       0.40855D+00       0.12882D+00
       0.23000D+02       0.27785D-01       0.37301D-01       0.40899D+00       0.12384D+00
       0.24000D+02       0.27603D-01       0.45524D-01       0.40924D+00       0.12947D+00
       0.25000D+02       0.27254D-01       0.44934D-01       0.40965D+00       0.15602D+00
       0.26000D+02       0.27097D-01       0.15254D-01       0.40982D+00       0.15034D+00
       0.27000D+02       0.27236D-01      -0.10775D-01       0.41015D+00       0.14574D+00
       0.28000D+02       0.27290D-01      -0.68866D-01       0.41013D+00       0.14138D+00
       0.29000D+02       0.28575D-01      -0.11767D+00       0.41033D+00       0.13673D+00
       0.30000D+02       0.29178D-01      -0.18541D+00       0.41010D+00       0.16644D+00
       0.31000D+02       0.31297D-01      -0.28286D+00       0.41011D+00       0.16162D+00
       0.32000D+02       0.30894D-01      -0.33080D+00       0.40976D+00       0.15904D+00
       0.33000D+02       0.29651D-01      -0.35650D+00       0.40960D+00       0.15629D+00
       0.34000D+02       0.29190D-01      -0.39991D+00       0.40918D+00       0.15209D+00
       0.35000D+02       0.27937D-01      -0.43390D+00       0.40895D+00       0.14818D+00
       0.36000D+02       0.26910D-01      -0.40653D+00       0.40865D+00       0.14458D+00
       0.37000D+02       0.26627D-01      -0.35623D+00       0.40844D+00       0.14105D+00
       0.38000D+02       0.26340D-01      -0.29148D+00       0.40826D+00       0.13836D+00
       0.39000D+02       0.26441D-01      -0.24240D+00       0.40814D+00       0.13542D+00
       0.40000D+02       0.27318D-01      -0.16491D+00       0.40819D+00       0.13303D+00
       0.41000D+02       0.27742D-01      -0.10800D+00       0.40819D+00       0.12995D+00
       0.42000D+02       0.28337D-01      -0.56571D-01       0.40835D+00       0.12732D+00
       0.43000D+02       0.28350D-01      -0.13274D-01       0.40845D+00       0.12465D+00
       0.44000D+02       0.28251D-01       0.10754D-01       0.40868D+00       0.12213D+00
       0.45000D+02       0.28167D-01       0.19753D-01       0.40882D+00       0.12554D+00
       0.46000D+02       0.27994D-01       0.19556D-01       0.40906D+00       0.14001D+00
       0.47000D+02       0.27918D-01      -0.93892D-02       0.40917D+00       0.13721D+00
       0.48000D+02       0.27986D-01      -0.34945D-01       0.40936D+00       0.13490D+00
       0.49000D+02       0.28005D-01      -0.92736D-01       0.40937D+00       0.13269D+00
       0.50000D+02       0.28683D-01      -0.14121D+00       0.40950D+00       0.13017D+00
       0.51000D+02       0.29012D-01      -0.20911D+00       0.40939D+00       0.14781D+00
       0.52000D+02       0.30200D-01      -0.30593D+00       0.40941D+00       0.14522D+00
       0.53000D+02       0.30001D-01      -0.35393D+00       0.40922D+00       0.14398D+00
       0.54000D+02       0.29304D-01      -0.38072D+00       0.40913D+00       0.14258D+00
       0.55000D+02       0.29056D-01      -0.42636D+00       0.40888D+00       0.14018D+00
       0.56000D+02       0.28294D-01      -0.46097D+00       0.40874D+00       0.13795D+00
       0.57000D+02       0.27635D-01      -0.43285D+00       0.40855D+00       0.13584D+00
       0.58000D+02       0.27436D-01      -0.38179D+00       0.40842D+00       0.13373D+00
       0.59000D+02       0.27194D-01      -0.31928D+00       0.40830D+00       0.13213D+00
       0.60000D+02       0.27238D-01      -0.27087D+00       0.40822D+00       0.13032D+00
       0.61000D+02       0.27818D-01      -0.19169D+00       0.40825D+00       0.12884D+00
       0.62000D+02       0.28101D-01      -0.13444D+00       0.40825D+00       0.12687D+00
       0.63000D+02       0.28505D-01      -0.82579D-01       0.40835D+00       0.12514D+00
       0.64000D+02       0.28514D-01      -0.38779D-01       0.40842D+00       0.12339D+00
       0.65000D+02       0.28452D-01      -0.14152D-01       0.40857D+00       0.12171D+00
       0.66000D+02       0.28398D-01      -0.43798D-02       0.40867D+00       0.12403D+00
       0.67000D+02       0.28284D-01      -0.41853D-02       0.40883D+00       0.13400D+00
       0.68000D+02       0.28233D-01      -0.32397D-01       0.40891D+00       0.13215D+00
       0.69000D+02       0.28273D-01      -0.57471D-01       0.40906D+00       0.13061D+00
       0.70000D+02       0.28282D-01      -0.11495D+00       0.40907D+00       0.12920D+00
       0.71000D+02       0.28744D-01      -0.16307D+00       0.40916D+00       0.12747D+00
       0.72000D+02       0.28968D-01      -0.23111D+00       0.40909D+00       0.14002D+00
       0.73000D+02       0.29792D-01      -0.32719D+00       0.40911D+00       0.13830D+00
       0.74000D+02       0.29666D-01      -0.37528D+00       0.40898D+00       0.13797D+00
       0.75000D+02       0.29186D-01      -0.40325D+00       0.40892D+00       0.13704D+00
       0.76000D+02       0.29026D-01      -0.45089D+00       0.40874D+00       0.13535D+00
       0.77000D+02       0.28481D-01      -0.48603D+00       0.40864D+00       0.13379D+00
       0.78000D+02       0.27994D-01      -0.45717D+00       0.40851D+00       0.13230D+00
       0.79000D+02       0.27844D-01      -0.40535D+00       0.40841D+00       0.13080D+00
       0.80000D+02       0.27631D-01      -0.34509D+00       0.40832D+00       0.12965D+00
       0.81000D+02       0.27651D-01      -0.29733D+00       0.40826D+00       0.12922D+00
       0.82000D+02       0.28105D-01      -0.21643D+00       0.40828D+00       0.12779D+00
       0.83000D+02       0.28320D-01      -0.15886D+00       0.40828D+00       0.12634D+00
       0.84000D+02       0.28628D-01      -0.10656D+00       0.40835D+00       0.12522D+00
       0.85000D+02       0.28635D-01      -0.62271D-01       0.40840D+00       0.12390D+00
       0.86000D+02       0.28592D-01      -0.37042D-01       0.40852D+00       0.12268D+00
       0.87000D+02       0.28553D-01      -0.26500D-01       0.40860D+00       0.12443D+00
       0.88000D+02       0.28467D-01      -0.25915D-01       0.40872D+00       0.13201D+00
       0.89000D+02       0.28429D-01      -0.53395D-01       0.40878D+00       0.13062D+00
       0.90000D+02       0.28454D-01      -0.77979D-01       0.40889D+00       0.12946D+00
       0.91000D+02       0.28459D-01      -0.13515D+00       0.40890D+00       0.12838D+00
       0.92000D+02       0.28807D-01      -0.18288D+00       0.40898D+00       0.12706D+00
       0.93000D+02       0.28978D-01      -0.25104D+00       0.40893D+00       0.13679D+00
       0.94000D+02       0.29604D-01      -0.34625D+00       0.40895D+00       0.13555D+00
       0.95000D+02       0.29515D-01      -0.39448D+00       0.40885D+00       0.13538D+00
       0.96000D+02       0.29152D-01      -0.42373D+00       0.40880D+00       0.13481D+00
       0.97000D+02       0.28979D-01      -0.47314D+00       0.40866D+00       0.13365D+00
       0.98000D+02       0.28557D-01      -0.50871D+00       0.40859D+00       0.13233D+00
       0.99000D+02       0.28217D-01      -0.47912D+00       0.40848D+00       0.13111D+00
       0.10000D+03       0.28097D-01      -0.42658D+00       0.40840D+00       0.12995D+00
       0.10100D+03       0.27890D-01      -0.36855D+00       0.40833D+00       0.12904D+00
       0.10200D+03       0.27912D-01      -0.32144D+00       0.40828D+00       0.12871D+00
       0.10300D+03       0.28286D-01      -0.23880D+00       0.40830D+00       0.12759D+00
       0.10400D+03       0.28460D-01      -0.18090D+00       0.40829D+00       0.12644D+00
       0.10500D+03       0.28712D-01      -0.12817D+00       0.40835D+00       0.12555D+00
       0.10600D+03       0.28718D-01      -0.83410D-01       0.40839D+00       0.12449D+00
       0.10700D+03       0.28686D-01      -0.57576D-01       0.40849D+00       0.12347D+00
       0.10800D+03       0.28656D-01      -0.46269D-01       0.40855D+00       0.12477D+00
       0.10900D+03       0.28587D-01      -0.45293D-01       0.40865D+00       0.13089D+00
       0.11000D+03       0.28555D-01      -0.72044D-01       0.40870D+00       0.12979D+00
       0.11100D+03       0.28571D-01      -0.96130D-01       0.40879D+00       0.12886D+00
       0.11200D+03       0.28574D-01      -0.15297D+00       0.40880D+00       0.12799D+00
       0.11300D+03       0.28853D-01      -0.20030D+00       0.40887D+00       0.12691D+00
       0.11400D+03       0.28990D-01      -0.26855D+00       0.40883D+00       0.12948D+00
       0.11500D+03       0.29492D-01      -0.36280D+00       0.40885D+00       0.12851D+00
       0.11600D+03       0.29426D-01      -0.41118D+00       0.40876D+00       0.12880D+00
       0.11700D+03       0.29137D-01      -0.44182D+00       0.40873D+00       0.12839D+00
       0.11800D+03       0.29003D-01      -0.49277D+00       0.40862D+00       0.12749D+00
       0.11900D+03       0.28660D-01      -0.52870D+00       0.40855D+00       0.12649D+00
       0.12000D+03       0.28376D-01      -0.49839D+00       0.40847D+00       0.12555D+00
       0.12100D+03       0.28277D-01      -0.44516D+00       0.40840D+00       0.12458D+00
       0.12200D+03       0.28087D-01      -0.38934D+00       0.40834D+00       0.12388D+00
       0.12300D+03       0.28100D-01      -0.34287D+00       0.40830D+00       0.12364D+00
       0.12400D+03       0.28420D-01      -0.25850D+00       0.40831D+00       0.12276D+00
       0.12500D+03       0.28568D-01      -0.20027D+00       0.40831D+00       0.12183D+00
       0.12600D+03       0.28782D-01      -0.14712D+00       0.40836D+00       0.12114D+00
       0.12700D+03       0.28787D-01      -0.10190D+00       0.40839D+00       0.12028D+00
       0.12800D+03       0.28763D-01      -0.75456D-01       0.40847D+00       0.11943D+00
       0.12900D+03       0.28739D-01      -0.63388D-01       0.40852D+00       0.12055D+00
       0.13000D+03       0.28681D-01      -0.62022D-01       0.40860D+00       0.12572D+00
       0.13100D+03       0.28654D-01      -0.88044D-01       0.40865D+00       0.12483D+00
       0.13200D+03       0.28664D-01      -0.11162D+00       0.40872D+00       0.12551D+00
       0.13300D+03       0.28666D-01      -0.16813D+00       0.40873D+00       0.12480D+00
       0.13400D+03       0.28898D-01      -0.21504D+00       0.40879D+00       0.12392D+00
       0.13500D+03       0.29011D-01      -0.28334D+00       0.40876D+00       0.12534D+00
       0.13600D+03       0.29429D-01      -0.37653D+00       0.40877D+00       0.12455D+00
       0.13700D+03       0.29374D-01      -0.42510D+00       0.40870D+00       0.12454D+00
       0.13800D+03       0.29137D-01      -0.45722D+00       0.40868D+00       0.12421D+00
       0.13900D+03       0.29032D-01      -0.50948D+00       0.40858D+00       0.12347D+00
       0.14000D+03       0.28744D-01      -0.54569D+00       0.40853D+00       0.12266D+00
       0.14100D+03       0.28480D-01      -0.51468D+00       0.40845D+00       0.12189D+00
       0.14200D+03       0.28397D-01      -0.46082D+00       0.40840D+00       0.12109D+00
       0.14300D+03       0.28221D-01      -0.40721D+00       0.40835D+00       0.12069D+00
       0.14400D+03       0.28226D-01      -0.36135D+00       0.40831D+00       0.12050D+00
       0.14500D+03       0.28510D-01      -0.27525D+00       0.40832D+00       0.11976D+00
       0.14600D+03       0.28618D-01      -0.21671D+00       0.40832D+00       0.11899D+00
       0.14700D+03       0.28805D-01      -0.16314D+00       0.40836D+00       0.11836D+00
       0.14800D+03       0.28810D-01      -0.11747D+00       0.40838D+00       0.11766D+00
       0.14900D+03       0.28791D-01      -0.90421D-01       0.40845D+00       0.11695D+00
       0.15000D+03       0.28771D-01      -0.77598D-01       0.40849D+00       0.11793D+00
       0.15100D+03       0.28724D-01      -0.75840D-01       0.40857D+00       0.12240D+00
       0.15200D+03       0.28701D-01      -0.10113D+00       0.40861D+00       0.12172D+00
       0.15300D+03       0.28707D-01      -0.12420D+00       0.40867D+00       0.12238D+00
       0.15400D+03       0.28707D-01      -0.18036D+00       0.40868D+00       0.12184D+00
       0.15500D+03       0.28906D-01      -0.22683D+00       0.40873D+00       0.12111D+00
       0.15600D+03       0.29002D-01      -0.29516D+00       0.40870D+00       0.12236D+00
       0.15700D+03       0.29357D-01      -0.38719D+00       0.40872D+00       0.12163D+00
       0.15800D+03       0.29314D-01      -0.43597D+00       0.40866D+00       0.12163D+00
       0.15900D+03       0.29115D-01      -0.46966D+00       0.40864D+00       0.12135D+00
       0.16000D+03       0.29028D-01      -0.52302D+00       0.40856D+00       0.12071D+00
       0.16100D+03       0.28781D-01      -0.55943D+00       0.40851D+00       0.12015D+00
       0.16200D+03       0.28549D-01      -0.52775D+00       0.40845D+00       0.11968D+00
       0.16300D+03       0.28477D-01      -0.47333D+00       0.40840D+00       0.11900D+00
       0.16400D+03       0.28312D-01      -0.42190D+00       0.40835D+00       0.11864D+00
       0.16500D+03       0.28313D-01      -0.37664D+00       0.40832D+00       0.11847D+00
       0.16600D+03       0.28568D-01      -0.28883D+00       0.40833D+00       0.11787D+00
       0.16700D+03       0.28665D-01      -0.22999D+00       0.40832D+00       0.11721D+00
       0.16800D+03       0.28833D-01      -0.17601D+00       0.40836D+00       0.11665D+00
       0.16900D+03       0.28837D-01      -0.12991D+00       0.40838D+00       0.11608D+00
       0.17000D+03       0.28823D-01      -0.10225D+00       0.40844D+00       0.11544D+00
       0.17100D+03       0.28806D-01      -0.88676D-01       0.40848D+00       0.11629D+00
       0.17200D+03       0.28765D-01      -0.86526D-01       0.40854D+00       0.12023D+00
       0.17300D+03       0.28744D-01      -0.11109D+00       0.40858D+00       0.11965D+00
       0.17400D+03       0.28746D-01      -0.13364D+00       0.40864D+00       0.12025D+00
       0.17500D+03       0.28750D-01      -0.18943D+00       0.40865D+00       0.11975D+00
       0.17600D+03       0.28923D-01      -0.23545D+00       0.40869D+00       0.11914D+00
       0.17700D+03       0.29006D-01      -0.30377D+00       0.40867D+00       0.12026D+00
       0.17800D+03       0.29300D-01      -0.39457D+00       0.40868D+00       0.11963D+00
       0.17900D+03       0.29265D-01      -0.44359D+00       0.40863D+00       0.11964D+00
       0.18000D+03       0.29080D-01      -0.47892D+00       0.40861D+00       0.11948D+00
       0.18100D+03       0.29007D-01      -0.53318D+00       0.40854D+00       0.11893D+00
       0.18200D+03       0.28791D-01      -0.56972D+00       0.40850D+00       0.11845D+00
       0.18300D+03       0.28584D-01      -0.53738D+00       0.40844D+00       0.11804D+00
       0.18400D+03       0.28520D-01      -0.48250D+00       0.40840D+00       0.11745D+00
       0.18500D+03       0.28379D-01      -0.43323D+00       0.40836D+00       0.11719D+00
       0.18600D+03       0.28377D-01      -0.38856D+00       0.40833D+00       0.11695D+00
       0.18700D+03       0.28610D-01      -0.29905D+00       0.40833D+00       0.11642D+00
       0.18800D+03       0.28696D-01      -0.23993D+00       0.40833D+00       0.11585D+00
       0.18900D+03       0.28848D-01      -0.18554D+00       0.40836D+00       0.11536D+00
       0.19000D+03       0.28852D-01      -0.13904D+00       0.40838D+00       0.11486D+00
       0.19100D+03       0.28841D-01      -0.11076D+00       0.40843D+00       0.11430D+00
       0.19200D+03       0.28826D-01      -0.96445D-01       0.40847D+00       0.11381D+00
       0.19300D+03       0.28790D-01      -0.93901D-01       0.40852D+00       0.11733D+00
       0.19400D+03       0.28771D-01      -0.11774D+00       0.40855D+00       0.11676D+00
       0.19500D+03       0.28771D-01      -0.13976D+00       0.40861D+00       0.11726D+00
       0.19600D+03       0.28774D-01      -0.19518D+00       0.40862D+00       0.11683D+00
       0.19700D+03       0.28926D-01      -0.24073D+00       0.40866D+00       0.11631D+00
       0.19800D+03       0.28999D-01      -0.30902D+00       0.40864D+00       0.11734D+00
       0.19900D+03       0.29256D-01      -0.39849D+00       0.40865D+00       0.11680D+00
       0.20000D+03       0.29228D-01      -0.44778D+00       0.40861D+00       0.11654D+00
       0.20100D+03       0.29068D-01      -0.48483D+00       0.40859D+00       0.11630D+00
       0.20200D+03       0.29004D-01      -0.53979D+00       0.40852D+00       0.11582D+00
       0.20300D+03       0.28812D-01      -0.57638D+00       0.40849D+00       0.11535D+00
       0.20400D+03       0.28625D-01      -0.54344D+00       0.40844D+00       0.11489D+00
       0.20500D+03       0.28568D-01      -0.48820D+00       0.40840D+00       0.11437D+00
       0.20600D+03       0.28434D-01      -0.44106D+00       0.40836D+00       0.11454D+00
       0.20700D+03       0.28428D-01      -0.39697D+00       0.40833D+00       0.11433D+00
       0.20800D+03       0.28644D-01      -0.30580D+00       0.40834D+00       0.11385D+00
       0.20900D+03       0.28724D-01      -0.24641D+00       0.40833D+00       0.11335D+00
       0.21000D+03       0.28863D-01      -0.19162D+00       0.40836D+00       0.11293D+00
       0.21100D+03       0.28867D-01      -0.14473D+00       0.40838D+00       0.11251D+00
       0.21200D+03       0.28858D-01      -0.11584D+00       0.40842D+00       0.11201D+00
       0.21300D+03       0.28846D-01      -0.10078D+00       0.40846D+00       0.11159D+00
       0.21400D+03       0.28813D-01      -0.97843D-01       0.40851D+00       0.11570D+00
       0.21500D+03       0.28796D-01      -0.12095D+00       0.40854D+00       0.11519D+00
       0.21600D+03       0.28794D-01      -0.14244D+00       0.40858D+00       0.11473D+00
       0.21700D+03       0.28796D-01      -0.19747D+00       0.40859D+00       0.11434D+00
       0.21800D+03       0.28932D-01      -0.24254D+00       0.40863D+00       0.11389D+00
       0.21900D+03       0.28996D-01      -0.31077D+00       0.40861D+00       0.11484D+00
       0.22000D+03       0.29223D-01      -0.39885D+00       0.40863D+00       0.11437D+00
       0.22100D+03       0.29201D-01      -0.44842D+00       0.40858D+00       0.11414D+00
       0.22200D+03       0.29062D-01      -0.48727D+00       0.40857D+00       0.11393D+00
       0.22300D+03       0.28996D-01      -0.54275D+00       0.40851D+00       0.11350D+00
       0.22400D+03       0.28825D-01      -0.57932D+00       0.40848D+00       0.11308D+00
       0.22500D+03       0.28658D-01      -0.54582D+00       0.40843D+00       0.11267D+00
       0.22600D+03       0.28606D-01      -0.49037D+00       0.40840D+00       0.11221D+00
       0.22700D+03       0.28479D-01      -0.44532D+00       0.40836D+00       0.11236D+00
       0.22800D+03       0.28470D-01      -0.40179D+00       0.40834D+00       0.11218D+00
       0.22900D+03       0.28672D-01      -0.30900D+00       0.40834D+00       0.11175D+00
       0.23000D+03       0.28746D-01      -0.24935D+00       0.40834D+00       0.11131D+00
       0.23100D+03       0.28874D-01      -0.19418D+00       0.40836D+00       0.11096D+00
       0.23200D+03       0.28878D-01      -0.14691D+00       0.40838D+00       0.11066D+00
       0.23300D+03       0.28872D-01      -0.11742D+00       0.40842D+00       0.11021D+00
       0.23400D+03       0.28861D-01      -0.10162D+00       0.40845D+00       0.10983D+00
       0.23500D+03       0.28832D-01      -0.98283D-01       0.40849D+00       0.11359D+00
       0.23600D+03       0.28816D-01      -0.12066D+00       0.40852D+00       0.11314D+00
       0.23700D+03       0.28812D-01      -0.14161D+00       0.40856D+00       0.11273D+00
       0.23800D+03       0.28814D-01      -0.19624D+00       0.40857D+00       0.11239D+00
       0.23900D+03       0.28936D-01      -0.24083D+00       0.40861D+00       0.11194D+00
       0.24000D+03       0.28993D-01      -0.30896D+00       0.40859D+00       0.11326D+00
       0.24100D+03       0.29194D-01      -0.39560D+00       0.40860D+00       0.11292D+00
       0.24200D+03       0.29177D-01      -0.44547D+00       0.40857D+00       0.11279D+00
       0.24300D+03       0.29055D-01      -0.48616D+00       0.40855D+00       0.11272D+00
       0.24400D+03       0.28996D-01      -0.54203D+00       0.40850D+00       0.11235D+00
       0.24500D+03       0.28840D-01      -0.57850D+00       0.40847D+00       0.11197D+00
       0.24600D+03       0.28686D-01      -0.54448D+00       0.40843D+00       0.11160D+00
       0.24700D+03       0.28638D-01      -0.48897D+00       0.40840D+00       0.11119D+00
       0.24800D+03       0.28517D-01      -0.44597D+00       0.40836D+00       0.11133D+00
       0.24900D+03       0.28506D-01      -0.40298D+00       0.40834D+00       0.11120D+00
       0.25000D+03       0.28696D-01      -0.30862D+00       0.40834D+00       0.11082D+00
       0.25100D+03       0.28765D-01      -0.24874D+00       0.40834D+00       0.11042D+00
       0.25200D+03       0.28884D-01      -0.19320D+00       0.40836D+00       0.11011D+00
       0.25300D+03       0.28886D-01      -0.14559D+00       0.40838D+00       0.10976D+00
       0.25400D+03       0.28884D-01      -0.11548D+00       0.40841D+00       0.10935D+00
       0.25500D+03       0.28874D-01      -0.98942D-01       0.40844D+00       0.10900D+00
       0.25600D+03       0.28847D-01      -0.95208D-01       0.40848D+00       0.11249D+00
       0.25700D+03       0.28832D-01      -0.11685D+00       0.40851D+00       0.11209D+00
       0.25800D+03       0.28827D-01      -0.13726D+00       0.40855D+00       0.11171D+00
       0.25900D+03       0.28828D-01      -0.19148D+00       0.40856D+00       0.11140D+00
       0.26000D+03       0.28939D-01      -0.23558D+00       0.40859D+00       0.11100D+00
       0.26100D+03       0.28990D-01      -0.30358D+00       0.40857D+00       0.11222D+00
       0.26200D+03       0.29170D-01      -0.38872D+00       0.40859D+00       0.11189D+00
       0.26300D+03       0.29156D-01      -0.43892D+00       0.40855D+00       0.11177D+00
       0.26400D+03       0.29050D-01      -0.48150D+00       0.40854D+00       0.11171D+00
       0.26500D+03       0.29002D-01      -0.53761D+00       0.40849D+00       0.11137D+00
       0.26600D+03       0.28860D-01      -0.57392D+00       0.40847D+00       0.11102D+00
       0.26700D+03       0.28713D-01      -0.53944D+00       0.40843D+00       0.11069D+00
       0.26800D+03       0.28668D-01      -0.48405D+00       0.40840D+00       0.11032D+00
       0.26900D+03       0.28555D-01      -0.44305D+00       0.40837D+00       0.11045D+00
       0.27000D+03       0.28539D-01      -0.40060D+00       0.40835D+00       0.11032D+00
       0.27100D+03       0.28718D-01      -0.30472D+00       0.40835D+00       0.11000D+00
       0.27200D+03       0.28783D-01      -0.24463D+00       0.40834D+00       0.10965D+00
       0.27300D+03       0.28894D-01      -0.18873D+00       0.40836D+00       0.10936D+00
       0.27400D+03       0.28896D-01      -0.14078D+00       0.40838D+00       0.10905D+00
       0.27500D+03       0.28896D-01      -0.11006D+00       0.40841D+00       0.10870D+00
       0.27600D+03       0.28887D-01      -0.92796D-01       0.40843D+00       0.10837D+00
       0.27700D+03       0.28862D-01      -0.88662D-01       0.40847D+00       0.11072D+00
       0.27800D+03       0.28848D-01      -0.10957D+00       0.40850D+00       0.11037D+00
       0.27900D+03       0.28842D-01      -0.12944D+00       0.40853D+00       0.11003D+00
       0.28000D+03       0.28843D-01      -0.18323D+00       0.40854D+00       0.10977D+00
       0.28100D+03       0.28943D-01      -0.22683D+00       0.40857D+00       0.10939D+00
       0.28200D+03       0.28990D-01      -0.29468D+00       0.40856D+00       0.10949D+00
       0.28300D+03       0.29151D-01      -0.37827D+00       0.40857D+00       0.10919D+00
       0.28400D+03       0.29143D-01      -0.42881D+00       0.40854D+00       0.10910D+00
       0.28500D+03       0.29049D-01      -0.47334D+00       0.40853D+00       0.10905D+00
       0.28600D+03       0.29003D-01      -0.52957D+00       0.40849D+00       0.10874D+00
       0.28700D+03       0.28873D-01      -0.56566D+00       0.40846D+00       0.10840D+00
       0.28800D+03       0.28734D-01      -0.53076D+00       0.40842D+00       0.10808D+00
       0.28900D+03       0.28687D-01      -0.47571D+00       0.40840D+00       0.10774D+00
       0.29000D+03       0.28582D-01      -0.43665D+00       0.40837D+00       0.10786D+00
       0.29100D+03       0.28565D-01      -0.39471D+00       0.40835D+00       0.10775D+00
       0.29200D+03       0.28734D-01      -0.29738D+00       0.40835D+00       0.10747D+00
       0.29300D+03       0.28795D-01      -0.23710D+00       0.40834D+00       0.10716D+00
       0.29400D+03       0.28900D-01      -0.18087D+00       0.40836D+00       0.10689D+00
       0.29500D+03       0.28902D-01      -0.13260D+00       0.40837D+00       0.10664D+00
       0.29600D+03       0.28903D-01      -0.10127D+00       0.40841D+00       0.10630D+00
       0.29700D+03       0.28896D-01      -0.83275D-01       0.40843D+00       0.10601D+00
       0.29800D+03       0.28873D-01      -0.78740D-01       0.40847D+00       0.10822D+00
       0.29900D+03       0.28859D-01      -0.98918D-01       0.40849D+00       0.10789D+00
       0.30000D+03       0.28852D-01      -0.11824D+00       0.40852D+00       0.10759D+00
       0.30100D+03       0.28853D-01      -0.17157D+00       0.40853D+00       0.10735D+00
       0.30200D+03       0.28944D-01      -0.21469D+00       0.40856D+00       0.10700D+00
       0.30300D+03       0.28986D-01      -0.28236D+00       0.40855D+00       0.10710D+00
       0.30400D+03       0.29131D-01      -0.36435D+00       0.40856D+00       0.10684D+00
       0.30500D+03       0.29126D-01      -0.41527D+00       0.40853D+00       0.10675D+00
       0.30600D+03       0.29043D-01      -0.46177D+00       0.40852D+00       0.10671D+00
       0.30700D+03       0.29000D-01      -0.51803D+00       0.40848D+00       0.10644D+00
       0.30800D+03       0.28880D-01      -0.55382D+00       0.40846D+00       0.10613D+00
       0.30900D+03       0.28749D-01      -0.51858D+00       0.40842D+00       0.10584D+00
       0.31000D+03       0.28704D-01      -0.46408D+00       0.40840D+00       0.10554D+00
       0.31100D+03       0.28600D-01      -0.42690D+00       0.40837D+00       0.10564D+00
       0.31200D+03       0.28586D-01      -0.38545D+00       0.40835D+00       0.10554D+00
       0.31300D+03       0.28747D-01      -0.28675D+00       0.40835D+00       0.10529D+00
       0.31400D+03       0.28810D-01      -0.22631D+00       0.40835D+00       0.10502D+00
       0.31500D+03       0.28909D-01      -0.16976D+00       0.40836D+00       0.10478D+00
       0.31600D+03       0.28911D-01      -0.12119D+00       0.40837D+00       0.10455D+00
       0.31700D+03       0.28913D-01      -0.89263D-01       0.40840D+00       0.10424D+00
       0.31800D+03       0.28907D-01      -0.70532D-01       0.40842D+00       0.10397D+00
       0.31900D+03       0.28885D-01      -0.65594D-01       0.40846D+00       0.10604D+00
       0.32000D+03       0.28873D-01      -0.85034D-01       0.40848D+00       0.10575D+00
       0.32100D+03       0.28865D-01      -0.10381D+00       0.40851D+00       0.10547D+00
       0.32200D+03       0.28865D-01      -0.15668D+00       0.40852D+00       0.10525D+00
       0.32300D+03       0.28949D-01      -0.19931D+00       0.40854D+00       0.10493D+00
       0.32400D+03       0.28987D-01      -0.26678D+00       0.40853D+00       0.10503D+00
       0.32500D+03       0.29118D-01      -0.34714D+00       0.40855D+00       0.10480D+00
       0.32600D+03       0.29115D-01      -0.39845D+00       0.40852D+00       0.10472D+00
       0.32700D+03       0.29043D-01      -0.44695D+00       0.40851D+00       0.10470D+00
       0.32800D+03       0.29002D-01      -0.50316D+00       0.40847D+00       0.10444D+00
       0.32900D+03       0.28891D-01      -0.53859D+00       0.40845D+00       0.10414D+00
       0.33000D+03       0.28767D-01      -0.50308D+00       0.40842D+00       0.10386D+00
       0.33100D+03       0.28722D-01      -0.44936D+00       0.40839D+00       0.10358D+00
       0.33200D+03       0.28622D-01      -0.41400D+00       0.40837D+00       0.10381D+00
       0.33300D+03       0.28608D-01      -0.37302D+00       0.40835D+00       0.10362D+00
       0.33400D+03       0.28767D-01      -0.27303D+00       0.40835D+00       0.10338D+00
       0.33500D+03       0.28827D-01      -0.21244D+00       0.40835D+00       0.10314D+00
       0.33600D+03       0.28920D-01      -0.15561D+00       0.40836D+00       0.10292D+00
       0.33700D+03       0.28924D-01      -0.10675D+00       0.40837D+00       0.10272D+00
       0.33800D+03       0.28926D-01      -0.74227D-01       0.40840D+00       0.10243D+00
       0.33900D+03       0.28920D-01      -0.54763D-01       0.40842D+00       0.10218D+00
       0.34000D+03       0.28898D-01      -0.49423D-01       0.40845D+00       0.10413D+00
       0.34100D+03       0.28886D-01      -0.68121D-01       0.40847D+00       0.10384D+00
       0.34200D+03       0.28878D-01      -0.86352D-01       0.40850D+00       0.10359D+00
       0.34300D+03       0.28878D-01      -0.13874D+00       0.40851D+00       0.10339D+00
       0.34400D+03       0.28955D-01      -0.18088D+00       0.40853D+00       0.10311D+00
       0.34500D+03       0.28989D-01      -0.24812D+00       0.40852D+00       0.10289D+00
       0.34600D+03       0.29108D-01      -0.32685D+00       0.40854D+00       0.10268D+00
       0.34700D+03       0.29106D-01      -0.37856D+00       0.40851D+00       0.10261D+00
       0.34800D+03       0.29046D-01      -0.42910D+00       0.40850D+00       0.10260D+00
       0.34900D+03       0.29005D-01      -0.48519D+00       0.40847D+00       0.10239D+00
       0.35000D+03       0.28896D-01      -0.52020D+00       0.40845D+00       0.10212D+00
       0.35100D+03       0.28778D-01      -0.48449D+00       0.40842D+00       0.10186D+00
       0.35200D+03       0.28734D-01      -0.43181D+00       0.40839D+00       0.10160D+00
       0.35300D+03       0.28637D-01      -0.39819D+00       0.40837D+00       0.10168D+00
       0.35400D+03       0.28622D-01      -0.35765D+00       0.40835D+00       0.10149D+00
       0.35500D+03       0.28773D-01      -0.25646D+00       0.40835D+00       0.10128D+00
       0.35600D+03       0.28830D-01      -0.19575D+00       0.40835D+00       0.10135D+00
       0.35700D+03       0.28918D-01      -0.13866D+00       0.40836D+00       0.10116D+00
       0.35800D+03       0.28922D-01      -0.89531D-01       0.40837D+00       0.10098D+00
       0.35900D+03       0.28925D-01      -0.56413D-01       0.40840D+00       0.10073D+00
       0.36000D+03       0.28920D-01      -0.36215D-01       0.40842D+00       0.10050D+00
       0.36100D+03       0.28900D-01      -0.30471D-01       0.40845D+00       0.10234D+00
       0.36200D+03       0.28888D-01      -0.48423D-01       0.40846D+00       0.10210D+00
       0.36300D+03       0.28880D-01      -0.66108D-01       0.40849D+00       0.10184D+00
       0.36400D+03       0.28879D-01      -0.11799D+00       0.40850D+00       0.10160D+00
       0.36500D+03       0.28951D-01      -0.15966D+00       0.40852D+00       0.10146D+00
       0.36600D+03       0.28982D-01      -0.22666D+00       0.40852D+00       0.10126D+00
       0.36700D+03       0.29089D-01      -0.30372D+00       0.40853D+00       0.10106D+00
       0.36800D+03       0.29089D-01      -0.35586D+00       0.40851D+00       0.10101D+00
       0.36900D+03       0.29030D-01      -0.40846D+00       0.40850D+00       0.10098D+00
       0.37000D+03       0.28991D-01      -0.46437D+00       0.40846D+00       0.10078D+00
       0.37100D+03       0.28889D-01      -0.49891D+00       0.40845D+00       0.10054D+00
       0.37200D+03       0.28777D-01      -0.46310D+00       0.40842D+00       0.10030D+00
       0.37300D+03       0.28732D-01      -0.41171D+00       0.40839D+00       0.10006D+00
       0.37400D+03       0.28639D-01      -0.37975D+00       0.40837D+00       0.10001D+00
       0.37500D+03       0.28624D-01      -0.33962D+00       0.40836D+00       0.99814D-01
       0.37600D+03       0.28767D-01      -0.23734D+00       0.40835D+00       0.99636D-01
       0.37700D+03       0.28821D-01      -0.17652D+00       0.40835D+00       0.99710D-01
       0.37800D+03       0.28905D-01      -0.11920D+00       0.40836D+00       0.99496D-01
       0.37900D+03       0.28909D-01      -0.69813D-01       0.40837D+00       0.99316D-01
       0.38000D+03       0.28913D-01      -0.36110D-01       0.40840D+00       0.99087D-01
       0.38100D+03       0.28909D-01      -0.15178D-01       0.40841D+00       0.98881D-01
       0.38200D+03       0.28889D-01      -0.90284D-02       0.40844D+00       0.10063D+00
       0.38300D+03       0.28878D-01      -0.26232D-01       0.40846D+00       0.10040D+00
       0.38400D+03       0.28870D-01      -0.43371D-01       0.40849D+00       0.10016D+00
       0.38500D+03       0.28869D-01      -0.94742D-01       0.40849D+00       0.99948D-01
       0.38600D+03       0.28937D-01      -0.13593D+00       0.40852D+00       0.99777D-01
       0.38700D+03       0.28965D-01      -0.20267D+00       0.40851D+00       0.99607D-01
       0.38800D+03       0.29062D-01      -0.27807D+00       0.40852D+00       0.99444D-01
       0.38900D+03       0.29064D-01      -0.33066D+00       0.40850D+00       0.99302D-01
       0.39000D+03       0.29013D-01      -0.38532D+00       0.40849D+00       0.99557D-01
       0.39100D+03       0.28988D-01      -0.44104D+00       0.40846D+00       0.99654D-01
       0.39200D+03       0.28892D-01      -0.47503D+00       0.40844D+00       0.99431D-01
       0.39300D+03       0.28785D-01      -0.43922D+00       0.40841D+00       0.99211D-01
       0.39400D+03       0.28742D-01      -0.38940D+00       0.40839D+00       0.99005D-01
       0.39500D+03       0.28651D-01      -0.35901D+00       0.40837D+00       0.98958D-01
       0.39600D+03       0.28634D-01      -0.31926D+00       0.40836D+00       0.98765D-01
       0.39700D+03       0.28771D-01      -0.21599D+00       0.40835D+00       0.98592D-01
       0.39800D+03       0.28822D-01      -0.15510D+00       0.40835D+00       0.98664D-01
       0.39900D+03       0.28902D-01      -0.97575D-01       0.40836D+00       0.98464D-01
       0.40000D+03       0.28906D-01      -0.47935D-01       0.40837D+00       0.98297D-01
       0.40100D+03       0.28913D-01      -0.13654D-01       0.40839D+00       0.98081D-01
       0.40200D+03       0.28907D-01       0.80133D-02       0.40841D+00       0.97886D-01
       0.40300D+03       0.28889D-01       0.14570D-01       0.40844D+00       0.99546D-01
       0.40400D+03       0.28878D-01      -0.18805D-02       0.40845D+00       0.99330D-01
       0.40500D+03       0.28869D-01      -0.18476D-01       0.40848D+00       0.99103D-01
       0.40600D+03       0.28869D-01      -0.69319D-01       0.40849D+00       0.98907D-01
       0.40700D+03       0.28931D-01      -0.11004D+00       0.40851D+00       0.98747D-01
       0.40800D+03       0.28957D-01      -0.17651D+00       0.40850D+00       0.98586D-01
       0.40900D+03       0.29046D-01      -0.25025D+00       0.40851D+00       0.98436D-01
       0.41000D+03       0.29049D-01      -0.30330D+00       0.40849D+00       0.98303D-01
       0.41100D+03       0.29006D-01      -0.36005D+00       0.40849D+00       0.98510D-01
       0.41200D+03       0.28982D-01      -0.41554D+00       0.40846D+00       0.98524D-01
       0.41300D+03       0.28891D-01      -0.44895D+00       0.40844D+00       0.98304D-01
       0.41400D+03       0.28788D-01      -0.41323D+00       0.40841D+00       0.98087D-01
       0.41500D+03       0.28745D-01      -0.36525D+00       0.40839D+00       0.97895D-01
       0.41600D+03       0.28657D-01      -0.33634D+00       0.40837D+00       0.97794D-01
       0.41700D+03       0.28640D-01      -0.29693D+00       0.40836D+00       0.97612D-01
       0.41800D+03       0.28769D-01      -0.19278D+00       0.40836D+00       0.97450D-01
       0.41900D+03       0.28816D-01      -0.13184D+00       0.40835D+00       0.97525D-01
       0.42000D+03       0.28894D-01      -0.74151D-01       0.40836D+00       0.97335D-01
       0.42100D+03       0.28898D-01      -0.24270D-01       0.40837D+00       0.97191D-01
       0.42200D+03       0.28906D-01       0.10582D-01       0.40839D+00       0.96988D-01
       0.42300D+03       0.28901D-01       0.32984D-01       0.40841D+00       0.96802D-01
       0.42400D+03       0.28883D-01       0.39949D-01       0.40843D+00       0.98382D-01
       0.42500D+03       0.28873D-01       0.24256D-01       0.40845D+00       0.98179D-01
       0.42600D+03       0.28864D-01       0.82042D-02       0.40847D+00       0.97965D-01
       0.42700D+03       0.28863D-01      -0.42099D-01       0.40848D+00       0.97788D-01
       0.42800D+03       0.28922D-01      -0.82349D-01       0.40850D+00       0.97639D-01
       0.42900D+03       0.28945D-01      -0.14854D+00       0.40849D+00       0.97470D-01
       0.43000D+03       0.29026D-01      -0.22063D+00       0.40850D+00       0.97327D-01
       0.43100D+03       0.29031D-01      -0.27417D+00       0.40849D+00       0.97238D-01
       0.43200D+03       0.28995D-01      -0.33301D+00       0.40848D+00       0.97443D-01
       0.43300D+03       0.28972D-01      -0.38826D+00       0.40845D+00       0.97461D-01
       0.43400D+03       0.28886D-01      -0.42103D+00       0.40844D+00       0.97254D-01
       0.43500D+03       0.28787D-01      -0.38555D+00       0.40841D+00       0.97049D-01
       0.43600D+03       0.28741D-01      -0.33966D+00       0.40839D+00       0.96868D-01
       0.43700D+03       0.28663D-01      -0.31213D+00       0.40837D+00       0.96791D-01
       0.43800D+03       0.28645D-01      -0.27303D+00       0.40836D+00       0.96623D-01
       0.43900D+03       0.28768D-01      -0.16813D+00       0.40836D+00       0.96780D-01
       0.44000D+03       0.28812D-01      -0.10715D+00       0.40835D+00       0.96936D-01
       0.44100D+03       0.28886D-01      -0.49330D-01       0.40836D+00       0.96762D-01
       0.44200D+03       0.28890D-01       0.78418D-03       0.40837D+00       0.96623D-01
       0.44300D+03       0.28900D-01       0.36199D-01       0.40839D+00       0.96424D-01
       0.44400D+03       0.28895D-01       0.59335D-01       0.40840D+00       0.96248D-01
       0.44500D+03       0.28878D-01       0.66714D-01       0.40843D+00       0.97754D-01
       0.44600D+03       0.28869D-01       0.51781D-01       0.40844D+00       0.97565D-01
       0.44700D+03       0.28860D-01       0.36271D-01       0.40847D+00       0.97362D-01
       0.44800D+03       0.28859D-01      -0.13482D-01       0.40847D+00       0.97194D-01
       0.44900D+03       0.28913D-01      -0.53268D-01       0.40849D+00       0.97044D-01
       0.45000D+03       0.28934D-01      -0.11918D+00       0.40849D+00       0.96881D-01
       0.45100D+03       0.29007D-01      -0.18964D+00       0.40850D+00       0.96750D-01
       0.45200D+03       0.29013D-01      -0.24368D+00       0.40848D+00       0.96677D-01
       0.45300D+03       0.28984D-01      -0.30462D+00       0.40848D+00       0.96787D-01
       0.45400D+03       0.28961D-01      -0.35962D+00       0.40845D+00       0.96628D-01
       0.45500D+03       0.28880D-01      -0.39172D+00       0.40844D+00       0.96445D-01
       0.45600D+03       0.28785D-01      -0.35659D+00       0.40841D+00       0.96292D-01
       0.45700D+03       0.28737D-01      -0.31305D+00       0.40839D+00       0.96121D-01
       0.45800D+03       0.28661D-01      -0.28680D+00       0.40837D+00       0.96055D-01
       0.45900D+03       0.28643D-01      -0.24796D+00       0.40836D+00       0.95895D-01
       0.46000D+03       0.28759D-01      -0.14245D+00       0.40836D+00       0.96045D-01
       0.46100D+03       0.28802D-01      -0.81446D-01       0.40835D+00       0.96193D-01
       0.46200D+03       0.28872D-01      -0.23525D-01       0.40836D+00       0.96029D-01
       0.46300D+03       0.28877D-01       0.26815D-01       0.40837D+00       0.95898D-01
       0.46400D+03       0.28887D-01       0.62784D-01       0.40839D+00       0.95708D-01
       0.46500D+03       0.28882D-01       0.86655D-01       0.40840D+00       0.95541D-01
       0.46600D+03       0.28866D-01       0.94450D-01       0.40842D+00       0.96981D-01
       0.46700D+03       0.28857D-01       0.80281D-01       0.40844D+00       0.96802D-01
       0.46800D+03       0.28848D-01       0.65313D-01       0.40846D+00       0.96609D-01
       0.46900D+03       0.28847D-01       0.16119D-01       0.40847D+00       0.96448D-01
       0.47000D+03       0.28897D-01      -0.23207D-01       0.40849D+00       0.96306D-01
       0.47100D+03       0.28917D-01      -0.88828D-01       0.40848D+00       0.96152D-01
       0.47200D+03       0.28983D-01      -0.15769D+00       0.40849D+00       0.96034D-01
       0.47300D+03       0.28991D-01      -0.21226D+00       0.40848D+00       0.95924D-01
       0.47400D+03       0.28968D-01      -0.27529D+00       0.40847D+00       0.95869D-01
       0.47500D+03       0.28946D-01      -0.33004D+00       0.40845D+00       0.95718D-01
       0.47600D+03       0.28869D-01      -0.36144D+00       0.40843D+00       0.95544D-01
       0.47700D+03       0.28776D-01      -0.32679D+00       0.40841D+00       0.95398D-01
       0.47800D+03       0.28727D-01      -0.28585D+00       0.40839D+00       0.95237D-01
       0.47900D+03       0.28653D-01      -0.26078D+00       0.40837D+00       0.95173D-01
       0.48000D+03       0.28635D-01      -0.22214D+00       0.40836D+00       0.95015D-01
       0.48100D+03       0.28745D-01      -0.11616D+00       0.40836D+00       0.95203D-01
       0.48200D+03       0.28786D-01      -0.55156D-01       0.40835D+00       0.95345D-01
       0.48300D+03       0.28853D-01       0.28366D-02       0.40836D+00       0.95164D-01
       0.48400D+03       0.28857D-01       0.53395D-01       0.40837D+00       0.95017D-01
       0.48500D+03       0.28868D-01       0.89912D-01       0.40838D+00       0.94838D-01
       0.48600D+03       0.28864D-01       0.11452D+00       0.40840D+00       0.94674D-01
       0.48700D+03       0.28849D-01       0.12273D+00       0.40842D+00       0.96056D-01
       0.48800D+03       0.28840D-01       0.10933D+00       0.40843D+00       0.95893D-01
       0.48900D+03       0.28831D-01       0.94902D-01       0.40846D+00       0.95710D-01
       0.49000D+03       0.28830D-01       0.46276D-01       0.40846D+00       0.95557D-01
       0.49100D+03       0.28877D-01       0.74084D-02       0.40848D+00       0.95424D-01
       0.49200D+03       0.28894D-01      -0.57923D-01       0.40848D+00       0.95272D-01
       0.49300D+03       0.28955D-01      -0.12523D+00       0.40849D+00       0.95161D-01
       0.49400D+03       0.28964D-01      -0.18034D+00       0.40847D+00       0.95056D-01
       0.49500D+03       0.28947D-01      -0.24547D+00       0.40847D+00       0.95061D-01
       0.49600D+03       0.28926D-01      -0.29995D+00       0.40844D+00       0.94906D-01
       0.49700D+03       0.28852D-01      -0.33063D+00       0.40843D+00       0.94745D-01
       0.49800D+03       0.28763D-01      -0.29663D+00       0.40841D+00       0.94606D-01
       0.49900D+03       0.28712D-01      -0.25850D+00       0.40839D+00       0.94459D-01
       0.50000D+03       0.28640D-01      -0.23449D+00       0.40837D+00       0.94398D-01
       0.50100D+03       0.28622D-01      -0.19602D+00       0.40836D+00       0.94248D-01
       0.50200D+03       0.28725D-01      -0.89712D-01       0.40836D+00       0.94424D-01
       0.50300D+03       0.28764D-01      -0.28722D-01       0.40835D+00       0.94558D-01
       0.50400D+03       0.28828D-01       0.29317D-01       0.40836D+00       0.94389D-01
       0.50500D+03       0.28833D-01       0.80088D-01       0.40836D+00       0.94271D-01
       0.50600D+03       0.28844D-01       0.11715D+00       0.40838D+00       0.94100D-01
       0.50700D+03       0.28841D-01       0.14249D+00       0.40839D+00       0.93932D-01
       0.50800D+03       0.28826D-01       0.15113D+00       0.40842D+00       0.95259D-01
       0.50900D+03       0.28818D-01       0.13849D+00       0.40843D+00       0.95126D-01
       0.51000D+03       0.28809D-01       0.12460D+00       0.40845D+00       0.94970D-01
       0.51100D+03       0.28807D-01       0.76552D-01       0.40846D+00       0.94823D-01
       0.51200D+03       0.28851D-01       0.38140D-01       0.40847D+00       0.94698D-01
       0.51300D+03       0.28867D-01      -0.26903D-01       0.40847D+00       0.94537D-01
       0.51400D+03       0.28923D-01      -0.92702D-01       0.40848D+00       0.94386D-01
       0.51500D+03       0.28933D-01      -0.14837D+00       0.40847D+00       0.94287D-01
       0.51600D+03       0.28922D-01      -0.21559D+00       0.40846D+00       0.94297D-01
       0.51700D+03       0.28902D-01      -0.26982D+00       0.40844D+00       0.94147D-01
       0.51800D+03       0.28831D-01      -0.29975D+00       0.40843D+00       0.93992D-01
       0.51900D+03       0.28744D-01      -0.26655D+00       0.40840D+00       0.93842D-01
       0.52000D+03       0.28692D-01      -0.23144D+00       0.40839D+00       0.93711D-01
       0.52100D+03       0.28622D-01      -0.20839D+00       0.40837D+00       0.93652D-01
       0.52200D+03       0.28604D-01      -0.17003D+00       0.40836D+00       0.93513D-01
       0.52300D+03       0.28701D-01      -0.63549D-01       0.40835D+00       0.93660D-01
       0.52400D+03       0.28734D-01      -0.25929D-02       0.40835D+00       0.93786D-01
       0.52500D+03       0.28798D-01       0.55471D-01       0.40836D+00       0.93629D-01
       0.52600D+03       0.28803D-01       0.10645D+00       0.40836D+00       0.93486D-01
       0.52700D+03       0.28815D-01       0.14404D+00       0.40838D+00       0.93324D-01
       0.52800D+03       0.28812D-01       0.17011D+00       0.40839D+00       0.93161D-01
       0.52900D+03       0.28799D-01       0.17919D+00       0.40841D+00       0.94437D-01
       0.53000D+03       0.28790D-01       0.16732D+00       0.40843D+00       0.94311D-01
       0.53100D+03       0.28781D-01       0.15397D+00       0.40845D+00       0.94164D-01
       0.53200D+03       0.28780D-01       0.10650D+00       0.40845D+00       0.94023D-01
       0.53300D+03       0.28821D-01       0.68544D-01       0.40847D+00       0.93887D-01
       0.53400D+03       0.28836D-01       0.37857D-02       0.40847D+00       0.93730D-01
       0.53500D+03       0.28888D-01      -0.60564D-01       0.40848D+00       0.93571D-01
       0.53600D+03       0.28898D-01      -0.11681D+00       0.40846D+00       0.93477D-01
       0.53700D+03       0.28892D-01      -0.18610D+00       0.40846D+00       0.93463D-01
       0.53800D+03       0.28873D-01      -0.24008D+00       0.40844D+00       0.93320D-01
       0.53900D+03       0.28806D-01      -0.26926D+00       0.40843D+00       0.93176D-01
       0.54000D+03       0.28722D-01      -0.23703D+00       0.40840D+00       0.93030D-01
       0.54100D+03       0.28668D-01      -0.20511D+00       0.40839D+00       0.92934D-01
       0.54200D+03       0.28600D-01      -0.18291D+00       0.40837D+00       0.92876D-01
       0.54300D+03       0.28583D-01      -0.14462D+00       0.40836D+00       0.92742D-01
       0.54400D+03       0.28674D-01      -0.38115D-01       0.40835D+00       0.92820D-01
       0.54500D+03       0.28705D-01       0.22788D-01       0.40835D+00       0.92753D-01
       0.54600D+03       0.28767D-01       0.80862D-01       0.40836D+00       0.92609D-01
       0.54700D+03       0.28772D-01       0.13204D+00       0.40836D+00       0.92473D-01
       0.54800D+03       0.28784D-01       0.17016D+00       0.40838D+00       0.92863D-01
       0.54900D+03       0.28782D-01       0.19696D+00       0.40839D+00       0.92708D-01
       0.55000D+03       0.28769D-01       0.20648D+00       0.40841D+00       0.93936D-01
       0.55100D+03       0.28761D-01       0.19538D+00       0.40842D+00       0.93819D-01
       0.55200D+03       0.28752D-01       0.18256D+00       0.40844D+00       0.93735D-01
       0.55300D+03       0.28751D-01       0.13568D+00       0.40845D+00       0.93599D-01
       0.55400D+03       0.28789D-01       0.98183D-01       0.40846D+00       0.93467D-01
       0.55500D+03       0.28802D-01       0.33705D-01       0.40846D+00       0.93318D-01
       0.55600D+03       0.28851D-01      -0.29260D-01       0.40847D+00       0.93662D-01
       0.55700D+03       0.28862D-01      -0.86084D-01       0.40846D+00       0.93572D-01
       0.55800D+03       0.28861D-01      -0.15744D+00       0.40845D+00       0.93631D-01
       0.55900D+03       0.28843D-01      -0.21117D+00       0.40843D+00       0.93493D-01
       0.56000D+03       0.28778D-01      -0.23959D+00       0.40842D+00       0.93354D-01
       0.56100D+03       0.28697D-01      -0.20852D+00       0.40840D+00       0.93211D-01
       0.56200D+03       0.28641D-01      -0.17994D+00       0.40839D+00       0.93058D-01
       0.56300D+03       0.28576D-01      -0.15849D+00       0.40837D+00       0.93006D-01
       0.56400D+03       0.28559D-01      -0.12022D+00       0.40836D+00       0.92874D-01
       0.56500D+03       0.28643D-01      -0.13840D-01       0.40835D+00       0.92945D-01
       0.56600D+03       0.28673D-01       0.46991D-01       0.40835D+00       0.92880D-01
       0.56700D+03       0.28732D-01       0.10507D+00       0.40836D+00       0.92746D-01
       0.56800D+03       0.28737D-01       0.15644D+00       0.40836D+00       0.92615D-01
       0.56900D+03       0.28750D-01       0.19509D+00       0.40838D+00       0.92989D-01
       0.57000D+03       0.28748D-01       0.22262D+00       0.40839D+00       0.92839D-01
       0.57100D+03       0.28735D-01       0.23257D+00       0.40841D+00       0.94022D-01
       0.57200D+03       0.28728D-01       0.22224D+00       0.40842D+00       0.93910D-01
       0.57300D+03       0.28719D-01       0.20996D+00       0.40844D+00       0.93828D-01
       0.57400D+03       0.28718D-01       0.16368D+00       0.40844D+00       0.93698D-01
       0.57500D+03       0.28753D-01       0.12663D+00       0.40846D+00       0.93571D-01
       0.57600D+03       0.28765D-01       0.62429D-01       0.40846D+00       0.93426D-01
       0.57700D+03       0.28811D-01       0.77930D-03       0.40847D+00       0.93768D-01
       0.57800D+03       0.28823D-01      -0.56634D-01       0.40845D+00       0.93676D-01
       0.57900D+03       0.28827D-01      -0.13003D+00       0.40845D+00       0.93737D-01
       0.58000D+03       0.28819D-01      -0.18351D+00       0.40843D+00       0.93604D-01
       0.58100D+03       0.28757D-01      -0.21119D+00       0.40842D+00       0.93465D-01
       0.58200D+03       0.28677D-01      -0.18146D+00       0.40840D+00       0.93324D-01
       0.58300D+03       0.28620D-01      -0.15634D+00       0.40838D+00       0.93176D-01
       0.58400D+03       0.28557D-01      -0.13553D+00       0.40837D+00       0.93135D-01
       0.58500D+03       0.28540D-01      -0.97217D-01       0.40836D+00       0.93008D-01
       0.58600D+03       0.28618D-01       0.88679D-02       0.40835D+00       0.93126D-01
       0.58700D+03       0.28646D-01       0.69605D-01       0.40835D+00       0.93001D-01
       0.58800D+03       0.28702D-01       0.12768D+00       0.40836D+00       0.92877D-01
       0.58900D+03       0.28707D-01       0.17924D+00       0.40836D+00       0.92750D-01
       0.59000D+03       0.28721D-01       0.21841D+00       0.40837D+00       0.93279D-01
       0.59100D+03       0.28719D-01       0.24666D+00       0.40838D+00       0.93134D-01
       0.59200D+03       0.28714D-01       0.25708D+00       0.40840D+00       0.94274D-01
       0.59300D+03       0.28707D-01       0.24750D+00       0.40841D+00       0.94166D-01
       0.59400D+03       0.28698D-01       0.23576D+00       0.40843D+00       0.94086D-01
       0.59500D+03       0.28696D-01       0.19008D+00       0.40844D+00       0.93960D-01
       0.59600D+03       0.28729D-01       0.15349D+00       0.40845D+00       0.93832D-01
       0.59700D+03       0.28741D-01       0.89553D-01       0.40845D+00       0.93697D-01
       0.59800D+03       0.28782D-01       0.29140D-01       0.40846D+00       0.93626D-01
       0.59900D+03       0.28796D-01      -0.28865D-01       0.40845D+00       0.93538D-01
       0.60000D+03       0.28805D-01      -0.10427D+00       0.40845D+00       0.93601D-01
       0.60100D+03       0.28797D-01      -0.15751D+00       0.40843D+00       0.93470D-01
       0.60200D+03       0.28738D-01      -0.18444D+00       0.40842D+00       0.93337D-01
       0.60300D+03       0.28660D-01      -0.15627D+00       0.40840D+00       0.93200D-01
       0.60400D+03       0.28602D-01      -0.13469D+00       0.40838D+00       0.93058D-01
       0.60500D+03       0.28541D-01      -0.11443D+00       0.40837D+00       0.93014D-01
       0.60600D+03       0.28523D-01      -0.76017D-01       0.40836D+00       0.92900D-01
       0.60700D+03       0.28596D-01       0.29619D-01       0.40835D+00       0.93012D-01
       0.60800D+03       0.28622D-01       0.90239D-01       0.40835D+00       0.92891D-01
       0.60900D+03       0.28669D-01       0.14832D+00       0.40835D+00       0.92781D-01
       0.61000D+03       0.28675D-01       0.20007D+00       0.40836D+00       0.92660D-01
       0.61100D+03       0.28696D-01       0.23976D+00       0.40837D+00       0.93007D-01
       0.61200D+03       0.28694D-01       0.26872D+00       0.40838D+00       0.92868D-01
       0.61300D+03       0.28689D-01       0.27960D+00       0.40840D+00       0.94544D-01
       0.61400D+03       0.28681D-01       0.27079D+00       0.40841D+00       0.94439D-01
       0.61500D+03       0.28672D-01       0.25958D+00       0.40843D+00       0.94362D-01
       0.61600D+03       0.28671D-01       0.21451D+00       0.40844D+00       0.94240D-01
       0.61700D+03       0.28702D-01       0.17837D+00       0.40845D+00       0.94114D-01
       0.61800D+03       0.28712D-01       0.11469D+00       0.40845D+00       0.93987D-01
       0.61900D+03       0.28751D-01       0.55435D-01       0.40846D+00       0.93931D-01
       0.62000D+03       0.28771D-01      -0.31611D-02       0.40845D+00       0.93862D-01
       0.62100D+03       0.28784D-01      -0.80550D-01       0.40844D+00       0.93968D-01
       0.62200D+03       0.28773D-01      -0.13354D+00       0.40842D+00       0.93842D-01
       0.62300D+03       0.28715D-01      -0.15975D+00       0.40842D+00       0.93786D-01
       0.62400D+03       0.28640D-01      -0.13332D+00       0.40840D+00       0.93653D-01
       0.62500D+03       0.28581D-01      -0.11534D+00       0.40838D+00       0.93534D-01
       0.62600D+03       0.28521D-01      -0.95528D-01       0.40837D+00       0.93509D-01
       0.62700D+03       0.28504D-01      -0.56975D-01       0.40836D+00       0.93395D-01
       0.62800D+03       0.28570D-01       0.48056D-01       0.40835D+00       0.93497D-01
       0.62900D+03       0.28596D-01       0.10853D+00       0.40835D+00       0.93392D-01
       0.63000D+03       0.28640D-01       0.16664D+00       0.40835D+00       0.93276D-01
       0.63100D+03       0.28646D-01       0.21857D+00       0.40836D+00       0.93156D-01
       0.63200D+03       0.28667D-01       0.25877D+00       0.40837D+00       0.93490D-01
       0.63300D+03       0.28665D-01       0.28845D+00       0.40838D+00       0.93354D-01
       0.63400D+03       0.28660D-01       0.29980D+00       0.40840D+00       0.94792D-01
       0.63500D+03       0.28653D-01       0.29174D+00       0.40841D+00       0.94690D-01
       0.63600D+03       0.28644D-01       0.28107D+00       0.40842D+00       0.94615D-01
       0.63700D+03       0.28643D-01       0.23661D+00       0.40843D+00       0.94497D-01
       0.63800D+03       0.28672D-01       0.20093D+00       0.40845D+00       0.94613D-01
       0.63900D+03       0.28681D-01       0.13750D+00       0.40844D+00       0.94489D-01
       0.64000D+03       0.28718D-01       0.79312D-01       0.40845D+00       0.94705D-01
       0.64100D+03       0.28738D-01       0.20129D-01       0.40844D+00       0.94646D-01
       0.64200D+03       0.28756D-01      -0.59205D-01       0.40844D+00       0.94750D-01
       0.64300D+03       0.28745D-01      -0.11193D+00       0.40842D+00       0.94625D-01
       0.64400D+03       0.28689D-01      -0.13745D+00       0.40841D+00       0.94571D-01
       0.64500D+03       0.28616D-01      -0.11298D+00       0.40839D+00       0.94442D-01
       0.64600D+03       0.28556D-01      -0.98628D-01       0.40838D+00       0.94332D-01
       0.64700D+03       0.28499D-01      -0.79162D-01       0.40837D+00       0.94304D-01
       0.64800D+03       0.28481D-01      -0.40416D-01       0.40836D+00       0.94192D-01
       0.64900D+03       0.28542D-01       0.63857D-01       0.40835D+00       0.94283D-01
       0.65000D+03       0.28566D-01       0.12416D+00       0.40835D+00       0.94180D-01
       0.65100D+03       0.28608D-01       0.18232D+00       0.40835D+00       0.94065D-01
       0.65200D+03       0.28614D-01       0.23442D+00       0.40836D+00       0.93947D-01
       0.65300D+03       0.28636D-01       0.27515D+00       0.40837D+00       0.94268D-01
       0.65400D+03       0.28634D-01       0.30553D+00       0.40838D+00       0.94136D-01
       0.65500D+03       0.28629D-01       0.31737D+00       0.40839D+00       0.95527D-01
       0.65600D+03       0.28623D-01       0.31006D+00       0.40840D+00       0.95436D-01
       0.65700D+03       0.28614D-01       0.29992D+00       0.40842D+00       0.95361D-01
       0.65800D+03       0.28613D-01       0.25607D+00       0.40843D+00       0.95225D-01
       0.65900D+03       0.28639D-01       0.22085D+00       0.40844D+00       0.95335D-01
       0.66000D+03       0.28648D-01       0.15767D+00       0.40844D+00       0.95214D-01
       0.66100D+03       0.28683D-01       0.10046D+00       0.40845D+00       0.95112D-01
       0.66200D+03       0.28703D-01       0.40696D-01       0.40844D+00       0.94997D-01
       0.66300D+03       0.28725D-01      -0.40536D-01       0.40844D+00       0.95214D-01
       0.66400D+03       0.28715D-01      -0.92994D-01       0.40842D+00       0.95347D-01
       0.66500D+03       0.28662D-01      -0.11785D+00       0.40841D+00       0.95293D-01
       0.66600D+03       0.28591D-01      -0.95549D-01       0.40839D+00       0.95177D-01
       0.66700D+03       0.28530D-01      -0.84820D-01       0.40838D+00       0.95179D-01
       0.66800D+03       0.28474D-01      -0.65611D-01       0.40837D+00       0.95259D-01
       0.66900D+03       0.28457D-01      -0.26626D-01       0.40836D+00       0.95149D-01
       0.67000D+03       0.28517D-01       0.76740D-01       0.40835D+00       0.95269D-01
       0.67100D+03       0.28537D-01       0.13685D+00       0.40835D+00       0.95172D-01
       0.67200D+03       0.28579D-01       0.19509D+00       0.40835D+00       0.95057D-01
       0.67300D+03       0.28585D-01       0.24737D+00       0.40835D+00       0.94929D-01
       0.67400D+03       0.28607D-01       0.28861D+00       0.40837D+00       0.94820D-01
       0.67500D+03       0.28606D-01       0.31968D+00       0.40838D+00       0.94690D-01
       0.67600D+03       0.28596D-01       0.33202D+00       0.40839D+00       0.94583D-01
       0.67700D+03       0.28589D-01       0.32546D+00       0.40840D+00       0.94496D-01
       0.67800D+03       0.28581D-01       0.31585D+00       0.40842D+00       0.94425D-01
       0.67900D+03       0.28582D-01       0.27262D+00       0.40842D+00       0.94294D-01
       0.68000D+03       0.28607D-01       0.23786D+00       0.40844D+00       0.94404D-01
       0.68100D+03       0.28615D-01       0.17491D+00       0.40844D+00       0.94288D-01
       0.68200D+03       0.28649D-01       0.11861D+00       0.40845D+00       0.94196D-01
       0.68300D+03       0.28669D-01       0.58270D-01       0.40844D+00       0.94086D-01
       0.68400D+03       0.28695D-01      -0.24806D-01       0.40843D+00       0.94304D-01
       0.68500D+03       0.28686D-01      -0.76990D-01       0.40842D+00       0.94439D-01
       0.68600D+03       0.28634D-01      -0.10121D+00       0.40841D+00       0.94536D-01
       0.68700D+03       0.28565D-01      -0.81294D-01       0.40839D+00       0.94480D-01
       0.68800D+03       0.28505D-01      -0.74157D-01       0.40838D+00       0.94482D-01
       0.68900D+03       0.28450D-01      -0.55119D-01       0.40836D+00       0.94558D-01
       0.69000D+03       0.28433D-01      -0.15851D-01       0.40836D+00       0.94451D-01
       0.69100D+03       0.28488D-01       0.86463D-01       0.40835D+00       0.94564D-01
       0.69200D+03       0.28507D-01       0.14634D+00       0.40835D+00       0.94492D-01
       0.69300D+03       0.28547D-01       0.20472D+00       0.40835D+00       0.94386D-01
       0.69400D+03       0.28553D-01       0.25716D+00       0.40835D+00       0.94262D-01
       0.69500D+03       0.28575D-01       0.29893D+00       0.40837D+00       0.94156D-01
       0.69600D+03       0.28574D-01       0.33068D+00       0.40837D+00       0.94031D-01
       0.69700D+03       0.28565D-01       0.34352D+00       0.40839D+00       0.93929D-01
       0.69800D+03       0.28558D-01       0.33771D+00       0.40840D+00       0.93837D-01
       0.69900D+03       0.28550D-01       0.32862D+00       0.40841D+00       0.93702D-01
       0.70000D+03       0.28551D-01       0.28603D+00       0.40842D+00       0.93577D-01
       0.70100D+03       0.28574D-01       0.25172D+00       0.40843D+00       0.93684D-01
       0.70200D+03       0.28582D-01       0.18900D+00       0.40843D+00       0.93572D-01
       0.70300D+03       0.28614D-01       0.13352D+00       0.40844D+00       0.93486D-01
       0.70400D+03       0.28635D-01       0.72621D-01       0.40843D+00       0.93382D-01
       0.70500D+03       0.28664D-01      -0.12237D-01       0.40843D+00       0.93367D-01
       0.70600D+03       0.28656D-01      -0.64138D-01       0.40841D+00       0.93271D-01
       0.70700D+03       0.28606D-01      -0.87768D-01       0.40841D+00       0.93370D-01
       0.70800D+03       0.28539D-01      -0.70439D-01       0.40839D+00       0.93303D-01
       0.70900D+03       0.28479D-01      -0.66832D-01       0.40838D+00       0.93305D-01
       0.71000D+03       0.28426D-01      -0.47880D-01       0.40836D+00       0.93377D-01
       0.71100D+03       0.28409D-01      -0.82892D-02       0.40835D+00       0.93264D-01
       0.71200D+03       0.28458D-01       0.92834D-01       0.40835D+00       0.93371D-01
       0.71300D+03       0.28477D-01       0.15244D+00       0.40834D+00       0.93295D-01
       0.71400D+03       0.28515D-01       0.21101D+00       0.40835D+00       0.93181D-01
       0.71500D+03       0.28528D-01       0.26363D+00       0.40835D+00       0.93062D-01
       0.71600D+03       0.28549D-01       0.30591D+00       0.40836D+00       0.92959D-01
       0.71700D+03       0.28548D-01       0.33833D+00       0.40837D+00       0.92839D-01
       0.71800D+03       0.28538D-01       0.35169D+00       0.40839D+00       0.92745D-01
       0.71900D+03       0.28532D-01       0.34662D+00       0.40840D+00       0.92678D-01
       0.72000D+03       0.28524D-01       0.33806D+00       0.40841D+00       0.93461D-01
       0.72100D+03       0.28522D-01       0.29610D+00       0.40842D+00       0.93338D-01
       0.72200D+03       0.28544D-01       0.26225D+00       0.40843D+00       0.93230D-01
       0.72300D+03       0.28550D-01       0.19976D+00       0.40843D+00       0.93122D-01
       0.72400D+03       0.28582D-01       0.14501D+00       0.40844D+00       0.93012D-01
       0.72500D+03       0.28602D-01       0.83567D-01       0.40843D+00       0.92911D-01
       0.72600D+03       0.28638D-01      -0.30013D-02       0.40843D+00       0.92893D-01
       0.72700D+03       0.28628D-01      -0.54608D-01       0.40841D+00       0.92795D-01
       0.72800D+03       0.28580D-01      -0.77690D-01       0.40841D+00       0.92769D-01
       0.72900D+03       0.28516D-01      -0.63149D-01       0.40839D+00       0.92673D-01
       0.73000D+03       0.28456D-01      -0.62982D-01       0.40838D+00       0.92578D-01
       0.73100D+03       0.28404D-01      -0.44039D-01       0.40836D+00       0.92546D-01
       0.73200D+03       0.28387D-01      -0.40878D-02       0.40835D+00       0.92436D-01
       0.73300D+03       0.28431D-01       0.95714D-01       0.40835D+00       0.92452D-01
       0.73400D+03       0.28448D-01       0.15501D+00       0.40834D+00       0.92349D-01
       0.73500D+03       0.28485D-01       0.21384D+00       0.40835D+00       0.92346D-01
       0.73600D+03       0.28498D-01       0.26663D+00       0.40835D+00       0.92231D-01
       0.73700D+03       0.28521D-01       0.30943D+00       0.40836D+00       0.92123D-01
       0.73800D+03       0.28520D-01       0.34251D+00       0.40837D+00       0.92008D-01
       0.73900D+03       0.28511D-01       0.35640D+00       0.40838D+00       0.91918D-01
       0.74000D+03       0.28505D-01       0.35207D+00       0.40839D+00       0.91854D-01
       0.74100D+03       0.28497D-01       0.34403D+00       0.40841D+00       0.92616D-01
       0.74200D+03       0.28495D-01       0.30271D+00       0.40841D+00       0.92498D-01
       0.74300D+03       0.28515D-01       0.26931D+00       0.40843D+00       0.92406D-01
       0.74400D+03       0.28521D-01       0.20705D+00       0.40843D+00       0.92303D-01
       0.74500D+03       0.28552D-01       0.15295D+00       0.40843D+00       0.92199D-01
       0.74600D+03       0.28572D-01       0.90984D-01       0.40843D+00       0.92099D-01
       0.74700D+03       0.28607D-01       0.27857D-02       0.40842D+00       0.92067D-01
       0.74800D+03       0.28598D-01      -0.48516D-01       0.40841D+00       0.91969D-01
       0.74900D+03       0.28551D-01      -0.71100D-01       0.40840D+00       0.91945D-01
       0.75000D+03       0.28489D-01      -0.59535D-01       0.40839D+00       0.91848D-01
       0.75100D+03       0.28430D-01      -0.62690D-01       0.40837D+00       0.91755D-01
       0.75200D+03       0.28380D-01      -0.43682D-01       0.40836D+00       0.91720D-01
       0.75300D+03       0.28364D-01      -0.33376D-02       0.40835D+00       0.91621D-01
       0.75400D+03       0.28402D-01       0.95021D-01       0.40835D+00       0.91635D-01
       0.75500D+03       0.28418D-01       0.15397D+00       0.40834D+00       0.91534D-01
       0.75600D+03       0.28453D-01       0.21314D+00       0.40835D+00       0.91430D-01
       0.75700D+03       0.28466D-01       0.26609D+00       0.40835D+00       0.91319D-01
       0.75800D+03       0.28489D-01       0.30942D+00       0.40836D+00       0.91214D-01
       0.75900D+03       0.28489D-01       0.34314D+00       0.40837D+00       0.91100D-01
       0.76000D+03       0.28480D-01       0.35757D+00       0.40838D+00       0.90992D-01
       0.76100D+03       0.28474D-01       0.35398D+00       0.40839D+00       0.91351D-01
       0.76200D+03       0.28466D-01       0.34645D+00       0.40841D+00       0.92094D-01
       0.76300D+03       0.28464D-01       0.30578D+00       0.40841D+00       0.91980D-01
       0.76400D+03       0.28482D-01       0.27284D+00       0.40842D+00       0.91892D-01
       0.76500D+03       0.28488D-01       0.21080D+00       0.40842D+00       0.91792D-01
       0.76600D+03       0.28519D-01       0.15728D+00       0.40843D+00       0.91693D-01
       0.76700D+03       0.28539D-01       0.94806D-01       0.40842D+00       0.91614D-01
       0.76800D+03       0.28577D-01       0.50651D-02       0.40842D+00       0.91589D-01
       0.76900D+03       0.28568D-01      -0.45922D-01       0.40841D+00       0.91495D-01
       0.77000D+03       0.28523D-01      -0.68061D-01       0.40840D+00       0.91469D-01
       0.77100D+03       0.28464D-01      -0.59645D-01       0.40839D+00       0.91376D-01
       0.77200D+03       0.28405D-01      -0.65988D-01       0.40837D+00       0.91289D-01
       0.77300D+03       0.28356D-01      -0.46846D-01       0.40836D+00       0.91254D-01
       0.77400D+03       0.28341D-01      -0.60780D-02       0.40835D+00       0.91164D-01
       0.77500D+03       0.28374D-01       0.90725D-01       0.40835D+00       0.91135D-01
       0.77600D+03       0.28389D-01       0.14929D+00       0.40834D+00       0.91067D-01
       0.77700D+03       0.28423D-01       0.20887D+00       0.40835D+00       0.90976D-01
       0.77800D+03       0.28435D-01       0.26199D+00       0.40835D+00       0.90865D-01
       0.77900D+03       0.28459D-01       0.30584D+00       0.40836D+00       0.90762D-01
       0.78000D+03       0.28458D-01       0.34020D+00       0.40837D+00       0.90657D-01
       0.78100D+03       0.28450D-01       0.35518D+00       0.40838D+00       0.90552D-01
       0.78200D+03       0.28445D-01       0.35233D+00       0.40839D+00       0.90895D-01
       0.78300D+03       0.28437D-01       0.34531D+00       0.40840D+00       0.91619D-01
       0.78400D+03       0.28435D-01       0.30530D+00       0.40841D+00       0.91510D-01
       0.78500D+03       0.28452D-01       0.27280D+00       0.40842D+00       0.91430D-01
       0.78600D+03       0.28457D-01       0.21099D+00       0.40842D+00       0.91329D-01
       0.78700D+03       0.28487D-01       0.15798D+00       0.40843D+00       0.91234D-01
       0.78800D+03       0.28508D-01       0.95017D-01       0.40842D+00       0.91159D-01
       0.78900D+03       0.28548D-01       0.38317D-02       0.40842D+00       0.91136D-01
       0.79000D+03       0.28540D-01      -0.46834D-01       0.40841D+00       0.91049D-01
       0.79100D+03       0.28496D-01      -0.68588D-01       0.40840D+00       0.91029D-01
       0.79200D+03       0.28440D-01      -0.63477D-01       0.40838D+00       0.90953D-01
       0.79300D+03       0.28382D-01      -0.72856D-01       0.40837D+00       0.90868D-01
       0.79400D+03       0.28335D-01      -0.53514D-01       0.40836D+00       0.90833D-01
       0.79500D+03       0.28319D-01      -0.12296D-01       0.40835D+00       0.90750D-01
       0.79600D+03       0.28347D-01       0.82847D-01       0.40835D+00       0.90724D-01
       0.79700D+03       0.28361D-01       0.14099D+00       0.40834D+00       0.90659D-01
       0.79800D+03       0.28394D-01       0.20107D+00       0.40835D+00       0.90571D-01
       0.79900D+03       0.28407D-01       0.25437D+00       0.40835D+00       0.90466D-01
       0.80000D+03       0.28431D-01       0.29874D+00       0.40836D+00       0.90366D-01
       0.80100D+03       0.28430D-01       0.33372D+00       0.40836D+00       0.90267D-01
       0.80200D+03       0.28423D-01       0.34926D+00       0.40838D+00       0.90162D-01
       0.80300D+03       0.28417D-01       0.34716D+00       0.40839D+00       0.90504D-01
       0.80400D+03       0.28409D-01       0.34063D+00       0.40840D+00       0.91210D-01
       0.80500D+03       0.28408D-01       0.30128D+00       0.40841D+00       0.91105D-01
       0.80600D+03       0.28423D-01       0.26923D+00       0.40842D+00       0.91033D-01
       0.80700D+03       0.28428D-01       0.20765D+00       0.40842D+00       0.90936D-01
       0.80800D+03       0.28458D-01       0.15509D+00       0.40843D+00       0.90852D-01
       0.80900D+03       0.28478D-01       0.91655D-01       0.40842D+00       0.90809D-01
       0.81000D+03       0.28522D-01      -0.86833D-03       0.40842D+00       0.90791D-01
       0.81100D+03       0.28514D-01      -0.51210D-01       0.40840D+00       0.90702D-01
       0.81200D+03       0.28472D-01      -0.72642D-01       0.40840D+00       0.90687D-01
       0.81300D+03       0.28418D-01      -0.70972D-01       0.40838D+00       0.90613D-01
       0.81400D+03       0.28362D-01      -0.83219D-01       0.40837D+00       0.90532D-01
       0.81500D+03       0.28316D-01      -0.63616D-01       0.40836D+00       0.90499D-01
       0.81600D+03       0.28299D-01      -0.21924D-01       0.40835D+00       0.90417D-01
       0.81700D+03       0.28323D-01       0.71465D-01       0.40835D+00       0.90370D-01
       0.81800D+03       0.28336D-01       0.12915D+00       0.40834D+00       0.90308D-01
       0.81900D+03       0.28368D-01       0.18983D+00       0.40835D+00       0.90229D-01
       0.82000D+03       0.28382D-01       0.24330D+00       0.40835D+00       0.90126D-01
       0.82100D+03       0.28405D-01       0.28819D+00       0.40836D+00       0.90031D-01
       0.82200D+03       0.28405D-01       0.32379D+00       0.40836D+00       0.89940D-01
       0.82300D+03       0.28398D-01       0.33989D+00       0.40838D+00       0.89838D-01
       0.82400D+03       0.28393D-01       0.33853D+00       0.40838D+00       0.90172D-01
       0.82500D+03       0.28385D-01       0.33250D+00       0.40840D+00       0.90861D-01
       0.82600D+03       0.28383D-01       0.29382D+00       0.40840D+00       0.90758D-01
       0.82700D+03       0.28397D-01       0.26221D+00       0.40842D+00       0.90694D-01
       0.82800D+03       0.28402D-01       0.20086D+00       0.40842D+00       0.90603D-01
       0.82900D+03       0.28432D-01       0.14869D+00       0.40842D+00       0.90517D-01
       0.83000D+03       0.28452D-01       0.84812D-01       0.40842D+00       0.90448D-01
       0.83100D+03       0.28498D-01      -0.89329D-02       0.40842D+00       0.90431D-01
       0.83200D+03       0.28491D-01      -0.58953D-01       0.40840D+00       0.90347D-01
       0.83300D+03       0.28450D-01      -0.80132D-01       0.40840D+00       0.90298D-01
       0.83400D+03       0.28399D-01      -0.82010D-01       0.40838D+00       0.90227D-01
       0.83500D+03       0.28344D-01      -0.96947D-01       0.40837D+00       0.90142D-01
       0.83600D+03       0.28299D-01      -0.77025D-01       0.40836D+00       0.90109D-01
       0.83700D+03       0.28283D-01      -0.34836D-01       0.40835D+00       0.90036D-01
       0.83800D+03       0.28302D-01       0.56713D-01       0.40835D+00       0.90003D-01
       0.83900D+03       0.28315D-01       0.11390D+00       0.40834D+00       0.89965D-01
       0.84000D+03       0.28343D-01       0.17527D+00       0.40835D+00       0.89888D-01
       0.84100D+03       0.28359D-01       0.22892D+00       0.40835D+00       0.89788D-01
       0.84200D+03       0.28383D-01       0.27433D+00       0.40836D+00       0.89696D-01
       0.84300D+03       0.28383D-01       0.31054D+00       0.40836D+00       0.89608D-01
       0.84400D+03       0.28376D-01       0.32721D+00       0.40837D+00       0.89510D-01
       0.84500D+03       0.28371D-01       0.32660D+00       0.40838D+00       0.89836D-01
       0.84600D+03       0.28363D-01       0.32105D+00       0.40840D+00       0.90509D-01
       0.84700D+03       0.28361D-01       0.28304D+00       0.40840D+00       0.90413D-01
       0.84800D+03       0.28375D-01       0.25188D+00       0.40841D+00       0.90371D-01
       0.84900D+03       0.28379D-01       0.19076D+00       0.40841D+00       0.90282D-01
       0.85000D+03       0.28408D-01       0.13894D+00       0.40842D+00       0.90201D-01
       0.85100D+03       0.28425D-01       0.74637D-01       0.40841D+00       0.90136D-01
       0.85200D+03       0.28473D-01      -0.20206D-01       0.40841D+00       0.90120D-01
       0.85300D+03       0.28464D-01      -0.69912D-01       0.40840D+00       0.90037D-01
       0.85400D+03       0.28424D-01      -0.90910D-01       0.40840D+00       0.89990D-01
       0.85500D+03       0.28382D-01      -0.96416D-01       0.40838D+00       0.89925D-01
       0.85600D+03       0.28328D-01      -0.11386D+00       0.40837D+00       0.89839D-01
       0.85700D+03       0.28284D-01      -0.93561D-01       0.40836D+00       0.89807D-01
       0.85800D+03       0.28268D-01      -0.50854D-01       0.40835D+00       0.89735D-01
       0.85900D+03       0.28286D-01       0.38781D-01       0.40835D+00       0.89679D-01
       0.86000D+03       0.28295D-01       0.95441D-01       0.40834D+00       0.89627D-01
       0.86100D+03       0.28323D-01       0.15759D+00       0.40834D+00       0.89594D-01
       0.86200D+03       0.28339D-01       0.21144D+00       0.40835D+00       0.89498D-01
       0.86300D+03       0.28363D-01       0.25735D+00       0.40835D+00       0.89408D-01
       0.86400D+03       0.28363D-01       0.29417D+00       0.40836D+00       0.89323D-01
       0.86500D+03       0.28356D-01       0.31141D+00       0.40837D+00       0.89228D-01
       0.86600D+03       0.28351D-01       0.31155D+00       0.40838D+00       0.89548D-01
       0.86700D+03       0.28344D-01       0.30647D+00       0.40839D+00       0.90089D-01
       0.86800D+03       0.28342D-01       0.26916D+00       0.40840D+00       0.89996D-01
       0.86900D+03       0.28354D-01       0.23843D+00       0.40841D+00       0.89956D-01
       0.87000D+03       0.28358D-01       0.17756D+00       0.40841D+00       0.89865D-01
       0.87100D+03       0.28387D-01       0.12605D+00       0.40842D+00       0.89786D-01
       0.87200D+03       0.28404D-01       0.61331D-01       0.40841D+00       0.89820D-01
       0.87300D+03       0.28454D-01      -0.34479D-01       0.40841D+00       0.90002D-01
       0.87400D+03       0.28445D-01      -0.83882D-01       0.40840D+00       0.89921D-01
       0.87500D+03       0.28406D-01      -0.10478D+00       0.40839D+00       0.89871D-01
       0.87600D+03       0.28367D-01      -0.11396D+00       0.40838D+00       0.89809D-01
       0.87700D+03       0.28315D-01      -0.13371D+00       0.40837D+00       0.89726D-01
       0.87800D+03       0.28274D-01      -0.11300D+00       0.40836D+00       0.89708D-01
       0.87900D+03       0.28259D-01      -0.69750D-01       0.40835D+00       0.89659D-01
       0.88000D+03       0.28275D-01       0.17908D-01       0.40835D+00       0.89622D-01
       0.88100D+03       0.28284D-01       0.74005D-01       0.40834D+00       0.89579D-01
       0.88200D+03       0.28312D-01       0.13704D+00       0.40834D+00       0.89546D-01
       0.88300D+03       0.28327D-01       0.19108D+00       0.40835D+00       0.89452D-01
       0.88400D+03       0.28351D-01       0.23751D+00       0.40835D+00       0.89382D-01
       0.88500D+03       0.28352D-01       0.27493D+00       0.40836D+00       0.89295D-01
       0.88600D+03       0.28345D-01       0.29274D+00       0.40837D+00       0.89201D-01
       0.88700D+03       0.28340D-01       0.29363D+00       0.40838D+00       0.89505D-01
       0.88800D+03       0.28333D-01       0.28902D+00       0.40839D+00       0.90034D-01
       0.88900D+03       0.28331D-01       0.25240D+00       0.40840D+00       0.89946D-01
       0.89000D+03       0.28342D-01       0.22212D+00       0.40841D+00       0.89908D-01
       0.89100D+03       0.28346D-01       0.16148D+00       0.40841D+00       0.89819D-01
       0.89200D+03       0.28375D-01       0.11025D+00       0.40842D+00       0.89734D-01
       0.89300D+03       0.28392D-01       0.45145D-01       0.40841D+00       0.89766D-01
       0.89400D+03       0.28443D-01      -0.51498D-01       0.40841D+00       0.89949D-01
       0.89500D+03       0.28435D-01      -0.10061D+00       0.40840D+00       0.89870D-01
       0.89600D+03       0.28395D-01      -0.12149D+00       0.40839D+00       0.89814D-01
       0.89700D+03       0.28358D-01      -0.13437D+00       0.40838D+00       0.89742D-01
       0.89800D+03       0.28308D-01      -0.15625D+00       0.40837D+00       0.89660D-01
       0.89900D+03       0.28268D-01      -0.13506D+00       0.40836D+00       0.89643D-01
       0.90000D+03       0.28253D-01      -0.91255D-01       0.40835D+00       0.89595D-01
       0.90100D+03       0.28266D-01      -0.56302D-02       0.40835D+00       0.89558D-01
       0.90200D+03       0.28274D-01       0.49874D-01       0.40834D+00       0.89523D-01
       0.90300D+03       0.28301D-01       0.11389D+00       0.40834D+00       0.89482D-01
       0.90400D+03       0.28316D-01       0.16814D+00       0.40834D+00       0.89393D-01
       0.90500D+03       0.28341D-01       0.21508D+00       0.40835D+00       0.89331D-01
       0.90600D+03       0.28341D-01       0.25308D+00       0.40836D+00       0.89250D-01
       0.90700D+03       0.28335D-01       0.27148D+00       0.40837D+00       0.89159D-01
       0.90800D+03       0.28330D-01       0.27312D+00       0.40838D+00       0.89455D-01
       0.90900D+03       0.28323D-01       0.26897D+00       0.40839D+00       0.89972D-01
       0.91000D+03       0.28321D-01       0.23306D+00       0.40840D+00       0.89881D-01
       0.91100D+03       0.28331D-01       0.20321D+00       0.40841D+00       0.89823D-01
       0.91200D+03       0.28335D-01       0.14282D+00       0.40841D+00       0.89736D-01
       0.91300D+03       0.28364D-01       0.91833D-01       0.40841D+00       0.89651D-01
       0.91400D+03       0.28381D-01       0.26369D-01       0.40841D+00       0.89666D-01
       0.91500D+03       0.28433D-01      -0.70970D-01       0.40841D+00       0.89849D-01
       0.91600D+03       0.28426D-01      -0.11982D+00       0.40840D+00       0.89781D-01
       0.91700D+03       0.28386D-01      -0.14076D+00       0.40839D+00       0.89754D-01
       0.91800D+03       0.28353D-01      -0.15734D+00       0.40838D+00       0.89711D-01
       0.91900D+03       0.28304D-01      -0.18114D+00       0.40837D+00       0.89631D-01
       0.92000D+03       0.28265D-01      -0.15945D+00       0.40836D+00       0.89607D-01
       0.92100D+03       0.28250D-01      -0.11506D+00       0.40835D+00       0.89538D-01
       0.92200D+03       0.28259D-01      -0.31514D-01       0.40834D+00       0.89479D-01
       0.92300D+03       0.28267D-01       0.23370D-01       0.40834D+00       0.89445D-01
       0.92400D+03       0.28294D-01       0.88470D-01       0.40834D+00       0.89403D-01
       0.92500D+03       0.28309D-01       0.14294D+00       0.40834D+00       0.89317D-01
       0.92600D+03       0.28334D-01       0.19037D+00       0.40835D+00       0.89256D-01
       0.92700D+03       0.28334D-01       0.22896D+00       0.40836D+00       0.89177D-01
       0.92800D+03       0.28328D-01       0.24795D+00       0.40837D+00       0.89088D-01
       0.92900D+03       0.28324D-01       0.25035D+00       0.40838D+00       0.89378D-01
       0.93000D+03       0.28317D-01       0.24664D+00       0.40839D+00       0.89884D-01
       0.93100D+03       0.28315D-01       0.21144D+00       0.40839D+00       0.89795D-01
       0.93200D+03       0.28324D-01       0.18203D+00       0.40840D+00       0.89739D-01
       0.93300D+03       0.28327D-01       0.12189D+00       0.40841D+00       0.89654D-01
       0.93400D+03       0.28356D-01       0.71139D-01       0.40841D+00       0.89565D-01
       0.93500D+03       0.28373D-01       0.53313D-02       0.40841D+00       0.89580D-01
       0.93600D+03       0.28427D-01      -0.92559D-01       0.40841D+00       0.89803D-01
       0.93700D+03       0.28420D-01      -0.14117D+00       0.40840D+00       0.89726D-01
       0.93800D+03       0.28381D-01      -0.16228D+00       0.40839D+00       0.89691D-01
       0.93900D+03       0.28351D-01      -0.18249D+00       0.40838D+00       0.89608D-01
       0.94000D+03       0.28303D-01      -0.20805D+00       0.40837D+00       0.89528D-01
       0.94100D+03       0.28265D-01      -0.18580D+00       0.40836D+00       0.89503D-01
       0.94200D+03       0.28251D-01      -0.14081D+00       0.40835D+00       0.89435D-01
       0.94300D+03       0.28257D-01      -0.59386D-01       0.40834D+00       0.89376D-01
       0.94400D+03       0.28263D-01      -0.51453D-02       0.40834D+00       0.89335D-01
       0.94500D+03       0.28290D-01       0.61127D-01       0.40834D+00       0.89294D-01
       0.94600D+03       0.28306D-01       0.11583D+00       0.40834D+00       0.89209D-01
       0.94700D+03       0.28331D-01       0.16376D+00       0.40835D+00       0.89150D-01
       0.94800D+03       0.28331D-01       0.20293D+00       0.40836D+00       0.89072D-01
       0.94900D+03       0.28325D-01       0.22250D+00       0.40837D+00       0.88985D-01
       0.95000D+03       0.28321D-01       0.22566D+00       0.40838D+00       0.89269D-01
       0.95100D+03       0.28314D-01       0.22238D+00       0.40839D+00       0.89650D-01
       0.95200D+03       0.28312D-01       0.18791D+00       0.40839D+00       0.89562D-01
       0.95300D+03       0.28321D-01       0.15893D+00       0.40840D+00       0.89500D-01
       0.95400D+03       0.28323D-01       0.99045D-01       0.40840D+00       0.89418D-01
       0.95500D+03       0.28352D-01       0.48527D-01       0.40841D+00       0.89330D-01
       0.95600D+03       0.28369D-01      -0.17602D-01       0.40841D+00       0.89346D-01
       0.95700D+03       0.28420D-01      -0.11590D+00       0.40841D+00       0.89522D-01
       0.95800D+03       0.28414D-01      -0.16430D+00       0.40840D+00       0.89448D-01
       0.95900D+03       0.28377D-01      -0.18567D+00       0.40839D+00       0.89412D-01
       0.96000D+03       0.28349D-01      -0.20945D+00       0.40838D+00       0.89330D-01
       0.96100D+03       0.28303D-01      -0.23659D+00       0.40837D+00       0.89252D-01
       0.96200D+03       0.28265D-01      -0.21375D+00       0.40836D+00       0.89221D-01
       0.96300D+03       0.28252D-01      -0.16813D+00       0.40835D+00       0.89250D-01
       0.96400D+03       0.28254D-01      -0.88859D-01       0.40835D+00       0.89266D-01
       0.96500D+03       0.28260D-01      -0.35280D-01       0.40834D+00       0.89234D-01
       0.96600D+03       0.28287D-01       0.32252D-01       0.40834D+00       0.89195D-01
       0.96700D+03       0.28303D-01       0.87207D-01       0.40834D+00       0.89112D-01
       0.96800D+03       0.28328D-01       0.13562D+00       0.40835D+00       0.89054D-01
       0.96900D+03       0.28328D-01       0.17536D+00       0.40836D+00       0.88979D-01
       0.97000D+03       0.28323D-01       0.19552D+00       0.40837D+00       0.88897D-01
       0.97100D+03       0.28319D-01       0.19944D+00       0.40837D+00       0.89177D-01
       0.97200D+03       0.28312D-01       0.19660D+00       0.40839D+00       0.89662D-01
       0.97300D+03       0.28310D-01       0.16284D+00       0.40839D+00       0.89580D-01
       0.97400D+03       0.28317D-01       0.13431D+00       0.40840D+00       0.89520D-01
       0.97500D+03       0.28320D-01       0.74681D-01       0.40840D+00       0.89442D-01
       0.97600D+03       0.28348D-01       0.24393D-01       0.40841D+00       0.89355D-01
       0.97700D+03       0.28365D-01      -0.42038D-01       0.40840D+00       0.89459D-01
       0.97800D+03       0.28417D-01      -0.14060D+00       0.40840D+00       0.89636D-01
       0.97900D+03       0.28411D-01      -0.18883D+00       0.40839D+00       0.89563D-01
       0.98000D+03       0.28375D-01      -0.21056D+00       0.40839D+00       0.89527D-01
       0.98100D+03       0.28350D-01      -0.23780D+00       0.40838D+00       0.89448D-01
       0.98200D+03       0.28306D-01      -0.26636D+00       0.40837D+00       0.89371D-01
       0.98300D+03       0.28269D-01      -0.24289D+00       0.40836D+00       0.89341D-01
       0.98400D+03       0.28255D-01      -0.19661D+00       0.40835D+00       0.89368D-01
       0.98500D+03       0.28255D-01      -0.11952D+00       0.40835D+00       0.89312D-01
       0.98600D+03       0.28260D-01      -0.66619D-01       0.40834D+00       0.89301D-01
       0.98700D+03       0.28288D-01       0.22538D-02       0.40834D+00       0.89262D-01
       0.98800D+03       0.28303D-01       0.57472D-01       0.40834D+00       0.89180D-01
       0.98900D+03       0.28328D-01       0.10636D+00       0.40835D+00       0.89125D-01
       0.99000D+03       0.28329D-01       0.14667D+00       0.40836D+00       0.89051D-01
       0.99100D+03       0.28324D-01       0.16741D+00       0.40837D+00       0.88972D-01
       0.99200D+03       0.28320D-01       0.17211D+00       0.40837D+00       0.89246D-01
       0.99300D+03       0.28313D-01       0.16968D+00       0.40838D+00       0.89962D-01
       0.99400D+03       0.28311D-01       0.13666D+00       0.40839D+00       0.89881D-01
       0.99500D+03       0.28318D-01       0.10857D+00       0.40840D+00       0.89823D-01
       0.99600D+03       0.28320D-01       0.49204D-01       0.40840D+00       0.89746D-01
       0.99700D+03       0.28348D-01      -0.85149D-03       0.40841D+00       0.89661D-01
       0.99800D+03       0.28364D-01      -0.67564D-01       0.40840D+00       0.89759D-01
       0.99900D+03       0.28417D-01      -0.16624D+00       0.40840D+00       0.89936D-01
       0.10000D+04       0.28412D-01      -0.21433D+00       0.40839D+00       0.89871D-01
       0.10010D+04       0.28376D-01      -0.23653D+00       0.40839D+00       0.89985D-01
       0.10020D+04       0.28349D-01      -0.26709D+00       0.40838D+00       0.89908D-01
       0.10030D+04       0.28306D-01      -0.29693D+00       0.40837D+00       0.89833D-01
       0.10040D+04       0.28270D-01      -0.27280D+00       0.40836D+00       0.89760D-01
       0.10050D+04       0.28257D-01      -0.22584D+00       0.40835D+00       0.89785D-01
       0.10060D+04       0.28253D-01      -0.15095D+00       0.40835D+00       0.89735D-01
       0.10070D+04       0.28258D-01      -0.98733D-01       0.40834D+00       0.89754D-01
       0.10080D+04       0.28286D-01      -0.28446D-01       0.40834D+00       0.89715D-01
       0.10090D+04       0.28301D-01       0.27051D-01       0.40834D+00       0.89633D-01
       0.10100D+04       0.28322D-01       0.76413D-01       0.40835D+00       0.89572D-01
       0.10110D+04       0.28323D-01       0.11728D+00       0.40836D+00       0.89502D-01
       0.10120D+04       0.28318D-01       0.13861D+00       0.40837D+00       0.89426D-01
       0.10130D+04       0.28315D-01       0.14408D+00       0.40837D+00       0.89694D-01
       0.10140D+04       0.28308D-01       0.14207D+00       0.40838D+00       0.90394D-01
       0.10150D+04       0.28306D-01       0.10978D+00       0.40839D+00       0.90315D-01
       0.10160D+04       0.28312D-01       0.82130D-01       0.40840D+00       0.90247D-01
       0.10170D+04       0.28313D-01       0.23036D-01       0.40840D+00       0.90172D-01
       0.10180D+04       0.28342D-01      -0.26777D-01       0.40841D+00       0.90090D-01
       0.10190D+04       0.28358D-01      -0.93752D-01       0.40840D+00       0.90185D-01
       0.10200D+04       0.28411D-01      -0.19240D+00       0.40840D+00       0.90120D-01
       0.10210D+04       0.28406D-01      -0.24039D+00       0.40839D+00       0.90053D-01
       0.10220D+04       0.28371D-01      -0.26317D+00       0.40839D+00       0.90000D-01
       0.10230D+04       0.28347D-01      -0.29690D+00       0.40838D+00       0.89925D-01
       0.10240D+04       0.28305D-01      -0.32786D+00       0.40837D+00       0.89850D-01
       0.10250D+04       0.28269D-01      -0.30306D+00       0.40836D+00       0.89775D-01
       0.10260D+04       0.28257D-01      -0.25539D+00       0.40835D+00       0.89799D-01
       0.10270D+04       0.28251D-01      -0.18271D+00       0.40835D+00       0.89744D-01
       0.10280D+04       0.28255D-01      -0.13118D+00       0.40834D+00       0.89741D-01
       0.10290D+04       0.28283D-01      -0.59412D-01       0.40834D+00       0.89701D-01
       0.10300D+04       0.28299D-01      -0.36228D-02       0.40834D+00       0.89621D-01
       0.10310D+04       0.28320D-01       0.46205D-01       0.40835D+00       0.89554D-01
       0.10320D+04       0.28321D-01       0.87624D-01       0.40835D+00       0.89485D-01
       0.10330D+04       0.28316D-01       0.10955D+00       0.40836D+00       0.89410D-01
       0.10340D+04       0.28313D-01       0.11579D+00       0.40837D+00       0.89655D-01
       0.10350D+04       0.28306D-01       0.11418D+00       0.40838D+00       0.90337D-01
       0.10360D+04       0.28304D-01       0.82630D-01       0.40839D+00       0.90988D-01
       0.10370D+04       0.28309D-01       0.55430D-01       0.40840D+00       0.90921D-01
       0.10380D+04       0.28311D-01      -0.33903D-02       0.40840D+00       0.90847D-01
       0.10390D+04       0.28339D-01      -0.52945D-01       0.40841D+00       0.90767D-01
       0.10400D+04       0.28355D-01      -0.12016D+00       0.40840D+00       0.91601D-01
       0.10410D+04       0.28407D-01      -0.21864D+00       0.40840D+00       0.91532D-01
       0.10420D+04       0.28398D-01      -0.26657D+00       0.40839D+00       0.91465D-01
       0.10430D+04       0.28365D-01      -0.29003D+00       0.40839D+00       0.91438D-01
       0.10440D+04       0.28347D-01      -0.32675D+00       0.40838D+00       0.91362D-01
       0.10450D+04       0.28307D-01      -0.35871D+00       0.40837D+00       0.91286D-01
       0.10460D+04       0.28272D-01      -0.33320D+00       0.40836D+00       0.91213D-01
       0.10470D+04       0.28260D-01      -0.28481D+00       0.40835D+00       0.91130D-01
       0.10480D+04       0.28252D-01      -0.21436D+00       0.40835D+00       0.91080D-01
       0.10490D+04       0.28255D-01      -0.16353D+00       0.40834D+00       0.91012D-01
       0.10500D+04       0.28284D-01      -0.90207D-01       0.40834D+00       0.90959D-01
