Problem type:
least_squares
nparams:
10
function_evaluation,seconds,x(0),x(1),x(2),x(3),x(4),x(5),x(6),x(7),x(8),x(9),objective_function
     0,  1.0051e-01,  7.4015885107657386e-01,  1.7312002674129828e-03,  4.3616850211058670e-07,  0.0000000000000000e+00, -7.5230836403360324e-01, -3.0216623653106631e-04,  2.9004945074693933e-07,  0.0000000000000000e+00,  1.2403656316664471e+00,  2.2858561179808939e-01,  1.7266274600748105e+02
     1,  2.0002e-01,  7.4015886597773506e-01,  1.7312002674129828e-03,  4.3616850211058670e-07,  0.0000000000000000e+00, -7.5230836403360324e-01, -3.0216623653106631e-04,  2.9004945074693933e-07,  0.0000000000000000e+00,  1.2403656316664471e+00,  2.2858561179808939e-01,  1.7266274454156434e+02
     2,  2.9432e-01,  7.4015885107657386e-01,  1.7312151685741767e-03,  4.3616850211058670e-07,  0.0000000000000000e+00, -7.5230836403360324e-01, -3.0216623653106631e-04,  2.9004945074693933e-07,  0.0000000000000000e+00,  1.2403656316664471e+00,  2.2858561179808939e-01,  1.7266273340693746e+02
     3,  3.8933e-01,  7.4015885107657386e-01,  1.7312002674129828e-03,  4.5106966330443436e-07,  0.0000000000000000e+00, -7.5230836403360324e-01, -3.0216623653106631e-04,  2.9004945074693933e-07,  0.0000000000000000e+00,  1.2403656316664471e+00,  2.2858561179808939e-01,  1.7266273768003092e+02
     4,  4.8401e-01,  7.4015885107657386e-01,  1.7312002674129828e-03,  4.3616850211058670e-07,  1.4901161193847656e-08, -7.5230836403360324e-01, -3.0216623653106631e-04,  2.9004945074693933e-07,  0.0000000000000000e+00,  1.2403656316664471e+00,  2.2858561179808939e-01,  1.7266277372289102e+02
     5,  5.8055e-01,  7.4015885107657386e-01,  1.7312002674129828e-03,  4.3616850211058670e-07,  0.0000000000000000e+00, -7.5230837893476443e-01, -3.0216623653106631e-04,  2.9004945074693933e-07,  0.0000000000000000e+00,  1.2403656316664471e+00,  2.2858561179808939e-01,  1.7266274750153173e+02
     6,  6.7783e-01,  7.4015885107657386e-01,  1.7312002674129828e-03,  4.3616850211058670e-07,  0.0000000000000000e+00, -7.5230836403360324e-01, -3.0218113769226015e-04,  2.9004945074693933e-07,  0.0000000000000000e+00,  1.2403656316664471e+00,  2.2858561179808939e-01,  1.7266275614403958e+02
     7,  7.7054e-01,  7.4015885107657386e-01,  1.7312002674129828e-03,  4.3616850211058670e-07,  0.0000000000000000e+00, -7.5230836403360324e-01, -3.0216623653106631e-04,  3.0495061194078698e-07,  0.0000000000000000e+00,  1.2403656316664471e+00,  2.2858561179808939e-01,  1.7266274165007033e+02
     8,  8.6608e-01,  7.4015885107657386e-01,  1.7312002674129828e-03,  4.3616850211058670e-07,  0.0000000000000000e+00, -7.5230836403360324e-01, -3.0216623653106631e-04,  2.9004945074693933e-07,  1.4901161193847656e-08,  1.2403656316664471e+00,  2.2858561179808939e-01,  1.7266280523934373e+02
     9,  9.6010e-01,  7.4015885107657386e-01,  1.7312002674129828e-03,  4.3616850211058670e-07,  0.0000000000000000e+00, -7.5230836403360324e-01, -3.0216623653106631e-04,  2.9004945074693933e-07,  0.0000000000000000e+00,  1.2403656501493352e+00,  2.2858561179808939e-01,  1.7266274479123766e+02
    10,  1.0559e+00,  7.4015885107657386e-01,  1.7312002674129828e-03,  4.3616850211058670e-07,  0.0000000000000000e+00, -7.5230836403360324e-01, -3.0216623653106631e-04,  2.9004945074693933e-07,  0.0000000000000000e+00,  1.2403656316664471e+00,  2.2858562669925059e-01,  1.7266274615290860e+02
    11,  1.1446e+00,  7.4600662957678521e-01,  3.7149119882668516e-03, -6.5214738657717449e-03,  6.7036122582555310e-03, -6.9946031876810832e-01, -6.6748249406211610e-03,  7.2998711157680005e-03, -7.1020677826127924e-03,  1.3443485489166118e+00,  2.4248178895095171e-01,  2.4300618959846543e+02
    12,  1.2369e+00,  7.5319775398886846e-01,  1.3164138704255540e-02, -1.0511668109936304e-04,  4.2196164635569166e-03, -7.3653528045490457e-01, -1.2972181030847083e-02,  8.2571587908632422e-04, -4.6104951459343037e-03,  1.2512339186832639e+00,  2.2521561042405941e-01,  1.9539852375091840e+02
    13,  1.3371e+00,  7.4330120910513509e-01,  4.0499249692422185e-03,  2.3366984857907621e-03,  1.8253753270099362e-03, -7.4798400592168723e-01, -2.1837222321826541e-03, -1.6881073633731771e-03, -2.1900550350016030e-03,  1.2413666985996392e+00,  2.2843002118277031e-01,  1.8054731437451639e+02
    14,  1.4375e+00,  7.4072062089169699e-01,  2.4169719204153815e-03,  7.1672429620471816e-04,  6.9248896573182155e-04, -7.5165049810330553e-01, -1.6387197949226001e-04, -2.4404333651891440e-04, -1.0615846618854351e-03,  1.2404980583971266e+00,  2.2857660067777585e-01,  1.7596746082430948e+02
    15,  1.5406e+00,  7.4019737752841352e-01,  1.9021804871646945e-03,  1.0815693409822982e-04,  4.4877180826771313e-05, -7.5226572602586683e-01, -1.8038850181369359e-04,  2.2210796751764753e-05, -3.9107680746138136e-04,  1.2403816857140624e+00,  2.2858375278583762e-01,  1.7446080500575394e+02
    16,  1.6438e+00,  7.4016247225176124e-01,  1.7581316427439707e-03,  1.7166575676967066e-05, -3.5353527571234879e-05, -7.5230455081167891e-01, -2.8095891487992251e-04,  7.6160479566810758e-06, -1.0308122664658056e-04,  1.2403677980482797e+00,  2.2858530629185891e-01,  1.7296861227638584e+02
    17,  1.7457e+00,  7.4015953279078572e-01,  1.7368646845192302e-03,  4.1159580087808384e-06, -1.1170448391844911e-05, -7.5230766303706020e-01, -2.9763144845413507e-04,  2.1412418875153183e-06, -2.5357211543532486e-05,  1.2403660757347050e+00,  2.2858554670046216e-01,  1.7266704725166269e+02
    18,  1.8475e+00,  7.4015901046654531e-01,  1.7325589417422113e-03,  1.3301930185937181e-06, -2.9109066116335234e-06, -7.5230820121699826e-01, -3.0107453958340798e-04,  7.5342338485888016e-07, -6.3103365339649618e-06,  1.2403657375865635e+00,  2.2858559613372645e-01,  1.7265402304487631e+02
    19,  1.9507e+00,  7.4015902536770650e-01,  1.7325589417422113e-03,  1.3301930185937181e-06, -2.9109066116335234e-06, -7.5230820121699826e-01, -3.0107453958340798e-04,  7.5342338485888016e-07, -6.3103365339649618e-06,  1.2403657375865635e+00,  2.2858559613372645e-01,  1.7265402107302356e+02
    20,  2.0537e+00,  7.4015901046654531e-01,  1.7325738429034051e-03,  1.3301930185937181e-06, -2.9109066116335234e-06, -7.5230820121699826e-01, -3.0107453958340798e-04,  7.5342338485888016e-07, -6.3103365339649618e-06,  1.2403657375865635e+00,  2.2858559613372645e-01,  1.7265402335112242e+02
    21,  2.1547e+00,  7.4015901046654531e-01,  1.7325589417422113e-03,  1.3450941797875657e-06, -2.9109066116335234e-06, -7.5230820121699826e-01, -3.0107453958340798e-04,  7.5342338485888016e-07, -6.3103365339649618e-06,  1.2403657375865635e+00,  2.2858559613372645e-01,  1.7265402864349386e+02
    22,  2.2568e+00,  7.4015901046654531e-01,  1.7325589417422113e-03,  1.3301930185937181e-06, -2.9258077728273710e-06, -7.5230820121699826e-01, -3.0107453958340798e-04,  7.5342338485888016e-07, -6.3103365339649618e-06,  1.2403657375865635e+00,  2.2858559613372645e-01,  1.7265402613945488e+02
    23,  2.3590e+00,  7.4015901046654531e-01,  1.7325589417422113e-03,  1.3301930185937181e-06, -2.9109066116335234e-06, -7.5230821611815946e-01, -3.0107453958340798e-04,  7.5342338485888016e-07, -6.3103365339649618e-06,  1.2403657375865635e+00,  2.2858559613372645e-01,  1.7265402451708806e+02
    24,  2.4594e+00,  7.4015901046654531e-01,  1.7325589417422113e-03,  1.3301930185937181e-06, -2.9109066116335234e-06, -7.5230820121699826e-01, -3.0108944074460183e-04,  7.5342338485888016e-07, -6.3103365339649618e-06,  1.2403657375865635e+00,  2.2858559613372645e-01,  1.7265402029017065e+02
    25,  2.5626e+00,  7.4015901046654531e-01,  1.7325589417422113e-03,  1.3301930185937181e-06, -2.9109066116335234e-06, -7.5230820121699826e-01, -3.0107453958340798e-04,  7.6832454605272781e-07, -6.3103365339649618e-06,  1.2403657375865635e+00,  2.2858559613372645e-01,  1.7265403311095909e+02
    26,  2.6656e+00,  7.4015901046654531e-01,  1.7325589417422113e-03,  1.3301930185937181e-06, -2.9109066116335234e-06, -7.5230820121699826e-01, -3.0107453958340798e-04,  7.5342338485888016e-07, -6.3252376951588094e-06,  1.2403657375865635e+00,  2.2858559613372645e-01,  1.7265401293728135e+02
    27,  2.7686e+00,  7.4015901046654531e-01,  1.7325589417422113e-03,  1.3301930185937181e-06, -2.9109066116335234e-06, -7.5230820121699826e-01, -3.0107453958340798e-04,  7.5342338485888016e-07, -6.3103365339649618e-06,  1.2403657560694534e+00,  2.2858559613372645e-01,  1.7265402137712937e+02
    28,  2.8768e+00,  7.4015901046654531e-01,  1.7325589417422113e-03,  1.3301930185937181e-06, -2.9109066116335234e-06, -7.5230820121699826e-01, -3.0107453958340798e-04,  7.5342338485888016e-07, -6.3103365339649618e-06,  1.2403657375865635e+00,  2.2858561103488764e-01,  1.7265402339009668e+02
    29,  2.9802e+00,  7.4015990915583230e-01,  1.7324119701788677e-03, -1.1620612528276381e-06, -1.4329823506626953e-06, -7.5230752912037191e-01, -3.0233555030399967e-04, -3.7718079531788463e-06, -1.0812189398797251e-05,  1.2403663485151968e+00,  2.2858543939002557e-01,  1.7264622427450490e+02
    30,  3.0822e+00,  7.4015992405699349e-01,  1.7324119701788677e-03, -1.1620612528276381e-06, -1.4329823506626953e-06, -7.5230752912037191e-01, -3.0233555030399967e-04, -3.7718079531788463e-06, -1.0812189398797251e-05,  1.2403663485151968e+00,  2.2858543939002557e-01,  1.7264622229424822e+02
    31,  3.1844e+00,  7.4015990915583230e-01,  1.7324268713400615e-03, -1.1620612528276381e-06, -1.4329823506626953e-06, -7.5230752912037191e-01, -3.0233555030399967e-04, -3.7718079531788463e-06, -1.0812189398797251e-05,  1.2403663485151968e+00,  2.2858543939002557e-01,  1.7264622460890212e+02
    32,  3.2859e+00,  7.4015990915583230e-01,  1.7324119701788677e-03, -1.1769624140214858e-06, -1.4329823506626953e-06, -7.5230752912037191e-01, -3.0233555030399967e-04, -3.7718079531788463e-06, -1.0812189398797251e-05,  1.2403663485151968e+00,  2.2858543939002557e-01,  1.7264621872543299e+02
    33,  3.3862e+00,  7.4015990915583230e-01,  1.7324119701788677e-03, -1.1620612528276381e-06, -1.4478835118565430e-06, -7.5230752912037191e-01, -3.0233555030399967e-04, -3.7718079531788463e-06, -1.0812189398797251e-05,  1.2403663485151968e+00,  2.2858543939002557e-01,  1.7264622759815839e+02
    34,  3.4869e+00,  7.4015990915583230e-01,  1.7324119701788677e-03, -1.1620612528276381e-06, -1.4329823506626953e-06, -7.5230754402153310e-01, -3.0233555030399967e-04, -3.7718079531788463e-06, -1.0812189398797251e-05,  1.2403663485151968e+00,  2.2858543939002557e-01,  1.7264622575690063e+02
    35,  3.5866e+00,  7.4015990915583230e-01,  1.7324119701788677e-03, -1.1620612528276381e-06, -1.4329823506626953e-06, -7.5230752912037191e-01, -3.0235045146519352e-04, -3.7718079531788463e-06, -1.0812189398797251e-05,  1.2403663485151968e+00,  2.2858543939002557e-01,  1.7264622149149477e+02
    36,  3.6914e+00,  7.4015990915583230e-01,  1.7324119701788677e-03, -1.1620612528276381e-06, -1.4329823506626953e-06, -7.5230752912037191e-01, -3.0233555030399967e-04, -3.7867091143726940e-06, -1.0812189398797251e-05,  1.2403663485151968e+00,  2.2858543939002557e-01,  1.7264621424917081e+02
    37,  3.7930e+00,  7.4015990915583230e-01,  1.7324119701788677e-03, -1.1620612528276381e-06, -1.4329823506626953e-06, -7.5230752912037191e-01, -3.0233555030399967e-04, -3.7718079531788463e-06, -1.0827090559991099e-05,  1.2403663485151968e+00,  2.2858543939002557e-01,  1.7264621442064205e+02
    38,  3.8940e+00,  7.4015990915583230e-01,  1.7324119701788677e-03, -1.1620612528276381e-06, -1.4329823506626953e-06, -7.5230752912037191e-01, -3.0233555030399967e-04, -3.7718079531788463e-06, -1.0812189398797251e-05,  1.2403663669980958e+00,  2.2858543939002557e-01,  1.7264622260842458e+02
    39,  3.9878e+00,  7.4015990915583230e-01,  1.7324119701788677e-03, -1.1620612528276381e-06, -1.4329823506626953e-06, -7.5230752912037191e-01, -3.0233555030399967e-04, -3.7718079531788463e-06, -1.0812189398797251e-05,  1.2403663485151968e+00,  2.2858545429118676e-01,  1.7264622461911233e+02
    40,  4.0892e+00,  7.4016175695677056e-01,  1.7320697687461908e-03, -6.0902118873356327e-06,  1.8941442608083952e-06, -7.5230614104307925e-01, -3.0495451817871524e-04, -1.2863411963739628e-05, -1.9624228937027044e-05,  1.2403675938506085e+00,  2.2858512039048295e-01,  1.7263765584462038e+02
    41,  4.1860e+00,  7.4016177185793175e-01,  1.7320697687461908e-03, -6.0902118873356327e-06,  1.8941442608083952e-06, -7.5230614104307925e-01, -3.0495451817871524e-04, -1.2863411963739628e-05, -1.9624228937027044e-05,  1.2403675938506085e+00,  2.2858512039048295e-01,  1.7263765426131062e+02
    42,  4.2802e+00,  7.4016175695677056e-01,  1.7320846699073846e-03, -6.0902118873356327e-06,  1.8941442608083952e-06, -7.5230614104307925e-01, -3.0495451817871524e-04, -1.2863411963739628e-05, -1.9624228937027044e-05,  1.2403675938506085e+00,  2.2858512039048295e-01,  1.7263765595890570e+02
    43,  4.3741e+00,  7.4016175695677056e-01,  1.7320697687461908e-03, -6.1051130485294804e-06,  1.8941442608083952e-06, -7.5230614104307925e-01, -3.0495451817871524e-04, -1.2863411963739628e-05, -1.9624228937027044e-05,  1.2403675938506085e+00,  2.2858512039048295e-01,  1.7263765711672630e+02
    44,  4.4718e+00,  7.4016175695677056e-01,  1.7320697687461908e-03, -6.0902118873356327e-06,  1.9090454220022426e-06, -7.5230614104307925e-01, -3.0495451817871524e-04, -1.2863411963739628e-05, -1.9624228937027044e-05,  1.2403675938506085e+00,  2.2858512039048295e-01,  1.7263763342689916e+02
    45,  4.5677e+00,  7.4016175695677056e-01,  1.7320697687461908e-03, -6.0902118873356327e-06,  1.8941442608083952e-06, -7.5230615594424044e-01, -3.0495451817871524e-04, -1.2863411963739628e-05, -1.9624228937027044e-05,  1.2403675938506085e+00,  2.2858512039048295e-01,  1.7263765698579792e+02
    46,  4.6692e+00,  7.4016175695677056e-01,  1.7320697687461908e-03, -6.0902118873356327e-06,  1.8941442608083952e-06, -7.5230614104307925e-01, -3.0496941933990908e-04, -1.2863411963739628e-05, -1.9624228937027044e-05,  1.2403675938506085e+00,  2.2858512039048295e-01,  1.7263765324446908e+02
    47,  4.7627e+00,  7.4016175695677056e-01,  1.7320697687461908e-03, -6.0902118873356327e-06,  1.8941442608083952e-06, -7.5230614104307925e-01, -3.0495451817871524e-04, -1.2878313124933476e-05, -1.9624228937027044e-05,  1.2403675938506085e+00,  2.2858512039048295e-01,  1.7263765274016495e+02
    48,  4.8605e+00,  7.4016175695677056e-01,  1.7320697687461908e-03, -6.0902118873356327e-06,  1.8941442608083952e-06, -7.5230614104307925e-01, -3.0495451817871524e-04, -1.2863411963739628e-05, -1.9639130098220892e-05,  1.2403675938506085e+00,  2.2858512039048295e-01,  1.7263766359352766e+02
    49,  4.9585e+00,  7.4016175695677056e-01,  1.7320697687461908e-03, -6.0902118873356327e-06,  1.8941442608083952e-06, -7.5230614104307925e-01, -3.0495451817871524e-04, -1.2863411963739628e-05, -1.9624228937027044e-05,  1.2403676123335259e+00,  2.2858512039048295e-01,  1.7263765422026103e+02
    50,  5.0544e+00,  7.4016175695677056e-01,  1.7320697687461908e-03, -6.0902118873356327e-06,  1.8941442608083952e-06, -7.5230614104307925e-01, -3.0495451817871524e-04, -1.2863411963739628e-05, -1.9624228937027044e-05,  1.2403675938506085e+00,  2.2858513529164415e-01,  1.7263765616836804e+02
    51,  5.1586e+00,  7.4016282435767289e-01,  1.7319813133954158e-03, -5.0595410847839112e-06,  1.5451378331010083e-05, -7.5230535998790460e-01, -3.0669189970703256e-04, -1.4743890680420661e-05, -1.5664866618605431e-05,  1.2403684549373162e+00,  2.2858490878312987e-01,  1.7264129013489131e+02
    52,  5.2613e+00,  7.4016200085066275e-01,  1.7320515266797901e-03, -5.8839393459194776e-06,  5.2554606279847685e-06, -7.5230596456613852e-01, -3.0535410465123405e-04, -1.3328999591921289e-05, -1.8505658937795736e-05,  1.2403677942972346e+00,  2.2858507091216948e-01,  1.7263293832418285e+02
    53,  5.3619e+00,  7.4016201575182394e-01,  1.7320515266797901e-03, -5.8839393459194776e-06,  5.2554606279847685e-06, -7.5230596456613852e-01, -3.0535410465123405e-04, -1.3328999591921289e-05, -1.8505658937795736e-05,  1.2403677942972346e+00,  2.2858507091216948e-01,  1.7263293654510559e+02
    54,  5.4643e+00,  7.4016200085066275e-01,  1.7320664278409840e-03, -5.8839393459194776e-06,  5.2554606279847685e-06, -7.5230596456613852e-01, -3.0535410465123405e-04, -1.3328999591921289e-05, -1.8505658937795736e-05,  1.2403677942972346e+00,  2.2858507091216948e-01,  1.7263293869990969e+02
    55,  5.5753e+00,  7.4016200085066275e-01,  1.7320515266797901e-03, -5.8988405071133252e-06,  5.2554606279847685e-06, -7.5230596456613852e-01, -3.0535410465123405e-04, -1.3328999591921289e-05, -1.8505658937795736e-05,  1.2403677942972346e+00,  2.2858507091216948e-01,  1.7263293605018131e+02
    56,  5.6762e+00,  7.4016200085066275e-01,  1.7320515266797901e-03, -5.8839393459194776e-06,  5.2703617891786161e-06, -7.5230596456613852e-01, -3.0535410465123405e-04, -1.3328999591921289e-05, -1.8505658937795736e-05,  1.2403677942972346e+00,  2.2858507091216948e-01,  1.7263292549442772e+02
    57,  5.7773e+00,  7.4016200085066275e-01,  1.7320515266797901e-03, -5.8839393459194776e-06,  5.2554606279847685e-06, -7.5230597946729971e-01, -3.0535410465123405e-04, -1.3328999591921289e-05, -1.8505658937795736e-05,  1.2403677942972346e+00,  2.2858507091216948e-01,  1.7263293963559002e+02
    58,  5.8795e+00,  7.4016200085066275e-01,  1.7320515266797901e-03, -5.8839393459194776e-06,  5.2554606279847685e-06, -7.5230596456613852e-01, -3.0536900581242790e-04, -1.3328999591921289e-05, -1.8505658937795736e-05,  1.2403677942972346e+00,  2.2858507091216948e-01,  1.7263293548162244e+02
    59,  5.9816e+00,  7.4016200085066275e-01,  1.7320515266797901e-03, -5.8839393459194776e-06,  5.2554606279847685e-06, -7.5230596456613852e-01, -3.0535410465123405e-04, -1.3343900753115136e-05, -1.8505658937795736e-05,  1.2403677942972346e+00,  2.2858507091216948e-01,  1.7263293162441340e+02
    60,  6.0831e+00,  7.4016200085066275e-01,  1.7320515266797901e-03, -5.8839393459194776e-06,  5.2554606279847685e-06, -7.5230596456613852e-01, -3.0535410465123405e-04, -1.3328999591921289e-05, -1.8520560098989584e-05,  1.2403677942972346e+00,  2.2858507091216948e-01,  1.7263293733573269e+02
    61,  6.1940e+00,  7.4016200085066275e-01,  1.7320515266797901e-03, -5.8839393459194776e-06,  5.2554606279847685e-06, -7.5230596456613852e-01, -3.0535410465123405e-04, -1.3328999591921289e-05, -1.8505658937795736e-05,  1.2403678127801552e+00,  2.2858507091216948e-01,  1.7263293668178162e+02
    62,  6.2977e+00,  7.4016200085066275e-01,  1.7320515266797901e-03, -5.8839393459194776e-06,  5.2554606279847685e-06, -7.5230596456613852e-01, -3.0535410465123405e-04, -1.3328999591921289e-05, -1.8505658937795736e-05,  1.2403677942972346e+00,  2.2858508581333067e-01,  1.7263293865731629e+02
    63,  6.4029e+00,  7.4016288747767911e-01,  1.7318579660104453e-03, -6.9255989078676402e-06,  1.1301037957510869e-05, -7.5230530798290840e-01, -3.0677052202705607e-04, -1.6566468169852251e-05, -1.9265675275712910e-05,  1.2403684485988831e+00,  2.2858490663910339e-01,  1.7262578592397165e+02
    64,  6.5096e+00,  7.4016290237884030e-01,  1.7318579660104453e-03, -6.9255989078676402e-06,  1.1301037957510869e-05, -7.5230530798290840e-01, -3.0677052202705607e-04, -1.6566468169852251e-05, -1.9265675275712910e-05,  1.2403684485988831e+00,  2.2858490663910339e-01,  1.7262578392854775e+02
    65,  6.6125e+00,  7.4016288747767911e-01,  1.7318728671716392e-03, -6.9255989078676402e-06,  1.1301037957510869e-05, -7.5230530798290840e-01, -3.0677052202705607e-04, -1.6566468169852251e-05, -1.9265675275712910e-05,  1.2403684485988831e+00,  2.2858490663910339e-01,  1.7262578633846456e+02
    66,  6.7135e+00,  7.4016288747767911e-01,  1.7318579660104453e-03, -6.9405000690614878e-06,  1.1301037957510869e-05, -7.5230530798290840e-01, -3.0677052202705607e-04, -1.6566468169852251e-05, -1.9265675275712910e-05,  1.2403684485988831e+00,  2.2858490663910339e-01,  1.7262578070953029e+02
    67,  6.8144e+00,  7.4016288747767911e-01,  1.7318579660104453e-03, -6.9255989078676402e-06,  1.1315939118704716e-05, -7.5230530798290840e-01, -3.0677052202705607e-04, -1.6566468169852251e-05, -1.9265675275712910e-05,  1.2403684485988831e+00,  2.2858490663910339e-01,  1.7262578367475393e+02
    68,  6.9162e+00,  7.4016288747767911e-01,  1.7318579660104453e-03, -6.9255989078676402e-06,  1.1301037957510869e-05, -7.5230532288406959e-01, -3.0677052202705607e-04, -1.6566468169852251e-05, -1.9265675275712910e-05,  1.2403684485988831e+00,  2.2858490663910339e-01,  1.7262578742871557e+02
    69,  7.0178e+00,  7.4016288747767911e-01,  1.7318579660104453e-03, -6.9255989078676402e-06,  1.1301037957510869e-05, -7.5230530798290840e-01, -3.0678542318824992e-04, -1.6566468169852251e-05, -1.9265675275712910e-05,  1.2403684485988831e+00,  2.2858490663910339e-01,  1.7262578306388883e+02
    70,  7.1176e+00,  7.4016288747767911e-01,  1.7318579660104453e-03, -6.9255989078676402e-06,  1.1301037957510869e-05, -7.5230530798290840e-01, -3.0677052202705607e-04, -1.6581369331046099e-05, -1.9265675275712910e-05,  1.2403684485988831e+00,  2.2858490663910339e-01,  1.7262577625620418e+02
    71,  7.2196e+00,  7.4016288747767911e-01,  1.7318579660104453e-03, -6.9255989078676402e-06,  1.1301037957510869e-05, -7.5230530798290840e-01, -3.0677052202705607e-04, -1.6566468169852251e-05, -1.9280576436906757e-05,  1.2403684485988831e+00,  2.2858490663910339e-01,  1.7262577517020841e+02
    72,  7.3185e+00,  7.4016288747767911e-01,  1.7318579660104453e-03, -6.9255989078676402e-06,  1.1301037957510869e-05, -7.5230530798290840e-01, -3.0677052202705607e-04, -1.6566468169852251e-05, -1.9265675275712910e-05,  1.2403684670818134e+00,  2.2858490663910339e-01,  1.7262578426635210e+02
    73,  7.4215e+00,  7.4016288747767911e-01,  1.7318579660104453e-03, -6.9255989078676402e-06,  1.1301037957510869e-05, -7.5230530798290840e-01, -3.0677052202705607e-04, -1.6566468169852251e-05, -1.9265675275712910e-05,  1.2403684485988831e+00,  2.2858492154026458e-01,  1.7262578626545951e+02
    74,  7.5294e+00,  7.4016474642869434e-01,  1.7314428935979933e-03, -1.1570176260704646e-05,  1.3773274865985895e-05, -7.5230390217223164e-01, -3.0945760475960688e-04, -2.5348933235448739e-05, -2.8771524232762272e-05,  1.2403696871657874e+00,  2.2858459052753460e-01,  1.7262212549683733e+02
    75,  7.6334e+00,  7.4016476132985554e-01,  1.7314428935979933e-03, -1.1570176260704646e-05,  1.3773274865985895e-05, -7.5230390217223164e-01, -3.0945760475960688e-04, -2.5348933235448739e-05, -2.8771524232762272e-05,  1.2403696871657874e+00,  2.2858459052753460e-01,  1.7262212407082549e+02
    76,  7.7317e+00,  7.4016474642869434e-01,  1.7314577947591871e-03, -1.1570176260704646e-05,  1.3773274865985895e-05, -7.5230390217223164e-01, -3.0945760475960688e-04, -2.5348933235448739e-05, -2.8771524232762272e-05,  1.2403696871657874e+00,  2.2858459052753460e-01,  1.7262212520385364e+02
    77,  7.8283e+00,  7.4016474642869434e-01,  1.7314428935979933e-03, -1.1585077421898494e-05,  1.3773274865985895e-05, -7.5230390217223164e-01, -3.0945760475960688e-04, -2.5348933235448739e-05, -2.8771524232762272e-05,  1.2403696871657874e+00,  2.2858459052753460e-01,  1.7262213095325674e+02
    78,  7.9281e+00,  7.4016474642869434e-01,  1.7314428935979933e-03, -1.1570176260704646e-05,  1.3788176027179743e-05, -7.5230390217223164e-01, -3.0945760475960688e-04, -2.5348933235448739e-05, -2.8771524232762272e-05,  1.2403696871657874e+00,  2.2858459052753460e-01,  1.7262209669889123e+02
    79,  8.0274e+00,  7.4016474642869434e-01,  1.7314428935979933e-03, -1.1570176260704646e-05,  1.3773274865985895e-05, -7.5230391707339284e-01, -3.0945760475960688e-04, -2.5348933235448739e-05, -2.8771524232762272e-05,  1.2403696871657874e+00,  2.2858459052753460e-01,  1.7262212651459615e+02
    80,  8.1280e+00,  7.4016474642869434e-01,  1.7314428935979933e-03, -1.1570176260704646e-05,  1.3773274865985895e-05, -7.5230390217223164e-01, -3.0947250592080073e-04, -2.5348933235448739e-05, -2.8771524232762272e-05,  1.2403696871657874e+00,  2.2858459052753460e-01,  1.7262212329127468e+02
    81,  8.2252e+00,  7.4016474642869434e-01,  1.7314428935979933e-03, -1.1570176260704646e-05,  1.3773274865985895e-05, -7.5230390217223164e-01, -3.0945760475960688e-04, -2.5363834396642587e-05, -2.8771524232762272e-05,  1.2403696871657874e+00,  2.2858459052753460e-01,  1.7262212667051756e+02
    82,  8.3233e+00,  7.4016474642869434e-01,  1.7314428935979933e-03, -1.1570176260704646e-05,  1.3773274865985895e-05, -7.5230390217223164e-01, -3.0945760475960688e-04, -2.5348933235448739e-05, -2.8786425393956119e-05,  1.2403696871657874e+00,  2.2858459052753460e-01,  1.7262213890262291e+02
    83,  8.4175e+00,  7.4016474642869434e-01,  1.7314428935979933e-03, -1.1570176260704646e-05,  1.3773274865985895e-05, -7.5230390217223164e-01, -3.0945760475960688e-04, -2.5348933235448739e-05, -2.8771524232762272e-05,  1.2403697056487362e+00,  2.2858459052753460e-01,  1.7262212390057104e+02
    84,  8.5157e+00,  7.4016474642869434e-01,  1.7314428935979933e-03, -1.1570176260704646e-05,  1.3773274865985895e-05, -7.5230390217223164e-01, -3.0945760475960688e-04, -2.5348933235448739e-05, -2.8771524232762272e-05,  1.2403696871657874e+00,  2.2858460542869580e-01,  1.7262212580752768e+02
    85,  8.6282e+00,  7.4016491004228979e-01,  1.7314758000468186e-03, -1.0941742408614956e-05,  1.6996692236958437e-05, -7.5230378479359461e-01, -3.0970984014739027e-04, -2.5209705846390829e-05, -2.7298590927270416e-05,  1.2403698336573483e+00,  2.2858455522479978e-01,  1.7261584844034417e+02
    86,  8.7256e+00,  7.4016492494345099e-01,  1.7314758000468186e-03, -1.0941742408614956e-05,  1.6996692236958437e-05, -7.5230378479359461e-01, -3.0970984014739027e-04, -2.5209705846390829e-05, -2.7298590927270416e-05,  1.2403698336573483e+00,  2.2858455522479978e-01,  1.7261584684118657e+02
    87,  8.8206e+00,  7.4016491004228979e-01,  1.7314907012080125e-03, -1.0941742408614956e-05,  1.6996692236958437e-05, -7.5230378479359461e-01, -3.0970984014739027e-04, -2.5209705846390829e-05, -2.7298590927270416e-05,  1.2403698336573483e+00,  2.2858455522479978e-01,  1.7261584863695606e+02
    88,  8.9151e+00,  7.4016491004228979e-01,  1.7314758000468186e-03, -1.0956643569808803e-05,  1.6996692236958437e-05, -7.5230378479359461e-01, -3.0970984014739027e-04, -2.5209705846390829e-05, -2.7298590927270416e-05,  1.2403698336573483e+00,  2.2858455522479978e-01,  1.7261585004307511e+02
    89,  9.0146e+00,  7.4016491004228979e-01,  1.7314758000468186e-03, -1.0941742408614956e-05,  1.7011593398152285e-05, -7.5230378479359461e-01, -3.0970984014739027e-04, -2.5209705846390829e-05, -2.7298590927270416e-05,  1.2403698336573483e+00,  2.2858455522479978e-01,  1.7261582762444840e+02
    90,  9.1160e+00,  7.4016491004228979e-01,  1.7314758000468186e-03, -1.0941742408614956e-05,  1.6996692236958437e-05, -7.5230379969475580e-01, -3.0970984014739027e-04, -2.5209705846390829e-05, -2.7298590927270416e-05,  1.2403698336573483e+00,  2.2858455522479978e-01,  1.7261584960505454e+02
    91,  9.2217e+00,  7.4016491004228979e-01,  1.7314758000468186e-03, -1.0941742408614956e-05,  1.6996692236958437e-05, -7.5230378479359461e-01, -3.0972474130858412e-04, -2.5209705846390829e-05, -2.7298590927270416e-05,  1.2403698336573483e+00,  2.2858455522479978e-01,  1.7261584576218905e+02
    92,  9.3265e+00,  7.4016491004228979e-01,  1.7314758000468186e-03, -1.0941742408614956e-05,  1.6996692236958437e-05, -7.5230378479359461e-01, -3.0970984014739027e-04, -2.5224607007584677e-05, -2.7298590927270416e-05,  1.2403698336573483e+00,  2.2858455522479978e-01,  1.7261584569891022e+02
    93,  9.4315e+00,  7.4016491004228979e-01,  1.7314758000468186e-03, -1.0941742408614956e-05,  1.6996692236958437e-05, -7.5230378479359461e-01, -3.0970984014739027e-04, -2.5209705846390829e-05, -2.7313492088464263e-05,  1.2403698336573483e+00,  2.2858455522479978e-01,  1.7261585479999985e+02
    94,  9.5336e+00,  7.4016491004228979e-01,  1.7314758000468186e-03, -1.0941742408614956e-05,  1.6996692236958437e-05, -7.5230378479359461e-01, -3.0970984014739027e-04, -2.5209705846390829e-05, -2.7298590927270416e-05,  1.2403698521402990e+00,  2.2858455522479978e-01,  1.7261584682510079e+02
    95,  9.6398e+00,  7.4016491004228979e-01,  1.7314758000468186e-03, -1.0941742408614956e-05,  1.6996692236958437e-05, -7.5230378479359461e-01, -3.0970984014739027e-04, -2.5209705846390829e-05, -2.7298590927270416e-05,  1.2403698336573483e+00,  2.2858457012596098e-01,  1.7261584876072536e+02
    96,  9.7538e+00,  7.4016546236166503e-01,  1.7314052079051429e-03, -1.0345342118966976e-05,  2.3793616871564769e-05, -7.5230337956242188e-01, -3.1063070010215805e-04, -2.6103878265410028e-05, -2.5421358746365232e-05,  1.2403702779130636e+00,  2.2858444624998153e-01,  1.7263188774299780e+02
    97,  9.8551e+00,  7.4016504190903809e-01,  1.7314594299391375e-03, -1.0806967026366555e-05,  1.8689341996319041e-05, -7.5230368857199570e-01, -3.0993042726778889e-04, -2.5432555438630040e-05, -2.6793674417019232e-05,  1.2403699407047646e+00,  2.2858452890811637e-01,  1.7261697975587427e+02
    98,  9.9583e+00,  7.4016494263073052e-01,  1.7314717839246074e-03, -1.0908920846115795e-05,  1.7419422077557303e-05, -7.5230376104748264e-01, -3.0976440127190370e-04, -2.5265374737551607e-05, -2.7170213175549115e-05,  1.2403698601740152e+00,  2.2858454870224781e-01,  1.7261517311896696e+02
    99,  1.0065e+01,  7.4016495753189171e-01,  1.7314717839246074e-03, -1.0908920846115795e-05,  1.7419422077557303e-05, -7.5230376104748264e-01, -3.0976440127190370e-04, -2.5265374737551607e-05, -2.7170213175549115e-05,  1.2403698601740152e+00,  2.2858454870224781e-01,  1.7261517151983816e+02
   100,  1.0169e+01,  7.4016494263073052e-01,  1.7314866850858012e-03, -1.0908920846115795e-05,  1.7419422077557303e-05, -7.5230376104748264e-01, -3.0976440127190370e-04, -2.5265374737551607e-05, -2.7170213175549115e-05,  1.2403698601740152e+00,  2.2858454870224781e-01,  1.7261517331627479e+02
   101,  1.0271e+01,  7.4016494263073052e-01,  1.7314717839246074e-03, -1.0923822007309642e-05,  1.7419422077557303e-05, -7.5230376104748264e-01, -3.0976440127190370e-04, -2.5265374737551607e-05, -2.7170213175549115e-05,  1.2403698601740152e+00,  2.2858454870224781e-01,  1.7261517473302021e+02
   102,  1.0373e+01,  7.4016494263073052e-01,  1.7314717839246074e-03, -1.0908920846115795e-05,  1.7434323238751150e-05, -7.5230376104748264e-01, -3.0976440127190370e-04, -2.5265374737551607e-05, -2.7170213175549115e-05,  1.2403698601740152e+00,  2.2858454870224781e-01,  1.7261515238281018e+02
   103,  1.0477e+01,  7.4016494263073052e-01,  1.7314717839246074e-03, -1.0908920846115795e-05,  1.7419422077557303e-05, -7.5230377594864384e-01, -3.0976440127190370e-04, -2.5265374737551607e-05, -2.7170213175549115e-05,  1.2403698601740152e+00,  2.2858454870224781e-01,  1.7261517428391053e+02
   104,  1.0581e+01,  7.4016494263073052e-01,  1.7314717839246074e-03, -1.0908920846115795e-05,  1.7419422077557303e-05, -7.5230376104748264e-01, -3.0977930243309754e-04, -2.5265374737551607e-05, -2.7170213175549115e-05,  1.2403698601740152e+00,  2.2858454870224781e-01,  1.7261517044021608e+02
   105,  1.0684e+01,  7.4016494263073052e-01,  1.7314717839246074e-03, -1.0908920846115795e-05,  1.7419422077557303e-05, -7.5230376104748264e-01, -3.0976440127190370e-04, -2.5280275898745455e-05, -2.7170213175549115e-05,  1.2403698601740152e+00,  2.2858454870224781e-01,  1.7261517039076335e+02
   106,  1.0786e+01,  7.4016494263073052e-01,  1.7314717839246074e-03, -1.0908920846115795e-05,  1.7419422077557303e-05, -7.5230376104748264e-01, -3.0976440127190370e-04, -2.5265374737551607e-05, -2.7185114336742963e-05,  1.2403698601740152e+00,  2.2858454870224781e-01,  1.7261517940546406e+02
   107,  1.0889e+01,  7.4016494263073052e-01,  1.7314717839246074e-03, -1.0908920846115795e-05,  1.7419422077557303e-05, -7.5230376104748264e-01, -3.0976440127190370e-04, -2.5265374737551607e-05, -2.7170213175549115e-05,  1.2403698786569664e+00,  2.2858454870224781e-01,  1.7261517150401875e+02
   108,  1.0992e+01,  7.4016494263073052e-01,  1.7314717839246074e-03, -1.0908920846115795e-05,  1.7419422077557303e-05, -7.5230376104748264e-01, -3.0976440127190370e-04, -2.5265374737551607e-05, -2.7170213175549115e-05,  1.2403698601740152e+00,  2.2858456360340901e-01,  1.7261517343923032e+02
   109,  1.1101e+01,  7.4016500834146237e-01,  1.7314636373165888e-03, -1.0841947490005852e-05,  1.8265574206146958e-05, -7.5230371313342670e-01, -3.0987441211375823e-04, -2.5376682770332269e-05, -2.6916772169902628e-05,  1.2403699135912949e+00,  2.2858453556758776e-01,  1.7261572131957774e+02
   110,  1.1206e+01,  7.4016495896374923e-01,  1.7314697663847372e-03, -1.0892396013373829e-05,  1.7630851760632080e-05, -7.5230374914635512e-01, -3.0979175734729340e-04, -2.5293191034494464e-05, -2.7106314699296584e-05,  1.2403698734669231e+00,  2.2858454543276535e-01,  1.7261483655131883e+02
   111,  1.1309e+01,  7.4016497386491042e-01,  1.7314697663847372e-03, -1.0892396013373829e-05,  1.7630851760632080e-05, -7.5230374914635512e-01, -3.0979175734729340e-04, -2.5293191034494464e-05, -2.7106314699296584e-05,  1.2403698734669231e+00,  2.2858454543276535e-01,  1.7261483495218584e+02
   112,  1.1409e+01,  7.4016495896374923e-01,  1.7314846675459310e-03, -1.0892396013373829e-05,  1.7630851760632080e-05, -7.5230374914635512e-01, -3.0979175734729340e-04, -2.5293191034494464e-05, -2.7106314699296584e-05,  1.2403698734669231e+00,  2.2858454543276535e-01,  1.7261483674893961e+02
   113,  1.1508e+01,  7.4016495896374923e-01,  1.7314697663847372e-03, -1.0907297174567676e-05,  1.7630851760632080e-05, -7.5230374914635512e-01, -3.0979175734729340e-04, -2.5293191034494464e-05, -2.7106314699296584e-05,  1.2403698734669231e+00,  2.2858454543276535e-01,  1.7261483817101177e+02
   114,  1.1609e+01,  7.4016495896374923e-01,  1.7314697663847372e-03, -1.0892396013373829e-05,  1.7645752921825928e-05, -7.5230374914635512e-01, -3.0979175734729340e-04, -2.5293191034494464e-05, -2.7106314699296584e-05,  1.2403698734669231e+00,  2.2858454543276535e-01,  1.7261481585502483e+02
   115,  1.1706e+01,  7.4016495896374923e-01,  1.7314697663847372e-03, -1.0892396013373829e-05,  1.7630851760632080e-05, -7.5230376404751631e-01, -3.0979175734729340e-04, -2.5293191034494464e-05, -2.7106314699296584e-05,  1.2403698734669231e+00,  2.2858454543276535e-01,  1.7261483771636682e+02
   116,  1.1801e+01,  7.4016495896374923e-01,  1.7314697663847372e-03, -1.0892396013373829e-05,  1.7630851760632080e-05, -7.5230374914635512e-01, -3.0980665850848725e-04, -2.5293191034494464e-05, -2.7106314699296584e-05,  1.2403698734669231e+00,  2.2858454543276535e-01,  1.7261483387225712e+02
   117,  1.1896e+01,  7.4016495896374923e-01,  1.7314697663847372e-03, -1.0892396013373829e-05,  1.7630851760632080e-05, -7.5230374914635512e-01, -3.0979175734729340e-04, -2.5308092195688311e-05, -2.7106314699296584e-05,  1.2403698734669231e+00,  2.2858454543276535e-01,  1.7261483382972912e+02
   118,  1.1992e+01,  7.4016495896374923e-01,  1.7314697663847372e-03, -1.0892396013373829e-05,  1.7630851760632080e-05, -7.5230374914635512e-01, -3.0979175734729340e-04, -2.5293191034494464e-05, -2.7121215860490432e-05,  1.2403698734669231e+00,  2.2858454543276535e-01,  1.7261484280121155e+02
   119,  1.2089e+01,  7.4016495896374923e-01,  1.7314697663847372e-03, -1.0892396013373829e-05,  1.7630851760632080e-05, -7.5230374914635512e-01, -3.0979175734729340e-04, -2.5293191034494464e-05, -2.7106314699296584e-05,  1.2403698919498745e+00,  2.2858454543276535e-01,  1.7261483493649894e+02
   120,  1.2191e+01,  7.4016495896374923e-01,  1.7314697663847372e-03, -1.0892396013373829e-05,  1.7630851760632080e-05, -7.5230374914635512e-01, -3.0979175734729340e-04, -2.5293191034494464e-05, -2.7106314699296584e-05,  1.2403698734669231e+00,  2.2858456033392655e-01,  1.7261483687152312e+02
   121,  1.2299e+01,  7.4016499176384021e-01,  1.7314657033940569e-03, -1.0859013487392291e-05,  1.8053884424204732e-05, -7.5230372523874134e-01, -3.0984669232366331e-04, -2.5348816000750347e-05, -2.6979348912783594e-05,  1.2403699001492408e+00,  2.2858453887136690e-01,  1.7261508933029467e+02
   122,  1.2399e+01,  7.4016496714009294e-01,  1.7314687554160738e-03, -1.0884105062698981e-05,  1.7736582814619991e-05, -7.5230374318880622e-01, -3.0980545440483095e-04, -2.5307094619072001e-05, -2.7074438562321514e-05,  1.2403698801221350e+00,  2.2858454379596485e-01,  1.7261466854029769e+02
   123,  1.2499e+01,  7.4016498204125414e-01,  1.7314687554160738e-03, -1.0884105062698981e-05,  1.7736582814619991e-05, -7.5230374318880622e-01, -3.0980545440483095e-04, -2.5307094619072001e-05, -2.7074438562321514e-05,  1.2403698801221350e+00,  2.2858454379596485e-01,  1.7261466694121125e+02
   124,  1.2599e+01,  7.4016496714009294e-01,  1.7314836565772676e-03, -1.0884105062698981e-05,  1.7736582814619991e-05, -7.5230374318880622e-01, -3.0980545440483095e-04, -2.5307094619072001e-05, -2.7074438562321514e-05,  1.2403698801221350e+00,  2.2858454379596485e-01,  1.7261466873813347e+02
   125,  1.2703e+01,  7.4016496714009294e-01,  1.7314687554160738e-03, -1.0899006223892829e-05,  1.7736582814619991e-05, -7.5230374318880622e-01, -3.0980545440483095e-04, -2.5307094619072001e-05, -2.7074438562321514e-05,  1.2403698801221350e+00,  2.2858454379596485e-01,  1.7261467016285420e+02
   126,  1.2804e+01,  7.4016496714009294e-01,  1.7314687554160738e-03, -1.0884105062698981e-05,  1.7751483975813839e-05, -7.5230374318880622e-01, -3.0980545440483095e-04, -2.5307094619072001e-05, -2.7074438562321514e-05,  1.2403698801221350e+00,  2.2858454379596485e-01,  1.7261464786394404e+02
   127,  1.2905e+01,  7.4016496714009294e-01,  1.7314687554160738e-03, -1.0884105062698981e-05,  1.7736582814619991e-05, -7.5230375808996741e-01, -3.0980545440483095e-04, -2.5307094619072001e-05, -2.7074438562321514e-05,  1.2403698801221350e+00,  2.2858454379596485e-01,  1.7261466970542267e+02
   128,  1.3009e+01,  7.4016496714009294e-01,  1.7314687554160738e-03, -1.0884105062698981e-05,  1.7736582814619991e-05, -7.5230374318880622e-01, -3.0982035556602480e-04, -2.5307094619072001e-05, -2.7074438562321514e-05,  1.2403698801221350e+00,  2.2858454379596485e-01,  1.7261466586111430e+02
   129,  1.3111e+01,  7.4016496714009294e-01,  1.7314687554160738e-03, -1.0884105062698981e-05,  1.7736582814619991e-05, -7.5230374318880622e-01, -3.0980545440483095e-04, -2.5321995780265848e-05, -2.7074438562321514e-05,  1.2403698801221350e+00,  2.2858454379596485e-01,  1.7261466582204503e+02
   130,  1.3213e+01,  7.4016496714009294e-01,  1.7314687554160738e-03, -1.0884105062698981e-05,  1.7736582814619991e-05, -7.5230374318880622e-01, -3.0980545440483095e-04, -2.5307094619072001e-05, -2.7089339723515362e-05,  1.2403698801221350e+00,  2.2858454379596485e-01,  1.7261467477192016e+02
   131,  1.3314e+01,  7.4016496714009294e-01,  1.7314687554160738e-03, -1.0884105062698981e-05,  1.7736582814619991e-05, -7.5230374318880622e-01, -3.0980545440483095e-04, -2.5307094619072001e-05, -2.7074438562321514e-05,  1.2403698986050866e+00,  2.2858454379596485e-01,  1.7261466692563050e+02
   132,  1.3415e+01,  7.4016496714009294e-01,  1.7314687554160738e-03, -1.0884105062698981e-05,  1.7736582814619991e-05, -7.5230374318880622e-01, -3.0980545440483095e-04, -2.5307094619072001e-05, -2.7074438562321514e-05,  1.2403698801221350e+00,  2.2858455869712604e-01,  1.7261466886047262e+02
   133,  1.3517e+01,  7.4016498352583104e-01,  1.7314667258967438e-03, -1.0867439399124466e-05,  1.7948088257237081e-05, -7.5230373124709193e-01, -3.0983290394483338e-04, -2.5334899559732014e-05, -2.7010893980051015e-05,  1.2403698934559841e+00,  2.2858454051674718e-01,  1.7261477264552676e+02
   134,  1.3619e+01,  7.4016497123060621e-01,  1.7314682492312918e-03, -1.0879952323926395e-05,  1.7789452394167394e-05, -7.5230374020821733e-01, -3.0981230761479900e-04, -2.5314045192655179e-05, -2.7058518727452947e-05,  1.2403698834517538e+00,  2.2858454297704814e-01,  1.7261458460295171e+02
   135,  1.3723e+01,  7.4016498613176740e-01,  1.7314682492312918e-03, -1.0879952323926395e-05,  1.7789452394167394e-05, -7.5230374020821733e-01, -3.0981230761479900e-04, -2.5314045192655179e-05, -2.7058518727452947e-05,  1.2403698834517538e+00,  2.2858454297704814e-01,  1.7261458300390669e+02
   136,  1.3824e+01,  7.4016497123060621e-01,  1.7314831503924856e-03, -1.0879952323926395e-05,  1.7789452394167394e-05, -7.5230374020821733e-01, -3.0981230761479900e-04, -2.5314045192655179e-05, -2.7058518727452947e-05,  1.2403698834517538e+00,  2.2858454297704814e-01,  1.7261458480089470e+02
   137,  1.3925e+01,  7.4016497123060621e-01,  1.7314682492312918e-03, -1.0894853485120242e-05,  1.7789452394167394e-05, -7.5230374020821733e-01, -3.0981230761479900e-04, -2.5314045192655179e-05, -2.7058518727452947e-05,  1.2403698834517538e+00,  2.2858454297704814e-01,  1.7261458622691165e+02
   138,  1.4028e+01,  7.4016497123060621e-01,  1.7314682492312918e-03, -1.0879952323926395e-05,  1.7804353555361241e-05, -7.5230374020821733e-01, -3.0981230761479900e-04, -2.5314045192655179e-05, -2.7058518727452947e-05,  1.2403698834517538e+00,  2.2858454297704814e-01,  1.7261456393655101e+02
   139,  1.4132e+01,  7.4016497123060621e-01,  1.7314682492312918e-03, -1.0879952323926395e-05,  1.7789452394167394e-05, -7.5230375510937852e-01, -3.0981230761479900e-04, -2.5314045192655179e-05, -2.7058518727452947e-05,  1.2403698834517538e+00,  2.2858454297704814e-01,  1.7261458576814920e+02
   140,  1.4234e+01,  7.4016497123060621e-01,  1.7314682492312918e-03, -1.0879952323926395e-05,  1.7789452394167394e-05, -7.5230374020821733e-01, -3.0982720877599285e-04, -2.5314045192655179e-05, -2.7058518727452947e-05,  1.2403698834517538e+00,  2.2858454297704814e-01,  1.7261458192373706e+02
   141,  1.4337e+01,  7.4016497123060621e-01,  1.7314682492312918e-03, -1.0879952323926395e-05,  1.7789452394167394e-05, -7.5230374020821733e-01, -3.0981230761479900e-04, -2.5328946353849027e-05, -2.7058518727452947e-05,  1.2403698834517538e+00,  2.2858454297704814e-01,  1.7261458188635638e+02
   142,  1.4437e+01,  7.4016497123060621e-01,  1.7314682492312918e-03, -1.0879952323926395e-05,  1.7789452394167394e-05, -7.5230374020821733e-01, -3.0981230761479900e-04, -2.5314045192655179e-05, -2.7073419888646794e-05,  1.2403698834517538e+00,  2.2858454297704814e-01,  1.7261459082544405e+02
   143,  1.4538e+01,  7.4016497123060621e-01,  1.7314682492312918e-03, -1.0879952323926395e-05,  1.7789452394167394e-05, -7.5230374020821733e-01, -3.0981230761479900e-04, -2.5314045192655179e-05, -2.7058518727452947e-05,  1.2403699019347054e+00,  2.2858454297704814e-01,  1.7261458298830058e+02
   144,  1.4640e+01,  7.4016497123060621e-01,  1.7314682492312918e-03, -1.0879952323926395e-05,  1.7789452394167394e-05, -7.5230374020821733e-01, -3.0981230761479900e-04, -2.5314045192655179e-05, -2.7058518727452947e-05,  1.2403698834517538e+00,  2.2858455787820933e-01,  1.7261458492311186e+02
   145,  1.4746e+01,  7.4016497941979942e-01,  1.7314672349679344e-03, -1.0871626044914897e-05,  1.7895202396861170e-05, -7.5230373424021302e-01, -3.0982602773567289e-04, -2.5327945825960822e-05, -2.7026731010771384e-05,  1.2403698901170945e+00,  2.2858454133781161e-01,  1.7261461412981234e+02
   146,  1.4847e+01,  7.4016497327642405e-01,  1.7314679959642507e-03, -1.0877874174297487e-05,  1.7815888199168322e-05, -7.5230373871742640e-01, -3.0981573535085894e-04, -2.5317520185912765e-05, -2.7050563373872046e-05,  1.2403698851171279e+00,  2.2858454256746100e-01,  1.7261454265135720e+02
   147,  1.4948e+01,  7.4016498817758525e-01,  1.7314679959642507e-03, -1.0877874174297487e-05,  1.7815888199168322e-05, -7.5230373871742640e-01, -3.0981573535085894e-04, -2.5317520185912765e-05, -2.7050563373872046e-05,  1.2403698851171279e+00,  2.2858454256746100e-01,  1.7261454105229166e+02
   148,  1.5048e+01,  7.4016497327642405e-01,  1.7314828971254446e-03, -1.0877874174297487e-05,  1.7815888199168322e-05, -7.5230373871742640e-01, -3.0981573535085894e-04, -2.5317520185912765e-05, -2.7050563373872046e-05,  1.2403698851171279e+00,  2.2858454256746100e-01,  1.7261454284931122e+02
   149,  1.5148e+01,  7.4016497327642405e-01,  1.7314679959642507e-03, -1.0892775335491334e-05,  1.7815888199168322e-05, -7.5230373871742640e-01, -3.0981573535085894e-04, -2.5317520185912765e-05, -2.7050563373872046e-05,  1.2403698851171279e+00,  2.2858454256746100e-01,  1.7261454427602720e+02
   150,  1.5248e+01,  7.4016497327642405e-01,  1.7314679959642507e-03, -1.0877874174297487e-05,  1.7830789360362170e-05, -7.5230373871742640e-01, -3.0981573535085894e-04, -2.5317520185912765e-05, -2.7050563373872046e-05,  1.2403698851171279e+00,  2.2858454256746100e-01,  1.7261452198997341e+02
   151,  1.5347e+01,  7.4016497327642405e-01,  1.7314679959642507e-03, -1.0877874174297487e-05,  1.7815888199168322e-05, -7.5230375361858759e-01, -3.0981573535085894e-04, -2.5317520185912765e-05, -2.7050563373872046e-05,  1.2403698851171279e+00,  2.2858454256746100e-01,  1.7261454381655432e+02
   152,  1.5447e+01,  7.4016497327642405e-01,  1.7314679959642507e-03, -1.0877874174297487e-05,  1.7815888199168322e-05, -7.5230373871742640e-01, -3.0983063651205279e-04, -2.5317520185912765e-05, -2.7050563373872046e-05,  1.2403698851171279e+00,  2.2858454256746100e-01,  1.7261453997207175e+02
   153,  1.5550e+01,  7.4016497327642405e-01,  1.7314679959642507e-03, -1.0877874174297487e-05,  1.7815888199168322e-05, -7.5230373871742640e-01, -3.0981573535085894e-04, -2.5332421347106613e-05, -2.7050563373872046e-05,  1.2403698851171279e+00,  2.2858454256746100e-01,  1.7261453993556847e+02
   154,  1.5651e+01,  7.4016497327642405e-01,  1.7314679959642507e-03, -1.0877874174297487e-05,  1.7815888199168322e-05, -7.5230373871742640e-01, -3.0981573535085894e-04, -2.5317520185912765e-05, -2.7065464535065893e-05,  1.2403698851171279e+00,  2.2858454256746100e-01,  1.7261454886926805e+02
   155,  1.5752e+01,  7.4016497327642405e-01,  1.7314679959642507e-03, -1.0877874174297487e-05,  1.7815888199168322e-05, -7.5230373871742640e-01, -3.0981573535085894e-04, -2.5317520185912765e-05, -2.7050563373872046e-05,  1.2403699036000795e+00,  2.2858454256746100e-01,  1.7261454103670869e+02
   156,  1.5856e+01,  7.4016497327642405e-01,  1.7314679959642507e-03, -1.0877874174297487e-05,  1.7815888199168322e-05, -7.5230373871742640e-01, -3.0981573535085894e-04, -2.5317520185912765e-05, -2.7050563373872046e-05,  1.2403698851171279e+00,  2.2858455746862219e-01,  1.7261454297151008e+02
   157,  1.5964e+01,  7.4016497737021281e-01,  1.7314674890646507e-03, -1.0873712645676849e-05,  1.7868762491931084e-05, -7.5230373573422682e-01, -3.0982259439999430e-04, -2.5324470109877642e-05, -2.7034665678090459e-05,  1.2403698884494181e+00,  2.2858454174793427e-01,  1.7261453482847872e+02
   158,  1.6066e+01,  7.4016499227137400e-01,  1.7314674890646507e-03, -1.0873712645676849e-05,  1.7868762491931084e-05, -7.5230373573422682e-01, -3.0982259439999430e-04, -2.5324470109877642e-05, -2.7034665678090459e-05,  1.2403698884494181e+00,  2.2858454174793427e-01,  1.7261453343553026e+02
   159,  1.6168e+01,  7.4016497737021281e-01,  1.7314823902258446e-03, -1.0873712645676849e-05,  1.7868762491931084e-05, -7.5230373573422682e-01, -3.0982259439999430e-04, -2.5324470109877642e-05, -2.7034665678090459e-05,  1.2403698884494181e+00,  2.2858454174793427e-01,  1.7261452279176294e+02
   160,  1.6270e+01,  7.4016497737021281e-01,  1.7314674890646507e-03, -1.0888613806870697e-05,  1.7868762491931084e-05, -7.5230373573422682e-01, -3.0982259439999430e-04, -2.5324470109877642e-05, -2.7034665678090459e-05,  1.2403698884494181e+00,  2.2858454174793427e-01,  1.7261454688926003e+02
   161,  1.6375e+01,  7.4016497737021281e-01,  1.7314674890646507e-03, -1.0873712645676849e-05,  1.7883663653124932e-05, -7.5230373573422682e-01, -3.0982259439999430e-04, -2.5324470109877642e-05, -2.7034665678090459e-05,  1.2403698884494181e+00,  2.2858454174793427e-01,  1.7261456127241658e+02
   162,  1.6477e+01,  7.4016497737021281e-01,  1.7314674890646507e-03, -1.0873712645676849e-05,  1.7868762491931084e-05, -7.5230375063538801e-01, -3.0982259439999430e-04, -2.5324470109877642e-05, -2.7034665678090459e-05,  1.2403698884494181e+00,  2.2858454174793427e-01,  1.7261453622248945e+02
   163,  1.6579e+01,  7.4016497737021281e-01,  1.7314674890646507e-03, -1.0873712645676849e-05,  1.7868762491931084e-05, -7.5230373573422682e-01, -3.0983749556118815e-04, -2.5324470109877642e-05, -2.7034665678090459e-05,  1.2403698884494181e+00,  2.2858454174793427e-01,  1.7261454438094984e+02
   164,  1.6685e+01,  7.4016497737021281e-01,  1.7314674890646507e-03, -1.0873712645676849e-05,  1.7868762491931084e-05, -7.5230373573422682e-01, -3.0982259439999430e-04, -2.5339371271071489e-05, -2.7034665678090459e-05,  1.2403698884494181e+00,  2.2858454174793427e-01,  1.7261454303998789e+02
   165,  1.6786e+01,  7.4016497737021281e-01,  1.7314674890646507e-03, -1.0873712645676849e-05,  1.7868762491931084e-05, -7.5230373573422682e-01, -3.0982259439999430e-04, -2.5324470109877642e-05, -2.7049566839284306e-05,  1.2403698884494181e+00,  2.2858454174793427e-01,  1.7261447812844679e+02
   166,  1.6888e+01,  7.4016497737021281e-01,  1.7314674890646507e-03, -1.0873712645676849e-05,  1.7868762491931084e-05, -7.5230373573422682e-01, -3.0982259439999430e-04, -2.5324470109877642e-05, -2.7034665678090459e-05,  1.2403699069323697e+00,  2.2858454174793427e-01,  1.7261453358425530e+02
   167,  1.6993e+01,  7.4016497737021281e-01,  1.7314674890646507e-03, -1.0873712645676849e-05,  1.7868762491931084e-05, -7.5230373573422682e-01, -3.0982259439999430e-04, -2.5324470109877642e-05, -2.7034665678090459e-05,  1.2403698884494181e+00,  2.2858455664909547e-01,  1.7261453498525941e+02
   168,  1.7095e+01,  7.4016497766822786e-01,  1.7314700642243723e-03, -1.0871132389151672e-05,  1.7863105480236841e-05, -7.5230373543598417e-01, -3.0982055074073577e-04, -2.5322713381831844e-05, -2.7046796034349364e-05,  1.2403698886640251e+00,  2.2858454171439244e-01,  1.7261447211621274e+02
   169,  1.7197e+01,  7.4016499256938906e-01,  1.7314700642243723e-03, -1.0871132389151672e-05,  1.7863105480236841e-05, -7.5230373543598417e-01, -3.0982055074073577e-04, -2.5322713381831844e-05, -2.7046796034349364e-05,  1.2403698886640251e+00,  2.2858454171439244e-01,  1.7261447072325421e+02
   170,  1.7299e+01,  7.4016497766822786e-01,  1.7314849653855661e-03, -1.0871132389151672e-05,  1.7863105480236841e-05, -7.5230373543598417e-01, -3.0982055074073577e-04, -2.5322713381831844e-05, -2.7046796034349364e-05,  1.2403698886640251e+00,  2.2858454171439244e-01,  1.7261447224111947e+02
   171,  1.7401e+01,  7.4016497766822786e-01,  1.7314700642243723e-03, -1.0886033550345520e-05,  1.7863105480236841e-05, -7.5230373543598417e-01, -3.0982055074073577e-04, -2.5322713381831844e-05, -2.7046796034349364e-05,  1.2403698886640251e+00,  2.2858454171439244e-01,  1.7261448417669908e+02
   172,  1.7503e+01,  7.4016497766822786e-01,  1.7314700642243723e-03, -1.0871132389151672e-05,  1.7878006641430689e-05, -7.5230373543598417e-01, -3.0982055074073577e-04, -2.5322713381831844e-05, -2.7046796034349364e-05,  1.2403698886640251e+00,  2.2858454171439244e-01,  1.7261449855802661e+02
   173,  1.7605e+01,  7.4016497766822786e-01,  1.7314700642243723e-03, -1.0871132389151672e-05,  1.7863105480236841e-05, -7.5230375033714536e-01, -3.0982055074073577e-04, -2.5322713381831844e-05, -2.7046796034349364e-05,  1.2403698886640251e+00,  2.2858454171439244e-01,  1.7261447351029980e+02
   174,  1.7706e+01,  7.4016497766822786e-01,  1.7314700642243723e-03, -1.0871132389151672e-05,  1.7863105480236841e-05, -7.5230373543598417e-01, -3.0983545190192962e-04, -2.5322713381831844e-05, -2.7046796034349364e-05,  1.2403698886640251e+00,  2.2858454171439244e-01,  1.7261448166860467e+02
   175,  1.7807e+01,  7.4016497766822786e-01,  1.7314700642243723e-03, -1.0871132389151672e-05,  1.7863105480236841e-05, -7.5230373543598417e-01, -3.0982055074073577e-04, -2.5337614543025692e-05, -2.7046796034349364e-05,  1.2403698886640251e+00,  2.2858454171439244e-01,  1.7261448032741086e+02
   176,  1.7910e+01,  7.4016497766822786e-01,  1.7314700642243723e-03, -1.0871132389151672e-05,  1.7863105480236841e-05, -7.5230373543598417e-01, -3.0982055074073577e-04, -2.5322713381831844e-05, -2.7061697195543211e-05,  1.2403698886640251e+00,  2.2858454171439244e-01,  1.7261447825436409e+02
   177,  1.8012e+01,  7.4016497766822786e-01,  1.7314700642243723e-03, -1.0871132389151672e-05,  1.7863105480236841e-05, -7.5230373543598417e-01, -3.0982055074073577e-04, -2.5322713381831844e-05, -2.7046796034349364e-05,  1.2403699071469767e+00,  2.2858454171439244e-01,  1.7261447087200219e+02
   178,  1.8111e+01,  7.4016497766822786e-01,  1.7314700642243723e-03, -1.0871132389151672e-05,  1.7863105480236841e-05, -7.5230373543598417e-01, -3.0982055074073577e-04, -2.5322713381831844e-05, -2.7046796034349364e-05,  1.2403698886640251e+00,  2.2858455661555363e-01,  1.7261447236313478e+02
