Problem type:
least_squares
nparams:
8
function_evaluation,seconds,x(0),x(1),x(2),x(3),x(4),x(5),x(6),x(7),objective_function
     0,  8.6944e-02,  7.4015882297645752e-01,  1.7303706991604584e-03,  0.0000000000000000e+00, -7.5230841304937501e-01, -3.0283060787482743e-04,  0.0000000000000000e+00,  1.2403655673787590e+00,  2.2858562382957107e-01,  1.4913416556943466e+02
     1,  1.7642e-01,  7.4015883787761871e-01,  1.7303706991604584e-03,  0.0000000000000000e+00, -7.5230841304937501e-01, -3.0283060787482743e-04,  0.0000000000000000e+00,  1.2403655673787590e+00,  2.2858562382957107e-01,  1.4913416519926656e+02
     2,  2.6454e-01,  7.4015882297645752e-01,  1.7303856003216523e-03,  0.0000000000000000e+00, -7.5230841304937501e-01, -3.0283060787482743e-04,  0.0000000000000000e+00,  1.2403655673787590e+00,  2.2858562382957107e-01,  1.4913415301527868e+02
     3,  3.5377e-01,  7.4015882297645752e-01,  1.7303706991604584e-03,  1.4901161193847656e-08, -7.5230841304937501e-01, -3.0283060787482743e-04,  0.0000000000000000e+00,  1.2403655673787590e+00,  2.2858562382957107e-01,  1.4913415853483176e+02
     4,  4.4169e-01,  7.4015882297645752e-01,  1.7303706991604584e-03,  0.0000000000000000e+00, -7.5230842795053621e-01, -3.0283060787482743e-04,  0.0000000000000000e+00,  1.2403655673787590e+00,  2.2858562382957107e-01,  1.4913416626680274e+02
     5,  5.2877e-01,  7.4015882297645752e-01,  1.7303706991604584e-03,  0.0000000000000000e+00, -7.5230841304937501e-01, -3.0284550903602128e-04,  0.0000000000000000e+00,  1.2403655673787590e+00,  2.2858562382957107e-01,  1.4913417572285351e+02
     6,  6.2031e-01,  7.4015882297645752e-01,  1.7303706991604584e-03,  0.0000000000000000e+00, -7.5230841304937501e-01, -3.0283060787482743e-04,  1.4901161193847656e-08,  1.2403655673787590e+00,  2.2858562382957107e-01,  1.4913416063527899e+02
     7,  7.1186e-01,  7.4015882297645752e-01,  1.7303706991604584e-03,  0.0000000000000000e+00, -7.5230841304937501e-01, -3.0283060787482743e-04,  0.0000000000000000e+00,  1.2403655858616462e+00,  2.2858562382957107e-01,  1.4913416443136609e+02
     8,  8.0008e-01,  7.4015882297645752e-01,  1.7303706991604584e-03,  0.0000000000000000e+00, -7.5230841304937501e-01, -3.0283060787482743e-04,  0.0000000000000000e+00,  1.2403655673787590e+00,  2.2858563873073226e-01,  1.4913416573525345e+02
     9,  9.1900e-01,  7.7228980185018981e-01,  4.5548920075740587e-02,  1.2561848566858306e-03, -7.6361210464871521e-01, -3.7079593922435296e-02, -2.0799828505716302e-04,  1.2663182712310002e+00,  2.0020221319744450e-01,  1.5049588824583032e+02
    10,  1.0097e+00,  7.4579254561354469e-01,  1.4583913876670811e-02,  3.2369920643476090e-03, -7.4554117852047608e-01, -6.7999945640959706e-03, -2.1448744299156276e-03,  1.2484597059012728e+00,  2.2657509017966657e-01,  1.5481397419209659e+02
    11,  1.0985e+00,  7.4151759274605145e-01,  5.2023694513468966e-03,  1.7621305529466225e-03, -7.5018903520943658e-01,  2.4449904522770929e-04, -8.5104661018734699e-04,  1.2411177619411766e+00,  2.2847487876957140e-01,  1.5172176111079025e+02
    12,  1.1889e+00,  7.4027327691480915e-01,  2.6403494063048827e-03,  3.9583733050062498e-04, -7.5214264784019735e-01,  3.3098350482407477e-04,  9.5459298992454339e-05,  1.2404516725791039e+00,  2.2857278402345882e-01,  1.4987368956785838e+02
    13,  1.2795e+00,  7.4016890577018069e-01,  1.9452045467156342e-03,  1.0407028930837643e-04, -7.5229158832095111e-01, -1.3319576424759177e-04,  6.1721225680556980e-05,  1.2403820299032811e+00,  2.2858276369360181e-01,  1.4929487863228601e+02
    14,  1.3683e+00,  7.4016056193658264e-01,  1.7825044352252155e-03,  2.7910659657888401e-05, -7.5230525230708689e-01, -2.6088575711481071e-04,  1.8841117013108802e-05,  1.2403694173283546e+00,  2.2858493411459649e-01,  1.4917239763424237e+02
    15,  1.4550e+00,  7.4015921552004915e-01,  1.7432751910376816e-03,  7.1441142027315904e-06, -7.5230768037730777e-01, -2.9240694555279344e-04,  4.9642910477474332e-06,  1.2403665128573640e+00,  2.2858545331813107e-01,  1.4914223565239948e+02
    16,  1.5435e+00,  7.4015891858826244e-01,  1.7335881134148991e-03,  1.7973500549928224e-06, -7.5230823334774244e-01, -3.0022927901733658e-04,  1.2577591960704831e-06,  1.2403658026692737e+00,  2.2858558132912177e-01,  1.4913465358825107e+02
    17,  1.6289e+00,  7.4015884672347088e-01,  1.7311744974054240e-03,  4.5006018909031790e-07, -7.5230836833857617e-01, -3.0218057369067400e-04,  3.1549612402668684e-07,  1.2403656261336424e+00,  2.2858561321255197e-01,  1.4913275531991914e+02
    18,  1.7141e+00,  7.4015886162463207e-01,  1.7311744974054240e-03,  4.5006018909031790e-07, -7.5230836833857617e-01, -3.0218057369067400e-04,  3.1549612402668684e-07,  1.2403656261336424e+00,  2.2858561321255197e-01,  1.4913275404052644e+02
    19,  1.7994e+00,  7.4015884672347088e-01,  1.7311893985666178e-03,  4.5006018909031790e-07, -7.5230836833857617e-01, -3.0218057369067400e-04,  3.1549612402668684e-07,  1.2403656261336424e+00,  2.2858561321255197e-01,  1.4913275508857018e+02
    20,  1.8857e+00,  7.4015884672347088e-01,  1.7311744974054240e-03,  4.6496135028416555e-07, -7.5230836833857617e-01, -3.0218057369067400e-04,  3.1549612402668684e-07,  1.2403656261336424e+00,  2.2858561321255197e-01,  1.4913276522644813e+02
    21,  1.9745e+00,  7.4015884672347088e-01,  1.7311744974054240e-03,  4.5006018909031790e-07, -7.5230838323973737e-01, -3.0218057369067400e-04,  3.1549612402668684e-07,  1.2403656261336424e+00,  2.2858561321255197e-01,  1.4913275635013153e+02
    22,  2.0642e+00,  7.4015884672347088e-01,  1.7311744974054240e-03,  4.5006018909031790e-07, -7.5230836833857617e-01, -3.0219547485186784e-04,  3.1549612402668684e-07,  1.2403656261336424e+00,  2.2858561321255197e-01,  1.4913275320307775e+02
    23,  2.1488e+00,  7.4015884672347088e-01,  1.7311744974054240e-03,  4.5006018909031790e-07, -7.5230836833857617e-01, -3.0218057369067400e-04,  3.3039728522053450e-07,  1.2403656261336424e+00,  2.2858561321255197e-01,  1.4913276783149476e+02
    24,  2.2336e+00,  7.4015884672347088e-01,  1.7311744974054240e-03,  4.5006018909031790e-07, -7.5230836833857617e-01, -3.0218057369067400e-04,  3.1549612402668684e-07,  1.2403656446165305e+00,  2.2858561321255197e-01,  1.4913275369539232e+02
    25,  2.3303e+00,  7.4015884672347088e-01,  1.7311744974054240e-03,  4.5006018909031790e-07, -7.5230836833857617e-01, -3.0218057369067400e-04,  3.1549612402668684e-07,  1.2403656261336424e+00,  2.2858562811371316e-01,  1.4913275570351612e+02
    26,  2.4346e+00,  7.4015903287564888e-01,  1.7312075812449500e-03, -9.7967912353383139e-07, -7.5230821824550209e-01, -3.0248876526621830e-04, -1.4930258641492173e-06,  1.2403658162942903e+00,  2.2858555754410786e-01,  1.4913415679206543e+02
    27,  2.5331e+00,  7.4015889302098281e-01,  1.7311828335937493e-03,  9.2302800985490798e-08, -7.5230833104603478e-01, -3.0225718812034721e-04, -1.3651476456444028e-07,  1.2403656735032673e+00,  2.2858559934034711e-01,  1.4913308012354906e+02
    28,  2.6273e+00,  7.4015885828288142e-01,  1.7311765855172990e-03,  3.6060079231216536e-07, -7.5230835902979742e-01, -3.0219970032227777e-04,  2.0250086598231860e-07,  1.2403656379654378e+00,  2.2858560974729483e-01,  1.4913281183418039e+02
    29,  2.7148e+00,  7.4015884961238909e-01,  1.7311750196872552e-03,  4.2769408850061393e-07, -7.5230836601227780e-01, -3.0218535366438804e-04,  2.8724777584225887e-07,  1.2403656290909288e+00,  2.2858561234641211e-01,  1.4913274481669936e+02
    30,  2.8151e+00,  7.4015886451355029e-01,  1.7311750196872552e-03,  4.2769408850061393e-07, -7.5230836601227780e-01, -3.0218535366438804e-04,  2.8724777584225887e-07,  1.2403656290909288e+00,  2.2858561234641211e-01,  1.4913274444599890e+02
    31,  2.9005e+00,  7.4015884961238909e-01,  1.7311899208484491e-03,  4.2769408850061393e-07, -7.5230836601227780e-01, -3.0218535366438804e-04,  2.8724777584225887e-07,  1.2403656290909288e+00,  2.2858561234641211e-01,  1.4913273226706195e+02
    32,  2.9846e+00,  7.4015884961238909e-01,  1.7311750196872552e-03,  4.4259524969446159e-07, -7.5230836601227780e-01, -3.0218535366438804e-04,  2.8724777584225887e-07,  1.2403656290909288e+00,  2.2858561234641211e-01,  1.4913273778865562e+02
    33,  3.0674e+00,  7.4015884961238909e-01,  1.7311750196872552e-03,  4.2769408850061393e-07, -7.5230838091343899e-01, -3.0218535366438804e-04,  2.8724777584225887e-07,  1.2403656290909288e+00,  2.2858561234641211e-01,  1.4913274551472611e+02
    34,  3.1507e+00,  7.4015884961238909e-01,  1.7311750196872552e-03,  4.2769408850061393e-07, -7.5230836601227780e-01, -3.0220025482558189e-04,  2.8724777584225887e-07,  1.2403656290909288e+00,  2.2858561234641211e-01,  1.4913275496558137e+02
    35,  3.2372e+00,  7.4015884961238909e-01,  1.7311750196872552e-03,  4.2769408850061393e-07, -7.5230836601227780e-01, -3.0218535366438804e-04,  3.0214893703610652e-07,  1.2403656290909288e+00,  2.2858561234641211e-01,  1.4913273988823821e+02
    36,  3.3256e+00,  7.4015884961238909e-01,  1.7311750196872552e-03,  4.2769408850061393e-07, -7.5230836601227780e-01, -3.0218535366438804e-04,  2.8724777584225887e-07,  1.2403656475738170e+00,  2.2858561234641211e-01,  1.4913274367872032e+02
    37,  3.4125e+00,  7.4015884961238909e-01,  1.7311750196872552e-03,  4.2769408850061393e-07, -7.5230836601227780e-01, -3.0218535366438804e-04,  2.8724777584225887e-07,  1.2403656290909288e+00,  2.2858562724757331e-01,  1.4913274498247731e+02
    38,  3.5061e+00,  7.4015885035436924e-01,  1.7312001368978789e-03,  4.4176006793419352e-07, -7.5230836461517447e-01, -3.0216504154497006e-04,  2.9711151381849305e-07,  1.2403656309271542e+00,  2.2858561201461977e-01,  1.4913273515331448e+02
    39,  3.5944e+00,  7.4015886525553043e-01,  1.7312001368978789e-03,  4.4176006793419352e-07, -7.5230836461517447e-01, -3.0216504154497006e-04,  2.9711151381849305e-07,  1.2403656309271542e+00,  2.2858561201461977e-01,  1.4913273387391271e+02
    40,  3.6810e+00,  7.4015885035436924e-01,  1.7312150380590727e-03,  4.4176006793419352e-07, -7.5230836461517447e-01, -3.0216504154497006e-04,  2.9711151381849305e-07,  1.2403656309271542e+00,  2.2858561201461977e-01,  1.4913273492210070e+02
    41,  3.7663e+00,  7.4015885035436924e-01,  1.7312001368978789e-03,  4.5666122912804118e-07, -7.5230836461517447e-01, -3.0216504154497006e-04,  2.9711151381849305e-07,  1.2403656309271542e+00,  2.2858561201461977e-01,  1.4913274505938858e+02
    42,  3.8515e+00,  7.4015885035436924e-01,  1.7312001368978789e-03,  4.4176006793419352e-07, -7.5230837951633567e-01, -3.0216504154497006e-04,  2.9711151381849305e-07,  1.2403656309271542e+00,  2.2858561201461977e-01,  1.4913273618357965e+02
    43,  3.9376e+00,  7.4015885035436924e-01,  1.7312001368978789e-03,  4.4176006793419352e-07, -7.5230836461517447e-01, -3.0217994270616391e-04,  2.9711151381849305e-07,  1.2403656309271542e+00,  2.2858561201461977e-01,  1.4913273303638269e+02
    44,  4.0236e+00,  7.4015885035436924e-01,  1.7312001368978789e-03,  4.4176006793419352e-07, -7.5230836461517447e-01, -3.0216504154497006e-04,  3.1201267501234070e-07,  1.2403656309271542e+00,  2.2858561201461977e-01,  1.4913274766440861e+02
    45,  4.1090e+00,  7.4015885035436924e-01,  1.7312001368978789e-03,  4.4176006793419352e-07, -7.5230836461517447e-01, -3.0216504154497006e-04,  2.9711151381849305e-07,  1.2403656494100423e+00,  2.2858561201461977e-01,  1.4913273352882334e+02
    46,  4.1948e+00,  7.4015885035436924e-01,  1.7312001368978789e-03,  4.4176006793419352e-07, -7.5230836461517447e-01, -3.0216504154497006e-04,  2.9711151381849305e-07,  1.2403656309271542e+00,  2.2858562691578097e-01,  1.4913273553690763e+02
    47,  4.2856e+00,  7.4015885107657386e-01,  1.7312002674129828e-03,  4.3616850211058670e-07, -7.5230836403360324e-01, -3.0216623653106631e-04,  2.9004945074693933e-07,  1.2403656316664471e+00,  2.2858561179808939e-01,  1.4913272516244652e+02
    48,  4.3714e+00,  7.4015886597773506e-01,  1.7312002674129828e-03,  4.3616850211058670e-07, -7.5230836403360324e-01, -3.0216623653106631e-04,  2.9004945074693933e-07,  1.2403656316664471e+00,  2.2858561179808939e-01,  1.4913272388303048e+02
    49,  4.4571e+00,  7.4015885107657386e-01,  1.7312151685741767e-03,  4.3616850211058670e-07, -7.5230836403360324e-01, -3.0216623653106631e-04,  2.9004945074693933e-07,  1.2403656316664471e+00,  2.2858561179808939e-01,  1.4913272493124137e+02
    50,  4.5439e+00,  7.4015885107657386e-01,  1.7312002674129828e-03,  4.5106966330443436e-07, -7.5230836403360324e-01, -3.0216623653106631e-04,  2.9004945074693933e-07,  1.2403656316664471e+00,  2.2858561179808939e-01,  1.4913273506828213e+02
    51,  4.6295e+00,  7.4015885107657386e-01,  1.7312002674129828e-03,  4.3616850211058670e-07, -7.5230837893476443e-01, -3.0216623653106631e-04,  2.9004945074693933e-07,  1.2403656316664471e+00,  2.2858561179808939e-01,  1.4913272619272141e+02
    52,  4.7142e+00,  7.4015885107657386e-01,  1.7312002674129828e-03,  4.3616850211058670e-07, -7.5230836403360324e-01, -3.0218113769226015e-04,  2.9004945074693933e-07,  1.2403656316664471e+00,  2.2858561179808939e-01,  1.4913272304549631e+02
    53,  4.7999e+00,  7.4015885107657386e-01,  1.7312002674129828e-03,  4.3616850211058670e-07, -7.5230836403360324e-01, -3.0216623653106631e-04,  3.0495061194078698e-07,  1.2403656316664471e+00,  2.2858561179808939e-01,  1.4913273767332564e+02
    54,  4.8898e+00,  7.4015885107657386e-01,  1.7312002674129828e-03,  4.3616850211058670e-07, -7.5230836403360324e-01, -3.0216623653106631e-04,  2.9004945074693933e-07,  1.2403656501493352e+00,  2.2858561179808939e-01,  1.4913272353793417e+02
    55,  4.9778e+00,  7.4015885107657386e-01,  1.7312002674129828e-03,  4.3616850211058670e-07, -7.5230836403360324e-01, -3.0216623653106631e-04,  2.9004945074693933e-07,  1.2403656316664471e+00,  2.2858562669925059e-01,  1.4913272554603805e+02
