Problem type:
least_squares
nparams:
14
function_evaluation,seconds,x(0),x(1),x(2),x(3),x(4),x(5),x(6),x(7),x(8),x(9),x(10),x(11),x(12),x(13),objective_function
     0,  1.3702e-01,  7.4016497823490224e-01,  1.7314728336916595e-03, -1.0867431935506503e-05,  1.7857902268928888e-05, -9.3532073714922833e-09,  0.0000000000000000e+00, -7.5230373494524616e-01, -3.0981838439301601e-04, -2.5320344162849222e-05, -2.7059101734076360e-05, -1.7364184754042267e-08,  0.0000000000000000e+00,  1.2403698889201387e+00,  2.2858454168002887e-01,  2.1966952195419424e+02
     1,  2.9476e-01,  7.4016499313606343e-01,  1.7314728336916595e-03, -1.0867431935506503e-05,  1.7857902268928888e-05, -9.3532073714922833e-09,  0.0000000000000000e+00, -7.5230373494524616e-01, -3.0981838439301601e-04, -2.5320344162849222e-05, -2.7059101734076360e-05, -1.7364184754042267e-08,  0.0000000000000000e+00,  1.2403698889201387e+00,  2.2858454168002887e-01,  2.1966951853093221e+02
     2,  4.4810e-01,  7.4016497823490224e-01,  1.7314877348528534e-03, -1.0867431935506503e-05,  1.7857902268928888e-05, -9.3532073714922833e-09,  0.0000000000000000e+00, -7.5230373494524616e-01, -3.0981838439301601e-04, -2.5320344162849222e-05, -2.7059101734076360e-05, -1.7364184754042267e-08,  0.0000000000000000e+00,  1.2403698889201387e+00,  2.2858454168002887e-01,  2.1966950977675006e+02
     3,  5.9879e-01,  7.4016497823490224e-01,  1.7314728336916595e-03, -1.0882333096700350e-05,  1.7857902268928888e-05, -9.3532073714922833e-09,  0.0000000000000000e+00, -7.5230373494524616e-01, -3.0981838439301601e-04, -2.5320344162849222e-05, -2.7059101734076360e-05, -1.7364184754042267e-08,  0.0000000000000000e+00,  1.2403698889201387e+00,  2.2858454168002887e-01,  2.1966953842996921e+02
     4,  7.4877e-01,  7.4016497823490224e-01,  1.7314728336916595e-03, -1.0867431935506503e-05,  1.7872803430122735e-05, -9.3532073714922833e-09,  0.0000000000000000e+00, -7.5230373494524616e-01, -3.0981838439301601e-04, -2.5320344162849222e-05, -2.7059101734076360e-05, -1.7364184754042267e-08,  0.0000000000000000e+00,  1.2403698889201387e+00,  2.2858454168002887e-01,  2.1966954714738765e+02
     5,  9.0043e-01,  7.4016497823490224e-01,  1.7314728336916595e-03, -1.0867431935506503e-05,  1.7857902268928888e-05, -2.4254368565339940e-08,  0.0000000000000000e+00, -7.5230373494524616e-01, -3.0981838439301601e-04, -2.5320344162849222e-05, -2.7059101734076360e-05, -1.7364184754042267e-08,  0.0000000000000000e+00,  1.2403698889201387e+00,  2.2858454168002887e-01,  2.1966949469414243e+02
     6,  1.0577e+00,  7.4016497823490224e-01,  1.7314728336916595e-03, -1.0867431935506503e-05,  1.7857902268928888e-05, -9.3532073714922833e-09,  1.4901161193847656e-08, -7.5230373494524616e-01, -3.0981838439301601e-04, -2.5320344162849222e-05, -2.7059101734076360e-05, -1.7364184754042267e-08,  0.0000000000000000e+00,  1.2403698889201387e+00,  2.2858454168002887e-01,  2.1966936076737684e+02
     7,  1.2117e+00,  7.4016497823490224e-01,  1.7314728336916595e-03, -1.0867431935506503e-05,  1.7857902268928888e-05, -9.3532073714922833e-09,  0.0000000000000000e+00, -7.5230374984640735e-01, -3.0981838439301601e-04, -2.5320344162849222e-05, -2.7059101734076360e-05, -1.7364184754042267e-08,  0.0000000000000000e+00,  1.2403698889201387e+00,  2.2858454168002887e-01,  2.1966952476645164e+02
     8,  1.3622e+00,  7.4016497823490224e-01,  1.7314728336916595e-03, -1.0867431935506503e-05,  1.7857902268928888e-05, -9.3532073714922833e-09,  0.0000000000000000e+00, -7.5230373494524616e-01, -3.0983328555420986e-04, -2.5320344162849222e-05, -2.7059101734076360e-05, -1.7364184754042267e-08,  0.0000000000000000e+00,  1.2403698889201387e+00,  2.2858454168002887e-01,  2.1966953154527300e+02
     9,  1.5109e+00,  7.4016497823490224e-01,  1.7314728336916595e-03, -1.0867431935506503e-05,  1.7857902268928888e-05, -9.3532073714922833e-09,  0.0000000000000000e+00, -7.5230373494524616e-01, -3.0981838439301601e-04, -2.5335245324043070e-05, -2.7059101734076360e-05, -1.7364184754042267e-08,  0.0000000000000000e+00,  1.2403698889201387e+00,  2.2858454168002887e-01,  2.1966953100395864e+02
    10,  1.6582e+00,  7.4016497823490224e-01,  1.7314728336916595e-03, -1.0867431935506503e-05,  1.7857902268928888e-05, -9.3532073714922833e-09,  0.0000000000000000e+00, -7.5230373494524616e-01, -3.0981838439301601e-04, -2.5320344162849222e-05, -2.7074002895270207e-05, -1.7364184754042267e-08,  0.0000000000000000e+00,  1.2403698889201387e+00,  2.2858454168002887e-01,  2.1966946466220861e+02
    11,  1.8054e+00,  7.4016497823490224e-01,  1.7314728336916595e-03, -1.0867431935506503e-05,  1.7857902268928888e-05, -9.3532073714922833e-09,  0.0000000000000000e+00, -7.5230373494524616e-01, -3.0981838439301601e-04, -2.5320344162849222e-05, -2.7059101734076360e-05, -3.2265345947889927e-08,  0.0000000000000000e+00,  1.2403698889201387e+00,  2.2858454168002887e-01,  2.1966946247066721e+02
    12,  1.9524e+00,  7.4016497823490224e-01,  1.7314728336916595e-03, -1.0867431935506503e-05,  1.7857902268928888e-05, -9.3532073714922833e-09,  0.0000000000000000e+00, -7.5230373494524616e-01, -3.0981838439301601e-04, -2.5320344162849222e-05, -2.7059101734076360e-05, -1.7364184754042267e-08,  1.4901161193847656e-08,  1.2403698889201387e+00,  2.2858454168002887e-01,  2.1966926131966591e+02
    13,  2.1030e+00,  7.4016497823490224e-01,  1.7314728336916595e-03, -1.0867431935506503e-05,  1.7857902268928888e-05, -9.3532073714922833e-09,  0.0000000000000000e+00, -7.5230373494524616e-01, -3.0981838439301601e-04, -2.5320344162849222e-05, -2.7059101734076360e-05, -1.7364184754042267e-08,  0.0000000000000000e+00,  1.2403699074030903e+00,  2.2858454168002887e-01,  2.1966952054053414e+02
    14,  2.2467e+00,  7.4016497823490224e-01,  1.7314728336916595e-03, -1.0867431935506503e-05,  1.7857902268928888e-05, -9.3532073714922833e-09,  0.0000000000000000e+00, -7.5230373494524616e-01, -3.0981838439301601e-04, -2.5320344162849222e-05, -2.7059101734076360e-05, -1.7364184754042267e-08,  0.0000000000000000e+00,  1.2403698889201387e+00,  2.2858455658119006e-01,  2.1966952207443111e+02
    15,  2.4200e+00,  7.5552030518984803e-01,  9.8982203950158387e-03, -5.8483318574158423e-03,  7.3927849756644081e-03, -9.4480318395609366e-04,  4.5001586899182908e-04, -7.0660104417038372e-01, -1.5945796817637130e-02,  8.9446108430084360e-03, -8.4525793938734599e-03,  8.8674099187924249e-04, -3.2372753560094109e-04,  1.3213864161899924e+00,  2.2539008142268982e-01,  3.3444866491020019e+02
    16,  2.5580e+00,  7.5166606340057762e-01,  1.0773227803958153e-02,  2.0254518642235870e-03,  3.3895367919224788e-03,  1.9703387571045057e-04,  6.7101920819596646e-05, -7.3858675080648550e-01, -9.6328941789779847e-03, -1.6135137612022124e-03, -3.6709825742238123e-03, -2.5492739921849578e-04,  4.8072361576748140e-05,  1.2483802070525885e+00,  2.2613037356105475e-01,  2.4926099344077048e+02
    17,  2.7066e+00,  7.4310120790981737e-01,  3.5531192917257321e-03,  1.9441396076438470e-03,  1.3521302414054681e-03,  5.1691087813106567e-04, -1.1190872200925134e-04, -7.4906350865134497e-01, -8.4316181856990331e-04, -2.4647743403671675e-03, -1.2813425314137110e-03, -5.6149344250138442e-04,  2.1215494709557117e-04,  1.2410207781450096e+00,  2.2850485331286768e-01,  2.2855748414383700e+02
    18,  2.8515e+00,  7.4070036922597149e-01,  2.2517616320926743e-03,  4.1441951867298571e-04,  6.3188005459471951e-04,  2.7524053856010298e-04, -7.4985906299889561e-05, -7.5177548360277402e-01, -1.1580622619531967e-04, -5.3721911556491996e-04, -6.5455286138410161e-04, -3.1612643386933560e-04,  1.7224484317223209e-04,  1.2404636323789264e+00,  2.2858140646367889e-01,  2.2484615788687864e+02
    19,  3.0028e+00,  7.4022707279554512e-01,  1.8559508581847835e-03,  9.1382840377012445e-05,  1.3407499098789759e-04,  7.9104164408312221e-05, -3.6919242172578090e-05, -7.5224591127922824e-01, -2.2681114975014202e-04, -4.6122083347150602e-05, -2.4394226110054437e-04, -1.2779535917481526e-04,  1.3802766682438625e-04,  1.2403840279690184e+00,  2.2858374791456426e-01,  2.2442235489890950e+02
    20,  3.1488e+00,  7.4016892205455409e-01,  1.7422581682784730e-03,  3.3389694577508110e-06,  6.5557512933492903e-06,  1.5806463501876076e-06,  1.0449605789308434e-05, -7.5230024969793674e-01, -3.0184528561248448e-04, -1.9332307758544425e-05, -6.7459204031714002e-05, -2.7170593305896596e-05,  7.7189804934034000e-05,  1.2403709684340471e+00,  2.2858445800835533e-01,  2.2195819213113884e+02
    21,  3.2935e+00,  7.4016532632006138e-01,  1.7326179295921182e-03, -9.2856808594765509e-06,  1.5594605051796439e-05, -1.6729132777696104e-06,  1.0466686928979910e-05, -7.5230344210223554e-01, -3.0893096213158562e-04, -2.4482616213683460e-05, -3.2358776090212445e-05, -4.7927644326332789e-06,  1.9735716897688704e-05,  1.2403699978814204e+00,  2.2858453109918261e-01,  2.1985401299831702e+02
    22,  3.4440e+00,  7.4016504651953419e-01,  1.7317109841201721e-03, -1.0543266764034138e-05,  1.7369000751607506e-05, -4.9530916876249393e-07,  2.9072196439254200e-06, -7.5230367849823487e-01, -3.0963155011154707e-04, -2.5143730334211330e-05, -2.8176676783005932e-05, -1.1381780242695980e-06,  4.8519036943494368e-06,  1.2403699112987880e+00,  2.2858453936610754e-01,  2.1963965931263220e+02
    23,  3.5957e+00,  7.4016506142069538e-01,  1.7317109841201721e-03, -1.0543266764034138e-05,  1.7369000751607506e-05, -4.9530916876249393e-07,  2.9072196439254200e-06, -7.5230367849823487e-01, -3.0963155011154707e-04, -2.5143730334211330e-05, -2.8176676783005932e-05, -1.1381780242695980e-06,  4.8519036943494368e-06,  1.2403699112987880e+00,  2.2858453936610754e-01,  2.1963965633314913e+02
    24,  3.7451e+00,  7.4016504651953419e-01,  1.7317258852813659e-03, -1.0543266764034138e-05,  1.7369000751607506e-05, -4.9530916876249393e-07,  2.9072196439254200e-06, -7.5230367849823487e-01, -3.0963155011154707e-04, -2.5143730334211330e-05, -2.8176676783005932e-05, -1.1381780242695980e-06,  4.8519036943494368e-06,  1.2403699112987880e+00,  2.2858453936610754e-01,  2.1963965450816639e+02
    25,  3.8956e+00,  7.4016504651953419e-01,  1.7317109841201721e-03, -1.0558167925227986e-05,  1.7369000751607506e-05, -4.9530916876249393e-07,  2.9072196439254200e-06, -7.5230367849823487e-01, -3.0963155011154707e-04, -2.5143730334211330e-05, -2.8176676783005932e-05, -1.1381780242695980e-06,  4.8519036943494368e-06,  1.2403699112987880e+00,  2.2858453936610754e-01,  2.1963968067574706e+02
    26,  4.0508e+00,  7.4016504651953419e-01,  1.7317109841201721e-03, -1.0543266764034138e-05,  1.7383901912801353e-05, -4.9530916876249393e-07,  2.9072196439254200e-06, -7.5230367849823487e-01, -3.0963155011154707e-04, -2.5143730334211330e-05, -2.8176676783005932e-05, -1.1381780242695980e-06,  4.8519036943494368e-06,  1.2403699112987880e+00,  2.2858453936610754e-01,  2.1963963344708705e+02
    27,  4.2024e+00,  7.4016504651953419e-01,  1.7317109841201721e-03, -1.0543266764034138e-05,  1.7369000751607506e-05, -5.1021032995634159e-07,  2.9072196439254200e-06, -7.5230367849823487e-01, -3.0963155011154707e-04, -2.5143730334211330e-05, -2.8176676783005932e-05, -1.1381780242695980e-06,  4.8519036943494368e-06,  1.2403699112987880e+00,  2.2858453936610754e-01,  2.1963968753752798e+02
    28,  4.3532e+00,  7.4016504651953419e-01,  1.7317109841201721e-03, -1.0543266764034138e-05,  1.7369000751607506e-05, -4.9530916876249393e-07,  2.9221208051192677e-06, -7.5230367849823487e-01, -3.0963155011154707e-04, -2.5143730334211330e-05, -2.8176676783005932e-05, -1.1381780242695980e-06,  4.8519036943494368e-06,  1.2403699112987880e+00,  2.2858453936610754e-01,  2.1963967099111312e+02
    29,  4.5018e+00,  7.4016504651953419e-01,  1.7317109841201721e-03, -1.0543266764034138e-05,  1.7369000751607506e-05, -4.9530916876249393e-07,  2.9072196439254200e-06, -7.5230369339939607e-01, -3.0963155011154707e-04, -2.5143730334211330e-05, -2.8176676783005932e-05, -1.1381780242695980e-06,  4.8519036943494368e-06,  1.2403699112987880e+00,  2.2858453936610754e-01,  2.1963966141370872e+02
    30,  4.6540e+00,  7.4016504651953419e-01,  1.7317109841201721e-03, -1.0543266764034138e-05,  1.7369000751607506e-05, -4.9530916876249393e-07,  2.9072196439254200e-06, -7.5230367849823487e-01, -3.0964645127274092e-04, -2.5143730334211330e-05, -2.8176676783005932e-05, -1.1381780242695980e-06,  4.8519036943494368e-06,  1.2403699112987880e+00,  2.2858453936610754e-01,  2.1963966151616839e+02
    31,  4.8114e+00,  7.4016504651953419e-01,  1.7317109841201721e-03, -1.0543266764034138e-05,  1.7369000751607506e-05, -4.9530916876249393e-07,  2.9072196439254200e-06, -7.5230367849823487e-01, -3.0963155011154707e-04, -2.5158631495405178e-05, -2.8176676783005932e-05, -1.1381780242695980e-06,  4.8519036943494368e-06,  1.2403699112987880e+00,  2.2858453936610754e-01,  2.1963967324912022e+02
    32,  4.9631e+00,  7.4016504651953419e-01,  1.7317109841201721e-03, -1.0543266764034138e-05,  1.7369000751607506e-05, -4.9530916876249393e-07,  2.9072196439254200e-06, -7.5230367849823487e-01, -3.0963155011154707e-04, -2.5143730334211330e-05, -2.8191577944199780e-05, -1.1381780242695980e-06,  4.8519036943494368e-06,  1.2403699112987880e+00,  2.2858453936610754e-01,  2.1963966153351348e+02
    33,  5.1239e+00,  7.4016504651953419e-01,  1.7317109841201721e-03, -1.0543266764034138e-05,  1.7369000751607506e-05, -4.9530916876249393e-07,  2.9072196439254200e-06, -7.5230367849823487e-01, -3.0963155011154707e-04, -2.5143730334211330e-05, -2.8176676783005932e-05, -1.1530791854634456e-06,  4.8519036943494368e-06,  1.2403699112987880e+00,  2.2858453936610754e-01,  2.1963964240903329e+02
    34,  5.2893e+00,  7.4016504651953419e-01,  1.7317109841201721e-03, -1.0543266764034138e-05,  1.7369000751607506e-05, -4.9530916876249393e-07,  2.9072196439254200e-06, -7.5230367849823487e-01, -3.0963155011154707e-04, -2.5143730334211330e-05, -2.8176676783005932e-05, -1.1381780242695980e-06,  4.8668048555432845e-06,  1.2403699112987880e+00,  2.2858453936610754e-01,  2.1963966477792661e+02
    35,  5.4452e+00,  7.4016504651953419e-01,  1.7317109841201721e-03, -1.0543266764034138e-05,  1.7369000751607506e-05, -4.9530916876249393e-07,  2.9072196439254200e-06, -7.5230367849823487e-01, -3.0963155011154707e-04, -2.5143730334211330e-05, -2.8176676783005932e-05, -1.1381780242695980e-06,  4.8519036943494368e-06,  1.2403699297817401e+00,  2.2858453936610754e-01,  2.1963965766320695e+02
    36,  5.5996e+00,  7.4016504651953419e-01,  1.7317109841201721e-03, -1.0543266764034138e-05,  1.7369000751607506e-05, -4.9530916876249393e-07,  2.9072196439254200e-06, -7.5230367849823487e-01, -3.0963155011154707e-04, -2.5143730334211330e-05, -2.8176676783005932e-05, -1.1381780242695980e-06,  4.8519036943494368e-06,  1.2403699112987880e+00,  2.2858455426726873e-01,  2.1963965953334005e+02
    37,  5.7881e+00,  7.4016513376891568e-01,  1.7318515290955588e-03, -9.9195709026562832e-06,  1.8123415390760521e-05,  3.2295412799384234e-07,  2.5901688136947039e-06, -7.5230361691151992e-01, -3.0956711571898139e-04, -2.4737376758767224e-05, -2.8113547779586522e-05, -1.6369720896194808e-06,  4.7191866666821234e-06,  1.2403699501805074e+00,  2.2858453291818900e-01,  2.1963459467962883e+02
    38,  5.9488e+00,  7.4016514867007688e-01,  1.7318515290955588e-03, -9.9195709026562832e-06,  1.8123415390760521e-05,  3.2295412799384234e-07,  2.5901688136947039e-06, -7.5230361691151992e-01, -3.0956711571898139e-04, -2.4737376758767224e-05, -2.8113547779586522e-05, -1.6369720896194808e-06,  4.7191866666821234e-06,  1.2403699501805074e+00,  2.2858453291818900e-01,  2.1963459169775612e+02
    39,  6.1070e+00,  7.4016513376891568e-01,  1.7318664302567526e-03, -9.9195709026562832e-06,  1.8123415390760521e-05,  3.2295412799384234e-07,  2.5901688136947039e-06, -7.5230361691151992e-01, -3.0956711571898139e-04, -2.4737376758767224e-05, -2.8113547779586522e-05, -1.6369720896194808e-06,  4.7191866666821234e-06,  1.2403699501805074e+00,  2.2858453291818900e-01,  2.1963458989195163e+02
    40,  6.2574e+00,  7.4016513376891568e-01,  1.7318515290955588e-03, -9.9344720638501309e-06,  1.8123415390760521e-05,  3.2295412799384234e-07,  2.5901688136947039e-06, -7.5230361691151992e-01, -3.0956711571898139e-04, -2.4737376758767224e-05, -2.8113547779586522e-05, -1.6369720896194808e-06,  4.7191866666821234e-06,  1.2403699501805074e+00,  2.2858453291818900e-01,  2.1963461599876695e+02
    41,  6.4098e+00,  7.4016513376891568e-01,  1.7318515290955588e-03, -9.9195709026562832e-06,  1.8138316551954369e-05,  3.2295412799384234e-07,  2.5901688136947039e-06, -7.5230361691151992e-01, -3.0956711571898139e-04, -2.4737376758767224e-05, -2.8113547779586522e-05, -1.6369720896194808e-06,  4.7191866666821234e-06,  1.2403699501805074e+00,  2.2858453291818900e-01,  2.1963456871691341e+02
    42,  6.5668e+00,  7.4016513376891568e-01,  1.7318515290955588e-03, -9.9195709026562832e-06,  1.8123415390760521e-05,  3.3785528918769000e-07,  2.5901688136947039e-06, -7.5230361691151992e-01, -3.0956711571898139e-04, -2.4737376758767224e-05, -2.8113547779586522e-05, -1.6369720896194808e-06,  4.7191866666821234e-06,  1.2403699501805074e+00,  2.2858453291818900e-01,  2.1963456722822326e+02
    43,  6.7236e+00,  7.4016513376891568e-01,  1.7318515290955588e-03, -9.9195709026562832e-06,  1.8123415390760521e-05,  3.2295412799384234e-07,  2.6050699748885515e-06, -7.5230361691151992e-01, -3.0956711571898139e-04, -2.4737376758767224e-05, -2.8113547779586522e-05, -1.6369720896194808e-06,  4.7191866666821234e-06,  1.2403699501805074e+00,  2.2858453291818900e-01,  2.1963460531574455e+02
    44,  6.8781e+00,  7.4016513376891568e-01,  1.7318515290955588e-03, -9.9195709026562832e-06,  1.8123415390760521e-05,  3.2295412799384234e-07,  2.5901688136947039e-06, -7.5230363181268112e-01, -3.0956711571898139e-04, -2.4737376758767224e-05, -2.8113547779586522e-05, -1.6369720896194808e-06,  4.7191866666821234e-06,  1.2403699501805074e+00,  2.2858453291818900e-01,  2.1963459678456013e+02
    45,  7.0357e+00,  7.4016513376891568e-01,  1.7318515290955588e-03, -9.9195709026562832e-06,  1.8123415390760521e-05,  3.2295412799384234e-07,  2.5901688136947039e-06, -7.5230361691151992e-01, -3.0958201688017524e-04, -2.4737376758767224e-05, -2.8113547779586522e-05, -1.6369720896194808e-06,  4.7191866666821234e-06,  1.2403699501805074e+00,  2.2858453291818900e-01,  2.1963459686606879e+02
    46,  7.1927e+00,  7.4016513376891568e-01,  1.7318515290955588e-03, -9.9195709026562832e-06,  1.8123415390760521e-05,  3.2295412799384234e-07,  2.5901688136947039e-06, -7.5230361691151992e-01, -3.0956711571898139e-04, -2.4752277919961072e-05, -2.8113547779586522e-05, -1.6369720896194808e-06,  4.7191866666821234e-06,  1.2403699501805074e+00,  2.2858453291818900e-01,  2.1963460857354275e+02
    47,  7.3470e+00,  7.4016513376891568e-01,  1.7318515290955588e-03, -9.9195709026562832e-06,  1.8123415390760521e-05,  3.2295412799384234e-07,  2.5901688136947039e-06, -7.5230361691151992e-01, -3.0956711571898139e-04, -2.4737376758767224e-05, -2.8128448940780370e-05, -1.6369720896194808e-06,  4.7191866666821234e-06,  1.2403699501805074e+00,  2.2858453291818900e-01,  2.1963459708023049e+02
    48,  7.5011e+00,  7.4016513376891568e-01,  1.7318515290955588e-03, -9.9195709026562832e-06,  1.8123415390760521e-05,  3.2295412799384234e-07,  2.5901688136947039e-06, -7.5230361691151992e-01, -3.0956711571898139e-04, -2.4737376758767224e-05, -2.8113547779586522e-05, -1.6518732508133284e-06,  4.7191866666821234e-06,  1.2403699501805074e+00,  2.2858453291818900e-01,  2.1963457720732885e+02
    49,  7.6549e+00,  7.4016513376891568e-01,  1.7318515290955588e-03, -9.9195709026562832e-06,  1.8123415390760521e-05,  3.2295412799384234e-07,  2.5901688136947039e-06, -7.5230361691151992e-01, -3.0956711571898139e-04, -2.4737376758767224e-05, -2.8113547779586522e-05, -1.6369720896194808e-06,  4.7340878278759711e-06,  1.2403699501805074e+00,  2.2858453291818900e-01,  2.1963459923029566e+02
    50,  7.8110e+00,  7.4016513376891568e-01,  1.7318515290955588e-03, -9.9195709026562832e-06,  1.8123415390760521e-05,  3.2295412799384234e-07,  2.5901688136947039e-06, -7.5230361691151992e-01, -3.0956711571898139e-04, -2.4737376758767224e-05, -2.8113547779586522e-05, -1.6369720896194808e-06,  4.7191866666821234e-06,  1.2403699686634599e+00,  2.2858453291818900e-01,  2.1963459303082684e+02
    51,  7.9662e+00,  7.4016513376891568e-01,  1.7318515290955588e-03, -9.9195709026562832e-06,  1.8123415390760521e-05,  3.2295412799384234e-07,  2.5901688136947039e-06, -7.5230361691151992e-01, -3.0956711571898139e-04, -2.4737376758767224e-05, -2.8113547779586522e-05, -1.6369720896194808e-06,  4.7191866666821234e-06,  1.2403699501805074e+00,  2.2858454781935020e-01,  2.1963459490004254e+02
    52,  8.1599e+00,  7.4016531126119389e-01,  1.7321359782808677e-03, -8.6581587342815215e-06,  1.9656606765536625e-05,  1.9287155153123666e-06,  2.0388964594451015e-06, -7.5230349138569030e-01, -3.0943729033993701e-04, -2.3917420193283117e-05, -2.7978486202898294e-05, -2.6877891155178949e-06,  4.5403975942977915e-06,  1.2403700290769342e+00,  2.2858451985636113e-01,  2.1962459709832825e+02
    53,  8.3273e+00,  7.4016532616235509e-01,  1.7321359782808677e-03, -8.6581587342815215e-06,  1.9656606765536625e-05,  1.9287155153123666e-06,  2.0388964594451015e-06, -7.5230349138569030e-01, -3.0943729033993701e-04, -2.3917420193283117e-05, -2.7978486202898294e-05, -2.6877891155178949e-06,  4.5403975942977915e-06,  1.2403700290769342e+00,  2.2858451985636113e-01,  2.1962459411271564e+02
    54,  8.4984e+00,  7.4016531126119389e-01,  1.7321508794420615e-03, -8.6581587342815215e-06,  1.9656606765536625e-05,  1.9287155153123666e-06,  2.0388964594451015e-06, -7.5230349138569030e-01, -3.0943729033993701e-04, -2.3917420193283117e-05, -2.7978486202898294e-05, -2.6877891155178949e-06,  4.5403975942977915e-06,  1.2403700290769342e+00,  2.2858451985636113e-01,  2.1962459233904801e+02
    55,  8.6608e+00,  7.4016531126119389e-01,  1.7321359782808677e-03, -8.6730598954753692e-06,  1.9656606765536625e-05,  1.9287155153123666e-06,  2.0388964594451015e-06, -7.5230349138569030e-01, -3.0943729033993701e-04, -2.3917420193283117e-05, -2.7978486202898294e-05, -2.6877891155178949e-06,  4.5403975942977915e-06,  1.2403700290769342e+00,  2.2858451985636113e-01,  2.1962461832792647e+02
    56,  8.8312e+00,  7.4016531126119389e-01,  1.7321359782808677e-03, -8.6581587342815215e-06,  1.9671507926730473e-05,  1.9287155153123666e-06,  2.0388964594451015e-06, -7.5230349138569030e-01, -3.0943729033993701e-04, -2.3917420193283117e-05, -2.7978486202898294e-05, -2.6877891155178949e-06,  4.5403975942977915e-06,  1.2403700290769342e+00,  2.2858451985636113e-01,  2.1962457101247782e+02
    57,  8.9929e+00,  7.4016531126119389e-01,  1.7321359782808677e-03, -8.6581587342815215e-06,  1.9656606765536625e-05,  1.9436166765062143e-06,  2.0388964594451015e-06, -7.5230349138569030e-01, -3.0943729033993701e-04, -2.3917420193283117e-05, -2.7978486202898294e-05, -2.6877891155178949e-06,  4.5403975942977915e-06,  1.2403700290769342e+00,  2.2858451985636113e-01,  2.1962457090335317e+02
    58,  9.1501e+00,  7.4016531126119389e-01,  1.7321359782808677e-03, -8.6581587342815215e-06,  1.9656606765536625e-05,  1.9287155153123666e-06,  2.0537976206389491e-06, -7.5230349138569030e-01, -3.0943729033993701e-04, -2.3917420193283117e-05, -2.7978486202898294e-05, -2.6877891155178949e-06,  4.5403975942977915e-06,  1.2403700290769342e+00,  2.2858451985636113e-01,  2.1962460614161981e+02
    59,  9.3083e+00,  7.4016531126119389e-01,  1.7321359782808677e-03, -8.6581587342815215e-06,  1.9656606765536625e-05,  1.9287155153123666e-06,  2.0388964594451015e-06, -7.5230350628685150e-01, -3.0943729033993701e-04, -2.3917420193283117e-05, -2.7978486202898294e-05, -2.6877891155178949e-06,  4.5403975942977915e-06,  1.2403700290769342e+00,  2.2858451985636113e-01,  2.1962459920953933e+02
    60,  9.4806e+00,  7.4016531126119389e-01,  1.7321359782808677e-03, -8.6581587342815215e-06,  1.9656606765536625e-05,  1.9287155153123666e-06,  2.0388964594451015e-06, -7.5230349138569030e-01, -3.0945219150113086e-04, -2.3917420193283117e-05, -2.7978486202898294e-05, -2.6877891155178949e-06,  4.5403975942977915e-06,  1.2403700290769342e+00,  2.2858451985636113e-01,  2.1962459925562962e+02
    61,  9.6417e+00,  7.4016531126119389e-01,  1.7321359782808677e-03, -8.6581587342815215e-06,  1.9656606765536625e-05,  1.9287155153123666e-06,  2.0388964594451015e-06, -7.5230349138569030e-01, -3.0943729033993701e-04, -2.3932321354476965e-05, -2.7978486202898294e-05, -2.6877891155178949e-06,  4.5403975942977915e-06,  1.2403700290769342e+00,  2.2858451985636113e-01,  2.1962461090735556e+02
    62,  9.8069e+00,  7.4016531126119389e-01,  1.7321359782808677e-03, -8.6581587342815215e-06,  1.9656606765536625e-05,  1.9287155153123666e-06,  2.0388964594451015e-06, -7.5230349138569030e-01, -3.0943729033993701e-04, -2.3917420193283117e-05, -2.7993387364092142e-05, -2.6877891155178949e-06,  4.5403975942977915e-06,  1.2403700290769342e+00,  2.2858451985636113e-01,  2.1962459977623709e+02
    63,  9.9666e+00,  7.4016531126119389e-01,  1.7321359782808677e-03, -8.6581587342815215e-06,  1.9656606765536625e-05,  1.9287155153123666e-06,  2.0388964594451015e-06, -7.5230349138569030e-01, -3.0943729033993701e-04, -2.3917420193283117e-05, -2.7978486202898294e-05, -2.7026902767117426e-06,  4.5403975942977915e-06,  1.2403700290769342e+00,  2.2858451985636113e-01,  2.1962457875988559e+02
    64,  1.0127e+01,  7.4016531126119389e-01,  1.7321359782808677e-03, -8.6581587342815215e-06,  1.9656606765536625e-05,  1.9287155153123666e-06,  2.0388964594451015e-06, -7.5230349138569030e-01, -3.0943729033993701e-04, -2.3917420193283117e-05, -2.7978486202898294e-05, -2.6877891155178949e-06,  4.5552987554916392e-06,  1.2403700290769342e+00,  2.2858451985636113e-01,  2.1962460015720043e+02
    65,  1.0286e+01,  7.4016531126119389e-01,  1.7321359782808677e-03, -8.6581587342815215e-06,  1.9656606765536625e-05,  1.9287155153123666e-06,  2.0388964594451015e-06, -7.5230349138569030e-01, -3.0943729033993701e-04, -2.3917420193283117e-05, -2.7978486202898294e-05, -2.6877891155178949e-06,  4.5403975942977915e-06,  1.2403700475598880e+00,  2.2858451985636113e-01,  2.1962459545044211e+02
    66,  1.0447e+01,  7.4016531126119389e-01,  1.7321359782808677e-03, -8.6581587342815215e-06,  1.9656606765536625e-05,  1.9287155153123666e-06,  2.0388964594451015e-06, -7.5230349138569030e-01, -3.0943729033993701e-04, -2.3917420193283117e-05, -2.7978486202898294e-05, -2.6877891155178949e-06,  4.5403975942977915e-06,  1.2403700290769342e+00,  2.2858453475752233e-01,  2.1962459731819669e+02
    67,  1.0640e+01,  7.4016567478009054e-01,  1.7327136459609775e-03, -6.1037330981061554e-06,  2.2783725401622429e-05,  5.0299656640506171e-06,  1.1623670669272087e-06, -7.5230323345426875e-01, -3.0917561174382684e-04, -2.2264522758953013e-05, -2.7684899179097589e-05, -4.9379255636223899e-06,  4.4370303680293726e-06,  1.2403701899787840e+00,  2.2858449330149203e-01,  2.1960523203097245e+02
    68,  1.0802e+01,  7.4016568968125174e-01,  1.7327136459609775e-03, -6.1037330981061554e-06,  2.2783725401622429e-05,  5.0299656640506171e-06,  1.1623670669272087e-06, -7.5230323345426875e-01, -3.0917561174382684e-04, -2.2264522758953013e-05, -2.7684899179097589e-05, -4.9379255636223899e-06,  4.4370303680293726e-06,  1.2403701899787840e+00,  2.2858449330149203e-01,  2.1960522899072666e+02
    69,  1.0963e+01,  7.4016567478009054e-01,  1.7327285471221714e-03, -6.1037330981061554e-06,  2.2783725401622429e-05,  5.0299656640506171e-06,  1.1623670669272087e-06, -7.5230323345426875e-01, -3.0917561174382684e-04, -2.2264522758953013e-05, -2.7684899179097589e-05, -4.9379255636223899e-06,  4.4370303680293726e-06,  1.2403701899787840e+00,  2.2858449330149203e-01,  2.1960522817980265e+02
    70,  1.1123e+01,  7.4016567478009054e-01,  1.7327136459609775e-03, -6.1186342593000030e-06,  2.2783725401622429e-05,  5.0299656640506171e-06,  1.1623670669272087e-06, -7.5230323345426875e-01, -3.0917561174382684e-04, -2.2264522758953013e-05, -2.7684899179097589e-05, -4.9379255636223899e-06,  4.4370303680293726e-06,  1.2403701899787840e+00,  2.2858449330149203e-01,  2.1960525088590674e+02
    71,  1.1280e+01,  7.4016567478009054e-01,  1.7327136459609775e-03, -6.1037330981061554e-06,  2.2798626562816276e-05,  5.0299656640506171e-06,  1.1623670669272087e-06, -7.5230323345426875e-01, -3.0917561174382684e-04, -2.2264522758953013e-05, -2.7684899179097589e-05, -4.9379255636223899e-06,  4.4370303680293726e-06,  1.2403701899787840e+00,  2.2858449330149203e-01,  2.1960520356779841e+02
    72,  1.1445e+01,  7.4016567478009054e-01,  1.7327136459609775e-03, -6.1037330981061554e-06,  2.2783725401622429e-05,  5.0448668252444647e-06,  1.1623670669272087e-06, -7.5230323345426875e-01, -3.0917561174382684e-04, -2.2264522758953013e-05, -2.7684899179097589e-05, -4.9379255636223899e-06,  4.4370303680293726e-06,  1.2403701899787840e+00,  2.2858449330149203e-01,  2.1960519245874227e+02
    73,  1.1611e+01,  7.4016567478009054e-01,  1.7327136459609775e-03, -6.1037330981061554e-06,  2.2783725401622429e-05,  5.0299656640506171e-06,  1.1772682281210563e-06, -7.5230323345426875e-01, -3.0917561174382684e-04, -2.2264522758953013e-05, -2.7684899179097589e-05, -4.9379255636223899e-06,  4.4370303680293726e-06,  1.2403701899787840e+00,  2.2858449330149203e-01,  2.1960522189360793e+02
    74,  1.1788e+01,  7.4016567478009054e-01,  1.7327136459609775e-03, -6.1037330981061554e-06,  2.2783725401622429e-05,  5.0299656640506171e-06,  1.1623670669272087e-06, -7.5230324835542994e-01, -3.0917561174382684e-04, -2.2264522758953013e-05, -2.7684899179097589e-05, -4.9379255636223899e-06,  4.4370303680293726e-06,  1.2403701899787840e+00,  2.2858449330149203e-01,  2.1960523417656316e+02
    75,  1.1952e+01,  7.4016567478009054e-01,  1.7327136459609775e-03, -6.1037330981061554e-06,  2.2783725401622429e-05,  5.0299656640506171e-06,  1.1623670669272087e-06, -7.5230323345426875e-01, -3.0919051290502069e-04, -2.2264522758953013e-05, -2.7684899179097589e-05, -4.9379255636223899e-06,  4.4370303680293726e-06,  1.2403701899787840e+00,  2.2858449330149203e-01,  2.1960523328476489e+02
    76,  1.2115e+01,  7.4016567478009054e-01,  1.7327136459609775e-03, -6.1037330981061554e-06,  2.2783725401622429e-05,  5.0299656640506171e-06,  1.1623670669272087e-06, -7.5230323345426875e-01, -3.0917561174382684e-04, -2.2279423920146861e-05, -2.7684899179097589e-05, -4.9379255636223899e-06,  4.4370303680293726e-06,  1.2403701899787840e+00,  2.2858449330149203e-01,  2.1960524340996704e+02
    77,  1.2283e+01,  7.4016567478009054e-01,  1.7327136459609775e-03, -6.1037330981061554e-06,  2.2783725401622429e-05,  5.0299656640506171e-06,  1.1623670669272087e-06, -7.5230323345426875e-01, -3.0917561174382684e-04, -2.2264522758953013e-05, -2.7699800340291436e-05, -4.9379255636223899e-06,  4.4370303680293726e-06,  1.2403701899787840e+00,  2.2858449330149203e-01,  2.1960523830823175e+02
    78,  1.2449e+01,  7.4016567478009054e-01,  1.7327136459609775e-03, -6.1037330981061554e-06,  2.2783725401622429e-05,  5.0299656640506171e-06,  1.1623670669272087e-06, -7.5230323345426875e-01, -3.0917561174382684e-04, -2.2264522758953013e-05, -2.7684899179097589e-05, -4.9528267248162376e-06,  4.4370303680293726e-06,  1.2403701899787840e+00,  2.2858449330149203e-01,  2.1960522928460915e+02
    79,  1.2614e+01,  7.4016567478009054e-01,  1.7327136459609775e-03, -6.1037330981061554e-06,  2.2783725401622429e-05,  5.0299656640506171e-06,  1.1623670669272087e-06, -7.5230323345426875e-01, -3.0917561174382684e-04, -2.2264522758953013e-05, -2.7684899179097589e-05, -4.9379255636223899e-06,  4.4519315292232203e-06,  1.2403701899787840e+00,  2.2858449330149203e-01,  2.1960522357011544e+02
    80,  1.2781e+01,  7.4016567478009054e-01,  1.7327136459609775e-03, -6.1037330981061554e-06,  2.2783725401622429e-05,  5.0299656640506171e-06,  1.1623670669272087e-06, -7.5230323345426875e-01, -3.0917561174382684e-04, -2.2264522758953013e-05, -2.7684899179097589e-05, -4.9379255636223899e-06,  4.4370303680293726e-06,  1.2403702084617401e+00,  2.2858449330149203e-01,  2.1960523036521440e+02
    81,  1.2955e+01,  7.4016567478009054e-01,  1.7327136459609775e-03, -6.1037330981061554e-06,  2.2783725401622429e-05,  5.0299656640506171e-06,  1.1623670669272087e-06, -7.5230323345426875e-01, -3.0917561174382684e-04, -2.2264522758953013e-05, -2.7684899179097589e-05, -4.9379255636223899e-06,  4.4370303680293726e-06,  1.2403701899787840e+00,  2.2858450820265322e-01,  2.1960523225900434e+02
    82,  1.3151e+01,  7.4016636289865234e-01,  1.7335888585659188e-03, -1.9051505017952800e-06,  2.9094812423766874e-05,  1.3307392989498575e-05,  2.6625079141939757e-06, -7.5230274595563951e-01, -3.0888664091847538e-04, -1.9754168148567658e-05, -2.6368209891361225e-05, -6.0437981605564394e-06,  5.7411725571056458e-06,  1.2403704922675525e+00,  2.2858444208536896e-01,  2.1961046352263153e+02
    83,  1.3315e+01,  7.4016583924630519e-01,  1.7329222781435471e-03, -5.0875737403187481e-06,  2.4316872125287849e-05,  7.1292454669404080e-06,  1.6481828830010550e-06, -7.5230311729250277e-01, -3.0910740948806263e-04, -2.1652601028355122e-05, -2.7350802216829228e-05, -5.1171967504626530e-06,  4.8419043283942835e-06,  1.2403702625479240e+00,  2.2858448098383577e-01,  2.1959738305981023e+02
    84,  1.3479e+01,  7.4016585414746638e-01,  1.7329222781435471e-03, -5.0875737403187481e-06,  2.4316872125287849e-05,  7.1292454669404080e-06,  1.6481828830010550e-06, -7.5230311729250277e-01, -3.0910740948806263e-04, -2.1652601028355122e-05, -2.7350802216829228e-05, -5.1171967504626530e-06,  4.8419043283942835e-06,  1.2403702625479240e+00,  2.2858448098383577e-01,  2.1959738010562788e+02
    85,  1.3652e+01,  7.4016583924630519e-01,  1.7329371793047409e-03, -5.0875737403187481e-06,  2.4316872125287849e-05,  7.1292454669404080e-06,  1.6481828830010550e-06, -7.5230311729250277e-01, -3.0910740948806263e-04, -2.1652601028355122e-05, -2.7350802216829228e-05, -5.1171967504626530e-06,  4.8419043283942835e-06,  1.2403702625479240e+00,  2.2858448098383577e-01,  2.1959737743892219e+02
    86,  1.3815e+01,  7.4016583924630519e-01,  1.7329222781435471e-03, -5.1024749015125957e-06,  2.4316872125287849e-05,  7.1292454669404080e-06,  1.6481828830010550e-06, -7.5230311729250277e-01, -3.0910740948806263e-04, -2.1652601028355122e-05, -2.7350802216829228e-05, -5.1171967504626530e-06,  4.8419043283942835e-06,  1.2403702625479240e+00,  2.2858448098383577e-01,  2.1959740576144881e+02
    87,  1.3982e+01,  7.4016583924630519e-01,  1.7329222781435471e-03, -5.0875737403187481e-06,  2.4331773286481697e-05,  7.1292454669404080e-06,  1.6481828830010550e-06, -7.5230311729250277e-01, -3.0910740948806263e-04, -2.1652601028355122e-05, -2.7350802216829228e-05, -5.1171967504626530e-06,  4.8419043283942835e-06,  1.2403702625479240e+00,  2.2858448098383577e-01,  2.1959736084075706e+02
    88,  1.4146e+01,  7.4016583924630519e-01,  1.7329222781435471e-03, -5.0875737403187481e-06,  2.4316872125287849e-05,  7.1441466281342557e-06,  1.6481828830010550e-06, -7.5230311729250277e-01, -3.0910740948806263e-04, -2.1652601028355122e-05, -2.7350802216829228e-05, -5.1171967504626530e-06,  4.8419043283942835e-06,  1.2403702625479240e+00,  2.2858448098383577e-01,  2.1959737419532655e+02
    89,  1.4309e+01,  7.4016583924630519e-01,  1.7329222781435471e-03, -5.0875737403187481e-06,  2.4316872125287849e-05,  7.1292454669404080e-06,  1.6630840441949026e-06, -7.5230311729250277e-01, -3.0910740948806263e-04, -2.1652601028355122e-05, -2.7350802216829228e-05, -5.1171967504626530e-06,  4.8419043283942835e-06,  1.2403702625479240e+00,  2.2858448098383577e-01,  2.1959740077376452e+02
    90,  1.4471e+01,  7.4016583924630519e-01,  1.7329222781435471e-03, -5.0875737403187481e-06,  2.4316872125287849e-05,  7.1292454669404080e-06,  1.6481828830010550e-06, -7.5230313219366396e-01, -3.0910740948806263e-04, -2.1652601028355122e-05, -2.7350802216829228e-05, -5.1171967504626530e-06,  4.8419043283942835e-06,  1.2403702625479240e+00,  2.2858448098383577e-01,  2.1959738516958856e+02
    91,  1.4643e+01,  7.4016583924630519e-01,  1.7329222781435471e-03, -5.0875737403187481e-06,  2.4316872125287849e-05,  7.1292454669404080e-06,  1.6481828830010550e-06, -7.5230311729250277e-01, -3.0912231064925648e-04, -2.1652601028355122e-05, -2.7350802216829228e-05, -5.1171967504626530e-06,  4.8419043283942835e-06,  1.2403702625479240e+00,  2.2858448098383577e-01,  2.1959738607434667e+02
    92,  1.4800e+01,  7.4016583924630519e-01,  1.7329222781435471e-03, -5.0875737403187481e-06,  2.4316872125287849e-05,  7.1292454669404080e-06,  1.6481828830010550e-06, -7.5230311729250277e-01, -3.0910740948806263e-04, -2.1667502189548970e-05, -2.7350802216829228e-05, -5.1171967504626530e-06,  4.8419043283942835e-06,  1.2403702625479240e+00,  2.2858448098383577e-01,  2.1959739843278004e+02
    93,  1.4971e+01,  7.4016583924630519e-01,  1.7329222781435471e-03, -5.0875737403187481e-06,  2.4316872125287849e-05,  7.1292454669404080e-06,  1.6481828830010550e-06, -7.5230311729250277e-01, -3.0910740948806263e-04, -2.1652601028355122e-05, -2.7365703378023075e-05, -5.1171967504626530e-06,  4.8419043283942835e-06,  1.2403702625479240e+00,  2.2858448098383577e-01,  2.1959738124775592e+02
    94,  1.5138e+01,  7.4016583924630519e-01,  1.7329222781435471e-03, -5.0875737403187481e-06,  2.4316872125287849e-05,  7.1292454669404080e-06,  1.6481828830010550e-06, -7.5230311729250277e-01, -3.0910740948806263e-04, -2.1652601028355122e-05, -2.7350802216829228e-05, -5.1320979116565006e-06,  4.8419043283942835e-06,  1.2403702625479240e+00,  2.2858448098383577e-01,  2.1959734772540065e+02
    95,  1.5294e+01,  7.4016583924630519e-01,  1.7329222781435471e-03, -5.0875737403187481e-06,  2.4316872125287849e-05,  7.1292454669404080e-06,  1.6481828830010550e-06, -7.5230311729250277e-01, -3.0910740948806263e-04, -2.1652601028355122e-05, -2.7350802216829228e-05, -5.1171967504626530e-06,  4.8568054895881311e-06,  1.2403702625479240e+00,  2.2858448098383577e-01,  2.1959738451236481e+02
    96,  1.5465e+01,  7.4016583924630519e-01,  1.7329222781435471e-03, -5.0875737403187481e-06,  2.4316872125287849e-05,  7.1292454669404080e-06,  1.6481828830010550e-06, -7.5230311729250277e-01, -3.0910740948806263e-04, -2.1652601028355122e-05, -2.7350802216829228e-05, -5.1171967504626530e-06,  4.8419043283942835e-06,  1.2403702810308812e+00,  2.2858448098383577e-01,  2.1959738143358493e+02
    97,  1.5631e+01,  7.4016583924630519e-01,  1.7329222781435471e-03, -5.0875737403187481e-06,  2.4316872125287849e-05,  7.1292454669404080e-06,  1.6481828830010550e-06, -7.5230311729250277e-01, -3.0910740948806263e-04, -2.1652601028355122e-05, -2.7350802216829228e-05, -5.1171967504626530e-06,  4.8419043283942835e-06,  1.2403702625479240e+00,  2.2858449588499696e-01,  2.1959738326951705e+02
    98,  1.5825e+01,  7.4016600397980037e-01,  1.7332344548894407e-03, -3.8308183000694547e-06,  2.5544092274910787e-05,  7.6488525234932014e-06,  7.3724732992019220e-07, -7.5230299937275580e-01, -3.0894029848517842e-04, -2.0803877024342449e-05, -2.7457829890055142e-05, -7.0442235173522987e-06,  4.8431122153043569e-06,  1.2403703353754454e+00,  2.2858446936136997e-01,  2.1959640664561482e+02
    99,  1.5986e+01,  7.4016601888096156e-01,  1.7332344548894407e-03, -3.8308183000694547e-06,  2.5544092274910787e-05,  7.6488525234932014e-06,  7.3724732992019220e-07, -7.5230299937275580e-01, -3.0894029848517842e-04, -2.0803877024342449e-05, -2.7457829890055142e-05, -7.0442235173522987e-06,  4.8431122153043569e-06,  1.2403703353754454e+00,  2.2858446936136997e-01,  2.1959640159251290e+02
   100,  1.6144e+01,  7.4016600397980037e-01,  1.7332493560506346e-03, -3.8308183000694547e-06,  2.5544092274910787e-05,  7.6488525234932014e-06,  7.3724732992019220e-07, -7.5230299937275580e-01, -3.0894029848517842e-04, -2.0803877024342449e-05, -2.7457829890055142e-05, -7.0442235173522987e-06,  4.8431122153043569e-06,  1.2403703353754454e+00,  2.2858446936136997e-01,  2.1959640369357365e+02
   101,  1.6316e+01,  7.4016600397980037e-01,  1.7332344548894407e-03, -3.8457194612633024e-06,  2.5544092274910787e-05,  7.6488525234932014e-06,  7.3724732992019220e-07, -7.5230299937275580e-01, -3.0894029848517842e-04, -2.0803877024342449e-05, -2.7457829890055142e-05, -7.0442235173522987e-06,  4.8431122153043569e-06,  1.2403703353754454e+00,  2.2858446936136997e-01,  2.1959639944958420e+02
   102,  1.6484e+01,  7.4016600397980037e-01,  1.7332344548894407e-03, -3.8308183000694547e-06,  2.5558993436104635e-05,  7.6488525234932014e-06,  7.3724732992019220e-07, -7.5230299937275580e-01, -3.0894029848517842e-04, -2.0803877024342449e-05, -2.7457829890055142e-05, -7.0442235173522987e-06,  4.8431122153043569e-06,  1.2403703353754454e+00,  2.2858446936136997e-01,  2.1959644303588317e+02
   103,  1.6644e+01,  7.4016600397980037e-01,  1.7332344548894407e-03, -3.8308183000694547e-06,  2.5544092274910787e-05,  7.6637536846870491e-06,  7.3724732992019220e-07, -7.5230299937275580e-01, -3.0894029848517842e-04, -2.0803877024342449e-05, -2.7457829890055142e-05, -7.0442235173522987e-06,  4.8431122153043569e-06,  1.2403703353754454e+00,  2.2858446936136997e-01,  2.1959642363928415e+02
   104,  1.6800e+01,  7.4016600397980037e-01,  1.7332344548894407e-03, -3.8308183000694547e-06,  2.5544092274910787e-05,  7.6488525234932014e-06,  7.5214849111403986e-07, -7.5230299937275580e-01, -3.0894029848517842e-04, -2.0803877024342449e-05, -2.7457829890055142e-05, -7.0442235173522987e-06,  4.8431122153043569e-06,  1.2403703353754454e+00,  2.2858446936136997e-01,  2.1959633458473672e+02
   105,  1.6959e+01,  7.4016600397980037e-01,  1.7332344548894407e-03, -3.8308183000694547e-06,  2.5544092274910787e-05,  7.6488525234932014e-06,  7.3724732992019220e-07, -7.5230301427391699e-01, -3.0894029848517842e-04, -2.0803877024342449e-05, -2.7457829890055142e-05, -7.0442235173522987e-06,  4.8431122153043569e-06,  1.2403703353754454e+00,  2.2858446936136997e-01,  2.1959641052968297e+02
   106,  1.7121e+01,  7.4016600397980037e-01,  1.7332344548894407e-03, -3.8308183000694547e-06,  2.5544092274910787e-05,  7.6488525234932014e-06,  7.3724732992019220e-07, -7.5230299937275580e-01, -3.0895519964637227e-04, -2.0803877024342449e-05, -2.7457829890055142e-05, -7.0442235173522987e-06,  4.8431122153043569e-06,  1.2403703353754454e+00,  2.2858446936136997e-01,  2.1959640718382803e+02
   107,  1.7281e+01,  7.4016600397980037e-01,  1.7332344548894407e-03, -3.8308183000694547e-06,  2.5544092274910787e-05,  7.6488525234932014e-06,  7.3724732992019220e-07, -7.5230299937275580e-01, -3.0894029848517842e-04, -2.0818778185536297e-05, -2.7457829890055142e-05, -7.0442235173522987e-06,  4.8431122153043569e-06,  1.2403703353754454e+00,  2.2858446936136997e-01,  2.1959639157163059e+02
   108,  1.7451e+01,  7.4016600397980037e-01,  1.7332344548894407e-03, -3.8308183000694547e-06,  2.5544092274910787e-05,  7.6488525234932014e-06,  7.3724732992019220e-07, -7.5230299937275580e-01, -3.0894029848517842e-04, -2.0803877024342449e-05, -2.7472731051248990e-05, -7.0442235173522987e-06,  4.8431122153043569e-06,  1.2403703353754454e+00,  2.2858446936136997e-01,  2.1959635686245409e+02
   109,  1.7614e+01,  7.4016600397980037e-01,  1.7332344548894407e-03, -3.8308183000694547e-06,  2.5544092274910787e-05,  7.6488525234932014e-06,  7.3724732992019220e-07, -7.5230299937275580e-01, -3.0894029848517842e-04, -2.0803877024342449e-05, -2.7457829890055142e-05, -7.0591246785461463e-06,  4.8431122153043569e-06,  1.2403703353754454e+00,  2.2858446936136997e-01,  2.1959638497826182e+02
   110,  1.7772e+01,  7.4016600397980037e-01,  1.7332344548894407e-03, -3.8308183000694547e-06,  2.5544092274910787e-05,  7.6488525234932014e-06,  7.3724732992019220e-07, -7.5230299937275580e-01, -3.0894029848517842e-04, -2.0803877024342449e-05, -2.7457829890055142e-05, -7.0442235173522987e-06,  4.8580133764982046e-06,  1.2403703353754454e+00,  2.2858446936136997e-01,  2.1959630959101668e+02
   111,  1.7938e+01,  7.4016600397980037e-01,  1.7332344548894407e-03, -3.8308183000694547e-06,  2.5544092274910787e-05,  7.6488525234932014e-06,  7.3724732992019220e-07, -7.5230299937275580e-01, -3.0894029848517842e-04, -2.0803877024342449e-05, -2.7457829890055142e-05, -7.0442235173522987e-06,  4.8431122153043569e-06,  1.2403703538584037e+00,  2.2858446936136997e-01,  2.1959640477692381e+02
   112,  1.8108e+01,  7.4016600397980037e-01,  1.7332344548894407e-03, -3.8308183000694547e-06,  2.5544092274910787e-05,  7.6488525234932014e-06,  7.3724732992019220e-07, -7.5230299937275580e-01, -3.0894029848517842e-04, -2.0803877024342449e-05, -2.7457829890055142e-05, -7.0442235173522987e-06,  4.8431122153043569e-06,  1.2403703353754454e+00,  2.2858448426253117e-01,  2.1959640697626239e+02
   113,  1.8309e+01,  7.4016603120417568e-01,  1.7332503540670766e-03, -3.8695815621536162e-06,  2.5348429723883947e-05,  7.5587195200216779e-06,  1.1174693009310547e-06, -7.5230297844322180e-01, -3.0893740530000408e-04, -2.0885086916226363e-05, -2.7725646211620591e-05, -7.1595580804396817e-06,  5.3574444200663129e-06,  1.2403703434899995e+00,  2.2858446758082004e-01,  2.1958950690963894e+02
   114,  1.8468e+01,  7.4016604610533687e-01,  1.7332503540670766e-03, -3.8695815621536162e-06,  2.5348429723883947e-05,  7.5587195200216779e-06,  1.1174693009310547e-06, -7.5230297844322180e-01, -3.0893740530000408e-04, -2.0885086916226363e-05, -2.7725646211620591e-05, -7.1595580804396817e-06,  5.3574444200663129e-06,  1.2403703434899995e+00,  2.2858446758082004e-01,  2.1958950186153336e+02
   115,  1.8631e+01,  7.4016603120417568e-01,  1.7332652552282705e-03, -3.8695815621536162e-06,  2.5348429723883947e-05,  7.5587195200216779e-06,  1.1174693009310547e-06, -7.5230297844322180e-01, -3.0893740530000408e-04, -2.0885086916226363e-05, -2.7725646211620591e-05, -7.1595580804396817e-06,  5.3574444200663129e-06,  1.2403703434899995e+00,  2.2858446758082004e-01,  2.1958950394330319e+02
   116,  1.8799e+01,  7.4016603120417568e-01,  1.7332503540670766e-03, -3.8844827233474639e-06,  2.5348429723883947e-05,  7.5587195200216779e-06,  1.1174693009310547e-06, -7.5230297844322180e-01, -3.0893740530000408e-04, -2.0885086916226363e-05, -2.7725646211620591e-05, -7.1595580804396817e-06,  5.3574444200663129e-06,  1.2403703434899995e+00,  2.2858446758082004e-01,  2.1958949971220858e+02
   117,  1.8964e+01,  7.4016603120417568e-01,  1.7332503540670766e-03, -3.8695815621536162e-06,  2.5363330885077795e-05,  7.5587195200216779e-06,  1.1174693009310547e-06, -7.5230297844322180e-01, -3.0893740530000408e-04, -2.0885086916226363e-05, -2.7725646211620591e-05, -7.1595580804396817e-06,  5.3574444200663129e-06,  1.2403703434899995e+00,  2.2858446758082004e-01,  2.1958954354117247e+02
   118,  1.9127e+01,  7.4016603120417568e-01,  1.7332503540670766e-03, -3.8695815621536162e-06,  2.5348429723883947e-05,  7.5736206812155256e-06,  1.1174693009310547e-06, -7.5230297844322180e-01, -3.0893740530000408e-04, -2.0885086916226363e-05, -2.7725646211620591e-05, -7.1595580804396817e-06,  5.3574444200663129e-06,  1.2403703434899995e+00,  2.2858446758082004e-01,  2.1958952284619397e+02
   119,  1.9289e+01,  7.4016603120417568e-01,  1.7332503540670766e-03, -3.8695815621536162e-06,  2.5348429723883947e-05,  7.5587195200216779e-06,  1.1323704621249024e-06, -7.5230297844322180e-01, -3.0893740530000408e-04, -2.0885086916226363e-05, -2.7725646211620591e-05, -7.1595580804396817e-06,  5.3574444200663129e-06,  1.2403703434899995e+00,  2.2858446758082004e-01,  2.1958943677755866e+02
   120,  1.9453e+01,  7.4016603120417568e-01,  1.7332503540670766e-03, -3.8695815621536162e-06,  2.5348429723883947e-05,  7.5587195200216779e-06,  1.1174693009310547e-06, -7.5230299334438300e-01, -3.0893740530000408e-04, -2.0885086916226363e-05, -2.7725646211620591e-05, -7.1595580804396817e-06,  5.3574444200663129e-06,  1.2403703434899995e+00,  2.2858446758082004e-01,  2.1958951078948493e+02
   121,  1.9613e+01,  7.4016603120417568e-01,  1.7332503540670766e-03, -3.8695815621536162e-06,  2.5348429723883947e-05,  7.5587195200216779e-06,  1.1174693009310547e-06, -7.5230297844322180e-01, -3.0895230646119792e-04, -2.0885086916226363e-05, -2.7725646211620591e-05, -7.1595580804396817e-06,  5.3574444200663129e-06,  1.2403703434899995e+00,  2.2858446758082004e-01,  2.1958950746217121e+02
   122,  1.9774e+01,  7.4016603120417568e-01,  1.7332503540670766e-03, -3.8695815621536162e-06,  2.5348429723883947e-05,  7.5587195200216779e-06,  1.1174693009310547e-06, -7.5230297844322180e-01, -3.0893740530000408e-04, -2.0899988077420211e-05, -2.7725646211620591e-05, -7.1595580804396817e-06,  5.3574444200663129e-06,  1.2403703434899995e+00,  2.2858446758082004e-01,  2.1958949184272359e+02
   123,  1.9931e+01,  7.4016603120417568e-01,  1.7332503540670766e-03, -3.8695815621536162e-06,  2.5348429723883947e-05,  7.5587195200216779e-06,  1.1174693009310547e-06, -7.5230297844322180e-01, -3.0893740530000408e-04, -2.0885086916226363e-05, -2.7740547372814438e-05, -7.1595580804396817e-06,  5.3574444200663129e-06,  1.2403703434899995e+00,  2.2858446758082004e-01,  2.1958945685088932e+02
   124,  2.0096e+01,  7.4016603120417568e-01,  1.7332503540670766e-03, -3.8695815621536162e-06,  2.5348429723883947e-05,  7.5587195200216779e-06,  1.1174693009310547e-06, -7.5230297844322180e-01, -3.0893740530000408e-04, -2.0885086916226363e-05, -2.7725646211620591e-05, -7.1744592416335293e-06,  5.3574444200663129e-06,  1.2403703434899995e+00,  2.2858446758082004e-01,  2.1958948628908581e+02
   125,  2.0256e+01,  7.4016603120417568e-01,  1.7332503540670766e-03, -3.8695815621536162e-06,  2.5348429723883947e-05,  7.5587195200216779e-06,  1.1174693009310547e-06, -7.5230297844322180e-01, -3.0893740530000408e-04, -2.0885086916226363e-05, -2.7725646211620591e-05, -7.1595580804396817e-06,  5.3723455812601605e-06,  1.2403703434899995e+00,  2.2858446758082004e-01,  2.1958941129315667e+02
   126,  2.0417e+01,  7.4016603120417568e-01,  1.7332503540670766e-03, -3.8695815621536162e-06,  2.5348429723883947e-05,  7.5587195200216779e-06,  1.1174693009310547e-06, -7.5230297844322180e-01, -3.0893740530000408e-04, -2.0885086916226363e-05, -2.7725646211620591e-05, -7.1595580804396817e-06,  5.3574444200663129e-06,  1.2403703619729580e+00,  2.2858446758082004e-01,  2.1958950504130459e+02
   127,  2.0577e+01,  7.4016603120417568e-01,  1.7332503540670766e-03, -3.8695815621536162e-06,  2.5348429723883947e-05,  7.5587195200216779e-06,  1.1174693009310547e-06, -7.5230297844322180e-01, -3.0893740530000408e-04, -2.0885086916226363e-05, -2.7725646211620591e-05, -7.1595580804396817e-06,  5.3574444200663129e-06,  1.2403703434899995e+00,  2.2858448248198124e-01,  2.1958950724017259e+02
   128,  2.0775e+01,  7.4016608724719812e-01,  1.7332832620924788e-03, -3.9494638376261869e-06,  2.4943434250988946e-05,  7.3874459497951415e-06,  1.8633067176974858e-06, -7.5230293535551540e-01, -3.0893129893883124e-04, -2.1052346635630736e-05, -2.8279676210720063e-05, -7.3828211847628773e-06,  6.3837985735497917e-06,  1.2403703602030802e+00,  2.2858446391479206e-01,  2.1959077926960552e+02
   129,  2.0933e+01,  7.4016604491258076e-01,  1.7332584079296405e-03, -3.8891255231016754e-06,  2.5249057809925075e-05,  7.5157995999487117e-06,  1.3059268991282581e-06, -7.5230296790641338e-01, -3.0893590657798318e-04, -2.0926001593191432e-05, -2.7861482253610387e-05, -7.2152136905453879e-06,  5.6149623807121370e-06,  1.2403703475797938e+00,  2.2858446668345220e-01,  2.1958931884772534e+02
   130,  2.1091e+01,  7.4016605981374195e-01,  1.7332584079296405e-03, -3.8891255231016754e-06,  2.5249057809925075e-05,  7.5157995999487117e-06,  1.3059268991282581e-06, -7.5230296790641338e-01, -3.0893590657798318e-04, -2.0926001593191432e-05, -2.7861482253610387e-05, -7.2152136905453879e-06,  5.6149623807121370e-06,  1.2403703475797938e+00,  2.2858446668345220e-01,  2.1958931586832119e+02
   131,  2.1249e+01,  7.4016604491258076e-01,  1.7332733090908343e-03, -3.8891255231016754e-06,  2.5249057809925075e-05,  7.5157995999487117e-06,  1.3059268991282581e-06, -7.5230296790641338e-01, -3.0893590657798318e-04, -2.0926001593191432e-05, -2.7861482253610387e-05, -7.2152136905453879e-06,  5.6149623807121370e-06,  1.2403703475797938e+00,  2.2858446668345220e-01,  2.1958931411156291e+02
   132,  2.1410e+01,  7.4016604491258076e-01,  1.7332584079296405e-03, -3.9040266842955231e-06,  2.5249057809925075e-05,  7.5157995999487117e-06,  1.3059268991282581e-06, -7.5230296790641338e-01, -3.0893590657798318e-04, -2.0926001593191432e-05, -2.7861482253610387e-05, -7.2152136905453879e-06,  5.6149623807121370e-06,  1.2403703475797938e+00,  2.2858446668345220e-01,  2.1958933970070052e+02
   133,  2.1570e+01,  7.4016604491258076e-01,  1.7332584079296405e-03, -3.8891255231016754e-06,  2.5263958971118923e-05,  7.5157995999487117e-06,  1.3059268991282581e-06, -7.5230296790641338e-01, -3.0893590657798318e-04, -2.0926001593191432e-05, -2.7861482253610387e-05, -7.2152136905453879e-06,  5.6149623807121370e-06,  1.2403703475797938e+00,  2.2858446668345220e-01,  2.1958929323549398e+02
   134,  2.1742e+01,  7.4016604491258076e-01,  1.7332584079296405e-03, -3.8891255231016754e-06,  2.5249057809925075e-05,  7.5307007611425593e-06,  1.3059268991282581e-06, -7.5230296790641338e-01, -3.0893590657798318e-04, -2.0926001593191432e-05, -2.7861482253610387e-05, -7.2152136905453879e-06,  5.6149623807121370e-06,  1.2403703475797938e+00,  2.2858446668345220e-01,  2.1958929331565517e+02
   135,  2.1906e+01,  7.4016604491258076e-01,  1.7332584079296405e-03, -3.8891255231016754e-06,  2.5249057809925075e-05,  7.5157995999487117e-06,  1.3208280603221057e-06, -7.5230296790641338e-01, -3.0893590657798318e-04, -2.0926001593191432e-05, -2.7861482253610387e-05, -7.2152136905453879e-06,  5.6149623807121370e-06,  1.2403703475797938e+00,  2.2858446668345220e-01,  2.1958932939865181e+02
   136,  2.2064e+01,  7.4016604491258076e-01,  1.7332584079296405e-03, -3.8891255231016754e-06,  2.5249057809925075e-05,  7.5157995999487117e-06,  1.3059268991282581e-06, -7.5230298280757457e-01, -3.0893590657798318e-04, -2.0926001593191432e-05, -2.7861482253610387e-05, -7.2152136905453879e-06,  5.6149623807121370e-06,  1.2403703475797938e+00,  2.2858446668345220e-01,  2.1958932095823241e+02
   137,  2.2223e+01,  7.4016604491258076e-01,  1.7332584079296405e-03, -3.8891255231016754e-06,  2.5249057809925075e-05,  7.5157995999487117e-06,  1.3059268991282581e-06, -7.5230296790641338e-01, -3.0895080773917703e-04, -2.0926001593191432e-05, -2.7861482253610387e-05, -7.2152136905453879e-06,  5.6149623807121370e-06,  1.2403703475797938e+00,  2.2858446668345220e-01,  2.1958932098273459e+02
   138,  2.2389e+01,  7.4016604491258076e-01,  1.7332584079296405e-03, -3.8891255231016754e-06,  2.5249057809925075e-05,  7.5157995999487117e-06,  1.3059268991282581e-06, -7.5230296790641338e-01, -3.0893590657798318e-04, -2.0940902754385280e-05, -2.7861482253610387e-05, -7.2152136905453879e-06,  5.6149623807121370e-06,  1.2403703475797938e+00,  2.2858446668345220e-01,  2.1958933232728930e+02
   139,  2.2548e+01,  7.4016604491258076e-01,  1.7332584079296405e-03, -3.8891255231016754e-06,  2.5249057809925075e-05,  7.5157995999487117e-06,  1.3059268991282581e-06, -7.5230296790641338e-01, -3.0893590657798318e-04, -2.0926001593191432e-05, -2.7876383414804235e-05, -7.2152136905453879e-06,  5.6149623807121370e-06,  1.2403703475797938e+00,  2.2858446668345220e-01,  2.1958932142698444e+02
   140,  2.2708e+01,  7.4016604491258076e-01,  1.7332584079296405e-03, -3.8891255231016754e-06,  2.5249057809925075e-05,  7.5157995999487117e-06,  1.3059268991282581e-06, -7.5230296790641338e-01, -3.0893590657798318e-04, -2.0926001593191432e-05, -2.7861482253610387e-05, -7.2301148517392355e-06,  5.6149623807121370e-06,  1.2403703475797938e+00,  2.2858446668345220e-01,  2.1958930139274668e+02
   141,  2.2868e+01,  7.4016604491258076e-01,  1.7332584079296405e-03, -3.8891255231016754e-06,  2.5249057809925075e-05,  7.5157995999487117e-06,  1.3059268991282581e-06, -7.5230296790641338e-01, -3.0893590657798318e-04, -2.0926001593191432e-05, -2.7861482253610387e-05, -7.2152136905453879e-06,  5.6298635419059846e-06,  1.2403703475797938e+00,  2.2858446668345220e-01,  2.1958932184482569e+02
   142,  2.3024e+01,  7.4016604491258076e-01,  1.7332584079296405e-03, -3.8891255231016754e-06,  2.5249057809925075e-05,  7.5157995999487117e-06,  1.3059268991282581e-06, -7.5230296790641338e-01, -3.0893590657798318e-04, -2.0926001593191432e-05, -2.7861482253610387e-05, -7.2152136905453879e-06,  5.6149623807121370e-06,  1.2403703660627523e+00,  2.2858446668345220e-01,  2.1958931720115845e+02
   143,  2.3180e+01,  7.4016604491258076e-01,  1.7332584079296405e-03, -3.8891255231016754e-06,  2.5249057809925075e-05,  7.5157995999487117e-06,  1.3059268991282581e-06, -7.5230296790641338e-01, -3.0893590657798318e-04, -2.0926001593191432e-05, -2.7861482253610387e-05, -7.2152136905453879e-06,  5.6149623807121370e-06,  1.2403703475797938e+00,  2.2858448158461339e-01,  2.1958931906674633e+02
   144,  2.3373e+01,  7.4016605055628182e-01,  1.7332673787850712e-03, -3.8496329972146785e-06,  2.5297563098550496e-05,  7.5641435014140376e-06,  1.2860559415615081e-06, -7.5230296390838292e-01, -3.0893186277766764e-04, -2.0900475521180412e-05, -2.7856606341572992e-05, -7.2482945010788062e-06,  5.6094115301793085e-06,  1.2403703500941186e+00,  2.2858446626863504e-01,  2.1958901421770301e+02
   145,  2.3531e+01,  7.4016606545744301e-01,  1.7332673787850712e-03, -3.8496329972146785e-06,  2.5297563098550496e-05,  7.5641435014140376e-06,  1.2860559415615081e-06, -7.5230296390838292e-01, -3.0893186277766764e-04, -2.0900475521180412e-05, -2.7856606341572992e-05, -7.2482945010788062e-06,  5.6094115301793085e-06,  1.2403703500941186e+00,  2.2858446626863504e-01,  2.1958901123811208e+02
   146,  2.3689e+01,  7.4016605055628182e-01,  1.7332822799462650e-03, -3.8496329972146785e-06,  2.5297563098550496e-05,  7.5641435014140376e-06,  1.2860559415615081e-06, -7.5230296390838292e-01, -3.0893186277766764e-04, -2.0900475521180412e-05, -2.7856606341572992e-05, -7.2482945010788062e-06,  5.6094115301793085e-06,  1.2403703500941186e+00,  2.2858446626863504e-01,  2.1958900948244991e+02
   147,  2.3855e+01,  7.4016605055628182e-01,  1.7332673787850712e-03, -3.8645341584085262e-06,  2.5297563098550496e-05,  7.5641435014140376e-06,  1.2860559415615081e-06, -7.5230296390838292e-01, -3.0893186277766764e-04, -2.0900475521180412e-05, -2.7856606341572992e-05, -7.2482945010788062e-06,  5.6094115301793085e-06,  1.2403703500941186e+00,  2.2858446626863504e-01,  2.1958903506799237e+02
   148,  2.4016e+01,  7.4016605055628182e-01,  1.7332673787850712e-03, -3.8496329972146785e-06,  2.5312464259744344e-05,  7.5641435014140376e-06,  1.2860559415615081e-06, -7.5230296390838292e-01, -3.0893186277766764e-04, -2.0900475521180412e-05, -2.7856606341572992e-05, -7.2482945010788062e-06,  5.6094115301793085e-06,  1.2403703500941186e+00,  2.2858446626863504e-01,  2.1958898860097258e+02
   149,  2.4173e+01,  7.4016605055628182e-01,  1.7332673787850712e-03, -3.8496329972146785e-06,  2.5297563098550496e-05,  7.5790446626078853e-06,  1.2860559415615081e-06, -7.5230296390838292e-01, -3.0893186277766764e-04, -2.0900475521180412e-05, -2.7856606341572992e-05, -7.2482945010788062e-06,  5.6094115301793085e-06,  1.2403703500941186e+00,  2.2858446626863504e-01,  2.1958898872588787e+02
   150,  2.4334e+01,  7.4016605055628182e-01,  1.7332673787850712e-03, -3.8496329972146785e-06,  2.5297563098550496e-05,  7.5641435014140376e-06,  1.3009571027553558e-06, -7.5230296390838292e-01, -3.0893186277766764e-04, -2.0900475521180412e-05, -2.7856606341572992e-05, -7.2482945010788062e-06,  5.6094115301793085e-06,  1.2403703500941186e+00,  2.2858446626863504e-01,  2.1958902471448238e+02
   151,  2.4491e+01,  7.4016605055628182e-01,  1.7332673787850712e-03, -3.8496329972146785e-06,  2.5297563098550496e-05,  7.5641435014140376e-06,  1.2860559415615081e-06, -7.5230297880954411e-01, -3.0893186277766764e-04, -2.0900475521180412e-05, -2.7856606341572992e-05, -7.2482945010788062e-06,  5.6094115301793085e-06,  1.2403703500941186e+00,  2.2858446626863504e-01,  2.1958901632832962e+02
   152,  2.4648e+01,  7.4016605055628182e-01,  1.7332673787850712e-03, -3.8496329972146785e-06,  2.5297563098550496e-05,  7.5641435014140376e-06,  1.2860559415615081e-06, -7.5230296390838292e-01, -3.0894676393886149e-04, -2.0900475521180412e-05, -2.7856606341572992e-05, -7.2482945010788062e-06,  5.6094115301793085e-06,  1.2403703500941186e+00,  2.2858446626863504e-01,  2.1958901635174263e+02
   153,  2.4805e+01,  7.4016605055628182e-01,  1.7332673787850712e-03, -3.8496329972146785e-06,  2.5297563098550496e-05,  7.5641435014140376e-06,  1.2860559415615081e-06, -7.5230296390838292e-01, -3.0893186277766764e-04, -2.0915376682374259e-05, -2.7856606341572992e-05, -7.2482945010788062e-06,  5.6094115301793085e-06,  1.2403703500941186e+00,  2.2858446626863504e-01,  2.1958902769465593e+02
   154,  2.4965e+01,  7.4016605055628182e-01,  1.7332673787850712e-03, -3.8496329972146785e-06,  2.5297563098550496e-05,  7.5641435014140376e-06,  1.2860559415615081e-06, -7.5230296390838292e-01, -3.0893186277766764e-04, -2.0900475521180412e-05, -2.7871507502766839e-05, -7.2482945010788062e-06,  5.6094115301793085e-06,  1.2403703500941186e+00,  2.2858446626863504e-01,  2.1958901680622350e+02
   155,  2.5124e+01,  7.4016605055628182e-01,  1.7332673787850712e-03, -3.8496329972146785e-06,  2.5297563098550496e-05,  7.5641435014140376e-06,  1.2860559415615081e-06, -7.5230296390838292e-01, -3.0893186277766764e-04, -2.0900475521180412e-05, -2.7856606341572992e-05, -7.2631956622726539e-06,  5.6094115301793085e-06,  1.2403703500941186e+00,  2.2858446626863504e-01,  2.1958899673406040e+02
   156,  2.5286e+01,  7.4016605055628182e-01,  1.7332673787850712e-03, -3.8496329972146785e-06,  2.5297563098550496e-05,  7.5641435014140376e-06,  1.2860559415615081e-06, -7.5230296390838292e-01, -3.0893186277766764e-04, -2.0900475521180412e-05, -2.7856606341572992e-05, -7.2482945010788062e-06,  5.6243126913731562e-06,  1.2403703500941186e+00,  2.2858446626863504e-01,  2.1958901716614676e+02
   157,  2.5445e+01,  7.4016605055628182e-01,  1.7332673787850712e-03, -3.8496329972146785e-06,  2.5297563098550496e-05,  7.5641435014140376e-06,  1.2860559415615081e-06, -7.5230296390838292e-01, -3.0893186277766764e-04, -2.0900475521180412e-05, -2.7856606341572992e-05, -7.2482945010788062e-06,  5.6094115301793085e-06,  1.2403703685770771e+00,  2.2858446626863504e-01,  2.1958901257112524e+02
   158,  2.5603e+01,  7.4016605055628182e-01,  1.7332673787850712e-03, -3.8496329972146785e-06,  2.5297563098550496e-05,  7.5641435014140376e-06,  1.2860559415615081e-06, -7.5230296390838292e-01, -3.0893186277766764e-04, -2.0900475521180412e-05, -2.7856606341572992e-05, -7.2482945010788062e-06,  5.6094115301793085e-06,  1.2403703500941186e+00,  2.2858448116979624e-01,  2.1958901443670615e+02
   159,  2.5794e+01,  7.4016606185572897e-01,  1.7332853338982881e-03, -3.7705940594698294e-06,  2.5394663161887988e-05,  7.6607221727299719e-06,  1.2466523972370797e-06, -7.5230295590336371e-01, -3.0892377145864508e-04, -2.0849396200166635e-05, -2.7846825390736289e-05, -7.3146494965956677e-06,  5.5986755981867700e-06,  1.2403703551273826e+00,  2.2858446543835489e-01,  2.1958840541005773e+02
   160,  2.5952e+01,  7.4016607675689017e-01,  1.7332853338982881e-03, -3.7705940594698294e-06,  2.5394663161887988e-05,  7.6607221727299719e-06,  1.2466523972370797e-06, -7.5230295590336371e-01, -3.0892377145864508e-04, -2.0849396200166635e-05, -2.7846825390736289e-05, -7.3146494965956677e-06,  5.5986755981867700e-06,  1.2403703551273826e+00,  2.2858446543835489e-01,  2.1958840243022746e+02
   161,  2.6113e+01,  7.4016606185572897e-01,  1.7333002350594820e-03, -3.7705940594698294e-06,  2.5394663161887988e-05,  7.6607221727299719e-06,  1.2466523972370797e-06, -7.5230295590336371e-01, -3.0892377145864508e-04, -2.0849396200166635e-05, -2.7846825390736289e-05, -7.3146494965956677e-06,  5.5986755981867700e-06,  1.2403703551273826e+00,  2.2858446543835489e-01,  2.1958840067659449e+02
   162,  2.6276e+01,  7.4016606185572897e-01,  1.7332853338982881e-03, -3.7854952206636770e-06,  2.5394663161887988e-05,  7.6607221727299719e-06,  1.2466523972370797e-06, -7.5230295590336371e-01, -3.0892377145864508e-04, -2.0849396200166635e-05, -2.7846825390736289e-05, -7.3146494965956677e-06,  5.5986755981867700e-06,  1.2403703551273826e+00,  2.2858446543835489e-01,  2.1958842625488026e+02
   163,  2.6439e+01,  7.4016606185572897e-01,  1.7332853338982881e-03, -3.7705940594698294e-06,  2.5409564323081835e-05,  7.6607221727299719e-06,  1.2466523972370797e-06, -7.5230295590336371e-01, -3.0892377145864508e-04, -2.0849396200166635e-05, -2.7846825390736289e-05, -7.3146494965956677e-06,  5.5986755981867700e-06,  1.2403703551273826e+00,  2.2858446543835489e-01,  2.1958837978463922e+02
   164,  2.6600e+01,  7.4016606185572897e-01,  1.7332853338982881e-03, -3.7705940594698294e-06,  2.5394663161887988e-05,  7.6756233339238195e-06,  1.2466523972370797e-06, -7.5230295590336371e-01, -3.0892377145864508e-04, -2.0849396200166635e-05, -2.7846825390736289e-05, -7.3146494965956677e-06,  5.5986755981867700e-06,  1.2403703551273826e+00,  2.2858446543835489e-01,  2.1958837999777901e+02
   165,  2.6758e+01,  7.4016606185572897e-01,  1.7332853338982881e-03, -3.7705940594698294e-06,  2.5394663161887988e-05,  7.6607221727299719e-06,  1.2615535584309274e-06, -7.5230295590336371e-01, -3.0892377145864508e-04, -2.0849396200166635e-05, -2.7846825390736289e-05, -7.3146494965956677e-06,  5.5986755981867700e-06,  1.2403703551273826e+00,  2.2858446543835489e-01,  2.1958841580036119e+02
   166,  2.6917e+01,  7.4016606185572897e-01,  1.7332853338982881e-03, -3.7705940594698294e-06,  2.5394663161887988e-05,  7.6607221727299719e-06,  1.2466523972370797e-06, -7.5230297080452491e-01, -3.0892377145864508e-04, -2.0849396200166635e-05, -2.7846825390736289e-05, -7.3146494965956677e-06,  5.5986755981867700e-06,  1.2403703551273826e+00,  2.2858446543835489e-01,  2.1958840752112525e+02
   167,  2.7079e+01,  7.4016606185572897e-01,  1.7332853338982881e-03, -3.7705940594698294e-06,  2.5394663161887988e-05,  7.6607221727299719e-06,  1.2466523972370797e-06, -7.5230295590336371e-01, -3.0893867261983892e-04, -2.0849396200166635e-05, -2.7846825390736289e-05, -7.3146494965956677e-06,  5.5986755981867700e-06,  1.2403703551273826e+00,  2.2858446543835489e-01,  2.1958840754215470e+02
   168,  2.7238e+01,  7.4016606185572897e-01,  1.7332853338982881e-03, -3.7705940594698294e-06,  2.5394663161887988e-05,  7.6607221727299719e-06,  1.2466523972370797e-06, -7.5230295590336371e-01, -3.0892377145864508e-04, -2.0864297361360482e-05, -2.7846825390736289e-05, -7.3146494965956677e-06,  5.5986755981867700e-06,  1.2403703551273826e+00,  2.2858446543835489e-01,  2.1958841888179109e+02
   169,  2.7399e+01,  7.4016606185572897e-01,  1.7332853338982881e-03, -3.7705940594698294e-06,  2.5394663161887988e-05,  7.6607221727299719e-06,  1.2466523972370797e-06, -7.5230295590336371e-01, -3.0892377145864508e-04, -2.0849396200166635e-05, -2.7861726551930137e-05, -7.3146494965956677e-06,  5.5986755981867700e-06,  1.2403703551273826e+00,  2.2858446543835489e-01,  2.1958840801695939e+02
   170,  2.7559e+01,  7.4016606185572897e-01,  1.7332853338982881e-03, -3.7705940594698294e-06,  2.5394663161887988e-05,  7.6607221727299719e-06,  1.2466523972370797e-06, -7.5230295590336371e-01, -3.0892377145864508e-04, -2.0849396200166635e-05, -2.7846825390736289e-05, -7.3295506577895153e-06,  5.5986755981867700e-06,  1.2403703551273826e+00,  2.2858446543835489e-01,  2.1958838787017649e+02
   171,  2.7718e+01,  7.4016606185572897e-01,  1.7332853338982881e-03, -3.7705940594698294e-06,  2.5394663161887988e-05,  7.6607221727299719e-06,  1.2466523972370797e-06, -7.5230295590336371e-01, -3.0892377145864508e-04, -2.0849396200166635e-05, -2.7846825390736289e-05, -7.3146494965956677e-06,  5.6135767593806176e-06,  1.2403703551273826e+00,  2.2858446543835489e-01,  2.1958840826251878e+02
   172,  2.7878e+01,  7.4016606185572897e-01,  1.7332853338982881e-03, -3.7705940594698294e-06,  2.5394663161887988e-05,  7.6607221727299719e-06,  1.2466523972370797e-06, -7.5230295590336371e-01, -3.0892377145864508e-04, -2.0849396200166635e-05, -2.7846825390736289e-05, -7.3146494965956677e-06,  5.5986755981867700e-06,  1.2403703736103411e+00,  2.2858446543835489e-01,  2.1958840376350651e+02
   173,  2.8037e+01,  7.4016606185572897e-01,  1.7332853338982881e-03, -3.7705940594698294e-06,  2.5394663161887988e-05,  7.6607221727299719e-06,  1.2466523972370797e-06, -7.5230295590336371e-01, -3.0892377145864508e-04, -2.0849396200166635e-05, -2.7846825390736289e-05, -7.3146494965956677e-06,  5.5986755981867700e-06,  1.2403703551273826e+00,  2.2858448033951609e-01,  2.1958840562902529e+02
   174,  2.8228e+01,  7.4016608450059851e-01,  1.7333212961082110e-03, -3.6123098535523923e-06,  2.5589208934876350e-05,  7.8534443154013835e-06,  1.1691650701636687e-06, -7.5230293985681340e-01, -3.0890757478777302e-04, -2.0747134398996238e-05, -2.7827148909024010e-05, -7.4481129841319741e-06,  5.5786342963123181e-06,  1.2403703652115570e+00,  2.2858446377529382e-01,  2.1958823435757230e+02
   175,  2.8393e+01,  7.4016609940175970e-01,  1.7333212961082110e-03, -3.6123098535523923e-06,  2.5589208934876350e-05,  7.8534443154013835e-06,  1.1691650701636687e-06, -7.5230293985681340e-01, -3.0890757478777302e-04, -2.0747134398996238e-05, -2.7827148909024010e-05, -7.4481129841319741e-06,  5.5786342963123181e-06,  1.2403703652115570e+00,  2.2858446377529382e-01,  2.1958822931143939e+02
   176,  2.8548e+01,  7.4016608450059851e-01,  1.7333361972694048e-03, -3.6123098535523923e-06,  2.5589208934876350e-05,  7.8534443154013835e-06,  1.1691650701636687e-06, -7.5230293985681340e-01, -3.0890757478777302e-04, -2.0747134398996238e-05, -2.7827148909024010e-05, -7.4481129841319741e-06,  5.5786342963123181e-06,  1.2403703652115570e+00,  2.2858446377529382e-01,  2.1958823138592629e+02
   177,  2.8704e+01,  7.4016608450059851e-01,  1.7333212961082110e-03, -3.6272110147462400e-06,  2.5589208934876350e-05,  7.8534443154013835e-06,  1.1691650701636687e-06, -7.5230293985681340e-01, -3.0890757478777302e-04, -2.0747134398996238e-05, -2.7827148909024010e-05, -7.4481129841319741e-06,  5.5786342963123181e-06,  1.2403703652115570e+00,  2.2858446377529382e-01,  2.1958822712838892e+02
   178,  2.8867e+01,  7.4016608450059851e-01,  1.7333212961082110e-03, -3.6123098535523923e-06,  2.5604110096070197e-05,  7.8534443154013835e-06,  1.1691650701636687e-06, -7.5230293985681340e-01, -3.0890757478777302e-04, -2.0747134398996238e-05, -2.7827148909024010e-05, -7.4481129841319741e-06,  5.5786342963123181e-06,  1.2403703652115570e+00,  2.2858446377529382e-01,  2.1958827106793819e+02
   179,  2.9025e+01,  7.4016608450059851e-01,  1.7333212961082110e-03, -3.6123098535523923e-06,  2.5589208934876350e-05,  7.8683454765952311e-06,  1.1691650701636687e-06, -7.5230293985681340e-01, -3.0890757478777302e-04, -2.0747134398996238e-05, -2.7827148909024010e-05, -7.4481129841319741e-06,  5.5786342963123181e-06,  1.2403703652115570e+00,  2.2858446377529382e-01,  2.1958825007632893e+02
   180,  2.9183e+01,  7.4016608450059851e-01,  1.7333212961082110e-03, -3.6123098535523923e-06,  2.5589208934876350e-05,  7.8534443154013835e-06,  1.1840662313575163e-06, -7.5230293985681340e-01, -3.0890757478777302e-04, -2.0747134398996238e-05, -2.7827148909024010e-05, -7.4481129841319741e-06,  5.5786342963123181e-06,  1.2403703652115570e+00,  2.2858446377529382e-01,  2.1958816478798713e+02
   181,  2.9343e+01,  7.4016608450059851e-01,  1.7333212961082110e-03, -3.6123098535523923e-06,  2.5589208934876350e-05,  7.8534443154013835e-06,  1.1691650701636687e-06, -7.5230295475797460e-01, -3.0890757478777302e-04, -2.0747134398996238e-05, -2.7827148909024010e-05, -7.4481129841319741e-06,  5.5786342963123181e-06,  1.2403703652115570e+00,  2.2858446377529382e-01,  2.1958823823513947e+02
   182,  2.9503e+01,  7.4016608450059851e-01,  1.7333212961082110e-03, -3.6123098535523923e-06,  2.5589208934876350e-05,  7.8534443154013835e-06,  1.1691650701636687e-06, -7.5230293985681340e-01, -3.0892247594896686e-04, -2.0747134398996238e-05, -2.7827148909024010e-05, -7.4481129841319741e-06,  5.5786342963123181e-06,  1.2403703652115570e+00,  2.2858446377529382e-01,  2.1958823491571056e+02
   183,  2.9661e+01,  7.4016608450059851e-01,  1.7333212961082110e-03, -3.6123098535523923e-06,  2.5589208934876350e-05,  7.8534443154013835e-06,  1.1691650701636687e-06, -7.5230293985681340e-01, -3.0890757478777302e-04, -2.0762035560190086e-05, -2.7827148909024010e-05, -7.4481129841319741e-06,  5.5786342963123181e-06,  1.2403703652115570e+00,  2.2858446377529382e-01,  2.1958821926425546e+02
   184,  2.9819e+01,  7.4016608450059851e-01,  1.7333212961082110e-03, -3.6123098535523923e-06,  2.5589208934876350e-05,  7.8534443154013835e-06,  1.1691650701636687e-06, -7.5230293985681340e-01, -3.0890757478777302e-04, -2.0747134398996238e-05, -2.7842050070217858e-05, -7.4481129841319741e-06,  5.5786342963123181e-06,  1.2403703652115570e+00,  2.2858446377529382e-01,  2.1958818422669094e+02
   185,  2.9976e+01,  7.4016608450059851e-01,  1.7333212961082110e-03, -3.6123098535523923e-06,  2.5589208934876350e-05,  7.8534443154013835e-06,  1.1691650701636687e-06, -7.5230293985681340e-01, -3.0890757478777302e-04, -2.0747134398996238e-05, -2.7827148909024010e-05, -7.4630141453258217e-06,  5.5786342963123181e-06,  1.2403703652115570e+00,  2.2858446377529382e-01,  2.1958821405398859e+02
   186,  3.0137e+01,  7.4016608450059851e-01,  1.7333212961082110e-03, -3.6123098535523923e-06,  2.5589208934876350e-05,  7.8534443154013835e-06,  1.1691650701636687e-06, -7.5230293985681340e-01, -3.0890757478777302e-04, -2.0747134398996238e-05, -2.7827148909024010e-05, -7.4481129841319741e-06,  5.5935354575061658e-06,  1.2403703652115570e+00,  2.2858446377529382e-01,  2.1958813914014175e+02
   187,  3.0296e+01,  7.4016608450059851e-01,  1.7333212961082110e-03, -3.6123098535523923e-06,  2.5589208934876350e-05,  7.8534443154013835e-06,  1.1691650701636687e-06, -7.5230293985681340e-01, -3.0890757478777302e-04, -2.0747134398996238e-05, -2.7827148909024010e-05, -7.4481129841319741e-06,  5.5786342963123181e-06,  1.2403703836945157e+00,  2.2858446377529382e-01,  2.1958823248883172e+02
   188,  3.0457e+01,  7.4016608450059851e-01,  1.7333212961082110e-03, -3.6123098535523923e-06,  2.5589208934876350e-05,  7.8534443154013835e-06,  1.1691650701636687e-06, -7.5230293985681340e-01, -3.0890757478777302e-04, -2.0747134398996238e-05, -2.7827148909024010e-05, -7.4481129841319741e-06,  5.5786342963123181e-06,  1.2403703652115570e+00,  2.2858447867645501e-01,  2.1958823468825034e+02
   189,  3.0652e+01,  7.4016608792231819e-01,  1.7333233110660819e-03, -3.6172119142606436e-06,  2.5564323014590815e-05,  7.8428099497494244e-06,  1.2162222742805867e-06, -7.5230293722743113e-01, -3.0890719643897948e-04, -2.0757369066297107e-05, -2.7861136147516139e-05, -7.4618613981307984e-06,  5.6430737819222892e-06,  1.2403703662331271e+00,  2.2858446355107861e-01,  2.1958738287146562e+02
   190,  3.0809e+01,  7.4016610282347939e-01,  1.7333233110660819e-03, -3.6172119142606436e-06,  2.5564323014590815e-05,  7.8428099497494244e-06,  1.2162222742805867e-06, -7.5230293722743113e-01, -3.0890719643897948e-04, -2.0757369066297107e-05, -2.7861136147516139e-05, -7.4618613981307984e-06,  5.6430737819222892e-06,  1.2403703662331271e+00,  2.2858446355107861e-01,  2.1958737782594335e+02
   191,  3.0968e+01,  7.4016608792231819e-01,  1.7333382122272758e-03, -3.6172119142606436e-06,  2.5564323014590815e-05,  7.8428099497494244e-06,  1.2162222742805867e-06, -7.5230293722743113e-01, -3.0890719643897948e-04, -2.0757369066297107e-05, -2.7861136147516139e-05, -7.4618613981307984e-06,  5.6430737819222892e-06,  1.2403703662331271e+00,  2.2858446355107861e-01,  2.1958737989800707e+02
   192,  3.1127e+01,  7.4016608792231819e-01,  1.7333233110660819e-03, -3.6321130754544912e-06,  2.5564323014590815e-05,  7.8428099497494244e-06,  1.2162222742805867e-06, -7.5230293722743113e-01, -3.0890719643897948e-04, -2.0757369066297107e-05, -2.7861136147516139e-05, -7.4618613981307984e-06,  5.6430737819222892e-06,  1.2403703662331271e+00,  2.2858446355107861e-01,  2.1958737564203329e+02
   193,  3.1289e+01,  7.4016608792231819e-01,  1.7333233110660819e-03, -3.6172119142606436e-06,  2.5579224175784662e-05,  7.8428099497494244e-06,  1.2162222742805867e-06, -7.5230293722743113e-01, -3.0890719643897948e-04, -2.0757369066297107e-05, -2.7861136147516139e-05, -7.4618613981307984e-06,  5.6430737819222892e-06,  1.2403703662331271e+00,  2.2858446355107861e-01,  2.1958741961129908e+02
   194,  3.1451e+01,  7.4016608792231819e-01,  1.7333233110660819e-03, -3.6172119142606436e-06,  2.5564323014590815e-05,  7.8577111109432720e-06,  1.2162222742805867e-06, -7.5230293722743113e-01, -3.0890719643897948e-04, -2.0757369066297107e-05, -2.7861136147516139e-05, -7.4618613981307984e-06,  5.6430737819222892e-06,  1.2403703662331271e+00,  2.2858446355107861e-01,  2.1958739845984877e+02
   195,  3.1606e+01,  7.4016608792231819e-01,  1.7333233110660819e-03, -3.6172119142606436e-06,  2.5564323014590815e-05,  7.8428099497494244e-06,  1.2311234354744343e-06, -7.5230293722743113e-01, -3.0890719643897948e-04, -2.0757369066297107e-05, -2.7861136147516139e-05, -7.4618613981307984e-06,  5.6430737819222892e-06,  1.2403703662331271e+00,  2.2858446355107861e-01,  2.1958731353978811e+02
   196,  3.1761e+01,  7.4016608792231819e-01,  1.7333233110660819e-03, -3.6172119142606436e-06,  2.5564323014590815e-05,  7.8428099497494244e-06,  1.2162222742805867e-06, -7.5230295212859233e-01, -3.0890719643897948e-04, -2.0757369066297107e-05, -2.7861136147516139e-05, -7.4618613981307984e-06,  5.6430737819222892e-06,  1.2403703662331271e+00,  2.2858446355107861e-01,  2.1958738674845117e+02
   197,  3.1919e+01,  7.4016608792231819e-01,  1.7333233110660819e-03, -3.6172119142606436e-06,  2.5564323014590815e-05,  7.8428099497494244e-06,  1.2162222742805867e-06, -7.5230293722743113e-01, -3.0892209760017333e-04, -2.0757369066297107e-05, -2.7861136147516139e-05, -7.4618613981307984e-06,  5.6430737819222892e-06,  1.2403703662331271e+00,  2.2858446355107861e-01,  2.1958738343126439e+02
   198,  3.2077e+01,  7.4016608792231819e-01,  1.7333233110660819e-03, -3.6172119142606436e-06,  2.5564323014590815e-05,  7.8428099497494244e-06,  1.2162222742805867e-06, -7.5230293722743113e-01, -3.0890719643897948e-04, -2.0772270227490955e-05, -2.7861136147516139e-05, -7.4618613981307984e-06,  5.6430737819222892e-06,  1.2403703662331271e+00,  2.2858446355107861e-01,  2.1958736777896479e+02
   199,  3.2233e+01,  7.4016608792231819e-01,  1.7333233110660819e-03, -3.6172119142606436e-06,  2.5564323014590815e-05,  7.8428099497494244e-06,  1.2162222742805867e-06, -7.5230293722743113e-01, -3.0890719643897948e-04, -2.0757369066297107e-05, -2.7876037308709987e-05, -7.4618613981307984e-06,  5.6430737819222892e-06,  1.2403703662331271e+00,  2.2858446355107861e-01,  2.1958733270685676e+02
   200,  3.2393e+01,  7.4016608792231819e-01,  1.7333233110660819e-03, -3.6172119142606436e-06,  2.5564323014590815e-05,  7.8428099497494244e-06,  1.2162222742805867e-06, -7.5230293722743113e-01, -3.0890719643897948e-04, -2.0757369066297107e-05, -2.7861136147516139e-05, -7.4767625593246461e-06,  5.6430737819222892e-06,  1.2403703662331271e+00,  2.2858446355107861e-01,  2.1958736269699037e+02
   201,  3.2550e+01,  7.4016608792231819e-01,  1.7333233110660819e-03, -3.6172119142606436e-06,  2.5564323014590815e-05,  7.8428099497494244e-06,  1.2162222742805867e-06, -7.5230293722743113e-01, -3.0890719643897948e-04, -2.0757369066297107e-05, -2.7861136147516139e-05, -7.4618613981307984e-06,  5.6579749431161368e-06,  1.2403703662331271e+00,  2.2858446355107861e-01,  2.1958730164287658e+02
   202,  3.2709e+01,  7.4016608792231819e-01,  1.7333233110660819e-03, -3.6172119142606436e-06,  2.5564323014590815e-05,  7.8428099497494244e-06,  1.2162222742805867e-06, -7.5230293722743113e-01, -3.0890719643897948e-04, -2.0757369066297107e-05, -2.7861136147516139e-05, -7.4618613981307984e-06,  5.6430737819222892e-06,  1.2403703847160858e+00,  2.2858446355107861e-01,  2.1958738100273345e+02
   203,  3.2876e+01,  7.4016608792231819e-01,  1.7333233110660819e-03, -3.6172119142606436e-06,  2.5564323014590815e-05,  7.8428099497494244e-06,  1.2162222742805867e-06, -7.5230293722743113e-01, -3.0890719643897948e-04, -2.0757369066297107e-05, -2.7861136147516139e-05, -7.4618613981307984e-06,  5.6430737819222892e-06,  1.2403703662331271e+00,  2.2858447845223981e-01,  2.1958738320212976e+02
   204,  3.3068e+01,  7.4016609528765198e-01,  1.7333276513546343e-03, -3.6277650573895322e-06,  2.5510717536181460e-05,  7.8201541655096747e-06,  1.3169138377447611e-06, -7.5230293156769301e-01, -3.0890637965685425e-04, -2.0779400671780231e-05, -2.7934340726071137e-05, -7.4912220863940967e-06,  5.7610996365711176e-06,  1.2403703684322773e+00,  2.2858446306843377e-01,  2.1958753449359645e+02
   205,  3.3230e+01,  7.4016608975846332e-01,  1.7333243931411564e-03, -3.6198428624626548e-06,  2.5550954707377215e-05,  7.8371444748733232e-06,  1.2414246998552748e-06, -7.5230293581652319e-01, -3.0890699274962178e-04, -2.0762861514007806e-05, -2.7879390557927398e-05, -7.4691986795062356e-06,  5.6726035926517715e-06,  1.2403703667813910e+00,  2.2858446343074795e-01,  2.1958735705911894e+02
   206,  3.3390e+01,  7.4016610465962451e-01,  1.7333243931411564e-03, -3.6198428624626548e-06,  2.5550954707377215e-05,  7.8371444748733232e-06,  1.2414246998552748e-06, -7.5230293581652319e-01, -3.0890699274962178e-04, -2.0762861514007806e-05, -2.7879390557927398e-05, -7.4691986795062356e-06,  5.6726035926517715e-06,  1.2403703667813910e+00,  2.2858446343074795e-01,  2.1958735407998037e+02
   207,  3.3548e+01,  7.4016608975846332e-01,  1.7333392943023503e-03, -3.6198428624626548e-06,  2.5550954707377215e-05,  7.8371444748733232e-06,  1.2414246998552748e-06, -7.5230293581652319e-01, -3.0890699274962178e-04, -2.0762861514007806e-05, -2.7879390557927398e-05, -7.4691986795062356e-06,  5.6726035926517715e-06,  1.2403703667813910e+00,  2.2858446343074795e-01,  2.1958735232505643e+02
   208,  3.3712e+01,  7.4016608975846332e-01,  1.7333243931411564e-03, -3.6347440236565025e-06,  2.5550954707377215e-05,  7.8371444748733232e-06,  1.2414246998552748e-06, -7.5230293581652319e-01, -3.0890699274962178e-04, -2.0762861514007806e-05, -2.7879390557927398e-05, -7.4691986795062356e-06,  5.6726035926517715e-06,  1.2403703667813910e+00,  2.2858446343074795e-01,  2.1958737789024161e+02
   209,  3.3869e+01,  7.4016608975846332e-01,  1.7333243931411564e-03, -3.6198428624626548e-06,  2.5565855868571063e-05,  7.8371444748733232e-06,  1.2414246998552748e-06, -7.5230293581652319e-01, -3.0890699274962178e-04, -2.0762861514007806e-05, -2.7879390557927398e-05, -7.4691986795062356e-06,  5.6726035926517715e-06,  1.2403703667813910e+00,  2.2858446343074795e-01,  2.1958733145499073e+02
   210,  3.4023e+01,  7.4016608975846332e-01,  1.7333243931411564e-03, -3.6198428624626548e-06,  2.5550954707377215e-05,  7.8520456360671709e-06,  1.2414246998552748e-06, -7.5230293581652319e-01, -3.0890699274962178e-04, -2.0762861514007806e-05, -2.7879390557927398e-05, -7.4691986795062356e-06,  5.6726035926517715e-06,  1.2403703667813910e+00,  2.2858446343074795e-01,  2.1958733161231225e+02
   211,  3.4177e+01,  7.4016608975846332e-01,  1.7333243931411564e-03, -3.6198428624626548e-06,  2.5550954707377215e-05,  7.8371444748733232e-06,  1.2563258610491225e-06, -7.5230293581652319e-01, -3.0890699274962178e-04, -2.0762861514007806e-05, -2.7879390557927398e-05, -7.4691986795062356e-06,  5.6726035926517715e-06,  1.2403703667813910e+00,  2.2858446343074795e-01,  2.1958736759537257e+02
   212,  3.4330e+01,  7.4016608975846332e-01,  1.7333243931411564e-03, -3.6198428624626548e-06,  2.5550954707377215e-05,  7.8371444748733232e-06,  1.2414246998552748e-06, -7.5230295071768438e-01, -3.0890699274962178e-04, -2.0762861514007806e-05, -2.7879390557927398e-05, -7.4691986795062356e-06,  5.6726035926517715e-06,  1.2403703667813910e+00,  2.2858446343074795e-01,  2.1958735916966828e+02
   213,  3.4486e+01,  7.4016608975846332e-01,  1.7333243931411564e-03, -3.6198428624626548e-06,  2.5550954707377215e-05,  7.8371444748733232e-06,  1.2414246998552748e-06, -7.5230293581652319e-01, -3.0892189391081563e-04, -2.0762861514007806e-05, -2.7879390557927398e-05, -7.4691986795062356e-06,  5.6726035926517715e-06,  1.2403703667813910e+00,  2.2858446343074795e-01,  2.1958735919205341e+02
   214,  3.4642e+01,  7.4016608975846332e-01,  1.7333243931411564e-03, -3.6198428624626548e-06,  2.5550954707377215e-05,  7.8371444748733232e-06,  1.2414246998552748e-06, -7.5230293581652319e-01, -3.0890699274962178e-04, -2.0777762675201654e-05, -2.7879390557927398e-05, -7.4691986795062356e-06,  5.6726035926517715e-06,  1.2403703667813910e+00,  2.2858446343074795e-01,  2.1958737051914773e+02
   215,  3.4798e+01,  7.4016608975846332e-01,  1.7333243931411564e-03, -3.6198428624626548e-06,  2.5550954707377215e-05,  7.8371444748733232e-06,  1.2414246998552748e-06, -7.5230293581652319e-01, -3.0890699274962178e-04, -2.0762861514007806e-05, -2.7894291719121245e-05, -7.4691986795062356e-06,  5.6726035926517715e-06,  1.2403703667813910e+00,  2.2858446343074795e-01,  2.1958735965295020e+02
   216,  3.4954e+01,  7.4016608975846332e-01,  1.7333243931411564e-03, -3.6198428624626548e-06,  2.5550954707377215e-05,  7.8371444748733232e-06,  1.2414246998552748e-06, -7.5230293581652319e-01, -3.0890699274962178e-04, -2.0762861514007806e-05, -2.7879390557927398e-05, -7.4840998407000832e-06,  5.6726035926517715e-06,  1.2403703667813910e+00,  2.2858446343074795e-01,  2.1958733960346891e+02
   217,  3.5105e+01,  7.4016608975846332e-01,  1.7333243931411564e-03, -3.6198428624626548e-06,  2.5550954707377215e-05,  7.8371444748733232e-06,  1.2414246998552748e-06, -7.5230293581652319e-01, -3.0890699274962178e-04, -2.0762861514007806e-05, -2.7879390557927398e-05, -7.4691986795062356e-06,  5.6875047538456192e-06,  1.2403703667813910e+00,  2.2858446343074795e-01,  2.1958736000130941e+02
   218,  3.5258e+01,  7.4016608975846332e-01,  1.7333243931411564e-03, -3.6198428624626548e-06,  2.5550954707377215e-05,  7.8371444748733232e-06,  1.2414246998552748e-06, -7.5230293581652319e-01, -3.0890699274962178e-04, -2.0762861514007806e-05, -2.7879390557927398e-05, -7.4691986795062356e-06,  5.6726035926517715e-06,  1.2403703852643497e+00,  2.2858446343074795e-01,  2.1958735541260805e+02
   219,  3.5410e+01,  7.4016608975846332e-01,  1.7333243931411564e-03, -3.6198428624626548e-06,  2.5550954707377215e-05,  7.8371444748733232e-06,  1.2414246998552748e-06, -7.5230293581652319e-01, -3.0890699274962178e-04, -2.0762861514007806e-05, -2.7879390557927398e-05, -7.4691986795062356e-06,  5.6726035926517715e-06,  1.2403703667813910e+00,  2.2858447833190915e-01,  2.1958735727809650e+02
   220,  3.5596e+01,  7.4016609046453974e-01,  1.7333255151409316e-03, -3.6149059049069933e-06,  2.5557023134804354e-05,  7.8431760442154069e-06,  1.2389322019968897e-06, -7.5230293531630610e-01, -3.0890648724085185e-04, -2.0759671547043816e-05, -2.7878776167997498e-05, -7.4733368503128742e-06,  5.6719113033992480e-06,  1.2403703670959982e+00,  2.2858446337884977e-01,  2.1958731902579933e+02
   221,  3.5748e+01,  7.4016610536570093e-01,  1.7333255151409316e-03, -3.6149059049069933e-06,  2.5557023134804354e-05,  7.8431760442154069e-06,  1.2389322019968897e-06, -7.5230293531630610e-01, -3.0890648724085185e-04, -2.0759671547043816e-05, -2.7878776167997498e-05, -7.4733368503128742e-06,  5.6719113033992480e-06,  1.2403703670959982e+00,  2.2858446337884977e-01,  2.1958731604653380e+02
   222,  3.5904e+01,  7.4016609046453974e-01,  1.7333404163021255e-03, -3.6149059049069933e-06,  2.5557023134804354e-05,  7.8431760442154069e-06,  1.2389322019968897e-06, -7.5230293531630610e-01, -3.0890648724085185e-04, -2.0759671547043816e-05, -2.7878776167997498e-05, -7.4733368503128742e-06,  5.6719113033992480e-06,  1.2403703670959982e+00,  2.2858446337884977e-01,  2.1958731429177126e+02
   223,  3.6057e+01,  7.4016609046453974e-01,  1.7333255151409316e-03, -3.6298070661008409e-06,  2.5557023134804354e-05,  7.8431760442154069e-06,  1.2389322019968897e-06, -7.5230293531630610e-01, -3.0890648724085185e-04, -2.0759671547043816e-05, -2.7878776167997498e-05, -7.4733368503128742e-06,  5.6719113033992480e-06,  1.2403703670959982e+00,  2.2858446337884977e-01,  2.1958733985656326e+02
   224,  3.6209e+01,  7.4016609046453974e-01,  1.7333255151409316e-03, -3.6149059049069933e-06,  2.5571924295998202e-05,  7.8431760442154069e-06,  1.2389322019968897e-06, -7.5230293531630610e-01, -3.0890648724085185e-04, -2.0759671547043816e-05, -2.7878776167997498e-05, -7.4733368503128742e-06,  5.6719113033992480e-06,  1.2403703670959982e+00,  2.2858446337884977e-01,  2.1958729342105525e+02
   225,  3.6363e+01,  7.4016609046453974e-01,  1.7333255151409316e-03, -3.6149059049069933e-06,  2.5557023134804354e-05,  7.8580772054092545e-06,  1.2389322019968897e-06, -7.5230293531630610e-01, -3.0890648724085185e-04, -2.0759671547043816e-05, -2.7878776167997498e-05, -7.4733368503128742e-06,  5.6719113033992480e-06,  1.2403703670959982e+00,  2.2858446337884977e-01,  2.1958729358400069e+02
   226,  3.6519e+01,  7.4016609046453974e-01,  1.7333255151409316e-03, -3.6149059049069933e-06,  2.5557023134804354e-05,  7.8431760442154069e-06,  1.2538333631907374e-06, -7.5230293531630610e-01, -3.0890648724085185e-04, -2.0759671547043816e-05, -2.7878776167997498e-05, -7.4733368503128742e-06,  5.6719113033992480e-06,  1.2403703670959982e+00,  2.2858446337884977e-01,  2.1958732955526290e+02
   227,  3.6670e+01,  7.4016609046453974e-01,  1.7333255151409316e-03, -3.6149059049069933e-06,  2.5557023134804354e-05,  7.8431760442154069e-06,  1.2389322019968897e-06, -7.5230295021746729e-01, -3.0890648724085185e-04, -2.0759671547043816e-05, -2.7878776167997498e-05, -7.4733368503128742e-06,  5.6719113033992480e-06,  1.2403703670959982e+00,  2.2858446337884977e-01,  2.1958732113633718e+02
   228,  3.6822e+01,  7.4016609046453974e-01,  1.7333255151409316e-03, -3.6149059049069933e-06,  2.5557023134804354e-05,  7.8431760442154069e-06,  1.2389322019968897e-06, -7.5230293531630610e-01, -3.0892138840204569e-04, -2.0759671547043816e-05, -2.7878776167997498e-05, -7.4733368503128742e-06,  5.6719113033992480e-06,  1.2403703670959982e+00,  2.2858446337884977e-01,  2.1958732115866155e+02
   229,  3.6982e+01,  7.4016609046453974e-01,  1.7333255151409316e-03, -3.6149059049069933e-06,  2.5557023134804354e-05,  7.8431760442154069e-06,  1.2389322019968897e-06, -7.5230293531630610e-01, -3.0890648724085185e-04, -2.0774572708237664e-05, -2.7878776167997498e-05, -7.4733368503128742e-06,  5.6719113033992480e-06,  1.2403703670959982e+00,  2.2858446337884977e-01,  2.1958733248546619e+02
   230,  3.7135e+01,  7.4016609046453974e-01,  1.7333255151409316e-03, -3.6149059049069933e-06,  2.5557023134804354e-05,  7.8431760442154069e-06,  1.2389322019968897e-06, -7.5230293531630610e-01, -3.0890648724085185e-04, -2.0759671547043816e-05, -2.7893677329191346e-05, -7.4733368503128742e-06,  5.6719113033992480e-06,  1.2403703670959982e+00,  2.2858446337884977e-01,  2.1958732162079048e+02
   231,  3.7289e+01,  7.4016609046453974e-01,  1.7333255151409316e-03, -3.6149059049069933e-06,  2.5557023134804354e-05,  7.8431760442154069e-06,  1.2389322019968897e-06, -7.5230293531630610e-01, -3.0890648724085185e-04, -2.0759671547043816e-05, -2.7878776167997498e-05, -7.4882380115067219e-06,  5.6719113033992480e-06,  1.2403703670959982e+00,  2.2858446337884977e-01,  2.1958730156658115e+02
   232,  3.7439e+01,  7.4016609046453974e-01,  1.7333255151409316e-03, -3.6149059049069933e-06,  2.5557023134804354e-05,  7.8431760442154069e-06,  1.2389322019968897e-06, -7.5230293531630610e-01, -3.0890648724085185e-04, -2.0759671547043816e-05, -2.7878776167997498e-05, -7.4733368503128742e-06,  5.6868124645930957e-06,  1.2403703670959982e+00,  2.2858446337884977e-01,  2.1958732196193080e+02
   233,  3.7591e+01,  7.4016609046453974e-01,  1.7333255151409316e-03, -3.6149059049069933e-06,  2.5557023134804354e-05,  7.8431760442154069e-06,  1.2389322019968897e-06, -7.5230293531630610e-01, -3.0890648724085185e-04, -2.0759671547043816e-05, -2.7878776167997498e-05, -7.4733368503128742e-06,  5.6719113033992480e-06,  1.2403703855789570e+00,  2.2858446337884977e-01,  2.1958731737923412e+02
   234,  3.7745e+01,  7.4016609046453974e-01,  1.7333255151409316e-03, -3.6149059049069933e-06,  2.5557023134804354e-05,  7.8431760442154069e-06,  1.2389322019968897e-06, -7.5230293531630610e-01, -3.0890648724085185e-04, -2.0759671547043816e-05, -2.7878776167997498e-05, -7.4733368503128742e-06,  5.6719113033992480e-06,  1.2403703670959982e+00,  2.2858447828001097e-01,  2.1958731924477451e+02
