       0.10000D+01       0.00000D+00       0.75873D-02       0.32667D+00       0.31279D+00
       0.20000D+01       0.13635D-02       0.23981D-01       0.32866D+00       0.47099D+00
       0.30000D+01       0.20741D-02       0.52223D-02       0.32950D+00       0.31518D+00
       0.40000D+01       0.31605D-02      -0.36964D-02       0.32899D+00       0.31453D+00
       0.50000D+01       0.26846D-02      -0.35495D-02       0.33124D+00       0.31844D+00
       0.60000D+01       0.33729D-02       0.59844D-02       0.33050D+00       0.31748D+00
       0.70000D+01       0.33511D-02       0.23998D-01       0.33062D+00       0.27271D+00
       0.80000D+01       0.31811D-02       0.67037D-02       0.33060D+00       0.24001D+00
       0.90000D+01       0.34514D-02      -0.36021D-03       0.33024D+00       0.24807D+00
       0.10000D+02       0.32401D-02      -0.28205D-02       0.33124D+00       0.25672D+00
       0.11000D+02       0.37026D-02       0.86982D-02       0.33085D+00       0.26180D+00
       0.12000D+02       0.36812D-02       0.26653D-01       0.33094D+00       0.24047D+00
       0.13000D+02       0.34206D-02       0.12345D-01       0.33086D+00       0.22270D+00
       0.14000D+02       0.35452D-02       0.63209D-02       0.33061D+00       0.22913D+00
       0.15000D+02       0.34756D-02       0.17380D-02       0.33124D+00       0.23616D+00
       0.16000D+02       0.38329D-02       0.14308D-01       0.33099D+00       0.24094D+00
       0.17000D+02       0.37867D-02       0.31081D-01       0.33109D+00       0.22721D+00
       0.18000D+02       0.35396D-02       0.20388D-01       0.33098D+00       0.23227D+00
       0.19000D+02       0.36420D-02       0.14253D-01       0.33079D+00       0.23650D+00
       0.20000D+02       0.36369D-02       0.83059D-02       0.33125D+00       0.22459D+00
       0.21000D+02       0.38689D-02       0.20227D-01       0.33107D+00       0.24479D+00
       0.22000D+02       0.38262D-02       0.35714D-01       0.33117D+00       0.23444D+00
       0.23000D+02       0.36344D-02       0.28210D-01       0.33107D+00       0.23805D+00
       0.24000D+02       0.37589D-02       0.20910D-01       0.33091D+00       0.24117D+00
       0.25000D+02       0.37707D-02       0.14284D-01       0.33127D+00       0.23145D+00
       0.26000D+02       0.38632D-02       0.23753D-01       0.33113D+00       0.24749D+00
       0.27000D+02       0.38565D-02       0.38811D-01       0.33123D+00       0.25039D+00
       0.28000D+02       0.37167D-02       0.33401D-01       0.33113D+00       0.26404D+00
       0.29000D+02       0.38776D-02       0.24394D-01       0.33100D+00       0.26573D+00
       0.30000D+02       0.38875D-02       0.17404D-01       0.33128D+00       0.25680D+00
       0.31000D+02       0.38769D-02       0.23335D-01       0.33117D+00       0.26944D+00
       0.32000D+02       0.39352D-02       0.39255D-01       0.33127D+00       0.27122D+00
       0.33000D+02       0.38255D-02       0.34751D-01       0.33117D+00       0.28213D+00
       0.34000D+02       0.40074D-02       0.24364D-01       0.33106D+00       0.28304D+00
       0.35000D+02       0.40166D-02       0.16820D-01       0.33129D+00       0.27490D+00
       0.36000D+02       0.39587D-02       0.19304D-01       0.33120D+00       0.28526D+00
       0.37000D+02       0.40989D-02       0.37053D-01       0.33130D+00       0.28640D+00
       0.38000D+02       0.40002D-02       0.32637D-01       0.33120D+00       0.28717D+00
       0.39000D+02       0.41606D-02       0.22173D-01       0.33110D+00       0.28783D+00
       0.40000D+02       0.41784D-02       0.13444D-01       0.33130D+00       0.28059D+00
       0.41000D+02       0.41113D-02       0.13542D-01       0.33122D+00       0.28954D+00
       0.42000D+02       0.43200D-02       0.33135D-01       0.33132D+00       0.29046D+00
       0.43000D+02       0.42246D-02       0.28631D-01       0.33123D+00       0.29103D+00
       0.44000D+02       0.43176D-02       0.19962D-01       0.33113D+00       0.29153D+00
       0.45000D+02       0.43584D-02       0.91796D-02       0.33130D+00       0.28501D+00
       0.46000D+02       0.42957D-02       0.83174D-02       0.33123D+00       0.29288D+00
       0.47000D+02       0.45270D-02       0.28692D-01       0.33133D+00       0.29365D+00
       0.48000D+02       0.44364D-02       0.24650D-01       0.33124D+00       0.29409D+00
       0.49000D+02       0.44498D-02       0.19328D-01       0.33116D+00       0.29448D+00
       0.50000D+02       0.45291D-02       0.57190D-02       0.33130D+00       0.28856D+00
       0.51000D+02       0.44713D-02       0.51151D-02       0.33123D+00       0.29557D+00
       0.52000D+02       0.46687D-02       0.24633D-01       0.33134D+00       0.29623D+00
       0.53000D+02       0.45911D-02       0.22202D-01       0.33125D+00       0.29657D+00
       0.54000D+02       0.45487D-02       0.20679D-01       0.33118D+00       0.29689D+00
       0.55000D+02       0.46759D-02       0.39588D-02       0.33130D+00       0.29146D+00
       0.56000D+02       0.46215D-02       0.43056D-02       0.33124D+00       0.29778D+00
       0.57000D+02       0.47539D-02       0.21530D-01       0.33135D+00       0.29836D+00
       0.58000D+02       0.47035D-02       0.22052D-01       0.33126D+00       0.29863D+00
       0.59000D+02       0.46363D-02       0.23618D-01       0.33119D+00       0.29889D+00
       0.60000D+02       0.47993D-02       0.43095D-02       0.33129D+00       0.29389D+00
       0.61000D+02       0.47477D-02       0.56520D-02       0.33124D+00       0.29963D+00
       0.62000D+02       0.48173D-02       0.19897D-01       0.33135D+00       0.30014D+00
       0.63000D+02       0.48108D-02       0.24240D-01       0.33127D+00       0.30036D+00
       0.64000D+02       0.47377D-02       0.27604D-01       0.33121D+00       0.30058D+00
       0.65000D+02       0.49025D-02       0.70413D-02       0.33129D+00       0.29594D+00
       0.66000D+02       0.48526D-02       0.87716D-02       0.33124D+00       0.30120D+00
       0.67000D+02       0.48794D-02       0.20181D-01       0.33135D+00       0.30166D+00
       0.68000D+02       0.49214D-02       0.28114D-01       0.33127D+00       0.30183D+00
       0.69000D+02       0.48499D-02       0.32080D-01       0.33122D+00       0.30203D+00
       0.70000D+02       0.49753D-02       0.11944D-01       0.33129D+00       0.29770D+00
       0.71000D+02       0.49273D-02       0.12901D-01       0.33125D+00       0.30255D+00
       0.72000D+02       0.49319D-02       0.22169D-01       0.33135D+00       0.30297D+00
       0.73000D+02       0.50032D-02       0.32289D-01       0.33128D+00       0.30738D+00
       0.74000D+02       0.49356D-02       0.36190D-01       0.33124D+00       0.30749D+00
       0.75000D+02       0.50017D-02       0.17743D-01       0.33130D+00       0.30338D+00
       0.76000D+02       0.49613D-02       0.16500D-01       0.33125D+00       0.30783D+00
       0.77000D+02       0.49573D-02       0.24477D-01       0.33136D+00       0.30815D+00
       0.78000D+02       0.50269D-02       0.34896D-01       0.33129D+00       0.31221D+00
       0.79000D+02       0.49621D-02       0.38760D-01       0.33126D+00       0.31226D+00
       0.80000D+02       0.49771D-02       0.22240D-01       0.33130D+00       0.30836D+00
       0.81000D+02       0.49576D-02       0.17631D-01       0.33126D+00       0.31245D+00
       0.82000D+02       0.49519D-02       0.24980D-01       0.33136D+00       0.30861D+00
       0.83000D+02       0.50000D-02       0.34268D-01       0.33130D+00       0.31647D+00
       0.84000D+02       0.49346D-02       0.38781D-01       0.33127D+00       0.31647D+00
       0.85000D+02       0.49199D-02       0.23361D-01       0.33130D+00       0.31274D+00
       0.86000D+02       0.49327D-02       0.15122D-01       0.33127D+00       0.31654D+00
       0.87000D+02       0.49264D-02       0.22088D-01       0.33136D+00       0.31287D+00
       0.88000D+02       0.49517D-02       0.29772D-01       0.33131D+00       0.32024D+00
       0.89000D+02       0.48835D-02       0.36079D-01       0.33128D+00       0.32020D+00
       0.90000D+02       0.48587D-02       0.20418D-01       0.33131D+00       0.32016D+00
       0.91000D+02       0.48993D-02       0.94794D-02       0.33127D+00       0.32018D+00
       0.92000D+02       0.48888D-02       0.15819D-01       0.33136D+00       0.31667D+00
       0.93000D+02       0.48995D-02       0.22340D-01       0.33131D+00       0.32025D+00
       0.94000D+02       0.48326D-02       0.31616D-01       0.33129D+00       0.32022D+00
       0.95000D+02       0.48092D-02       0.14664D-01       0.33131D+00       0.31686D+00
       0.96000D+02       0.48595D-02       0.27882D-02       0.33127D+00       0.31689D+00
       0.97000D+02       0.48395D-02       0.78647D-02       0.33136D+00       0.31360D+00
       0.98000D+02       0.48457D-02       0.14235D-01       0.33131D+00       0.31702D+00
       0.99000D+02       0.47906D-02       0.27101D-01       0.33130D+00       0.32018D+00
       0.10000D+03       0.47727D-02       0.87309D-02       0.33131D+00       0.31700D+00
       0.10100D+03       0.48141D-02      -0.23170D-02       0.33127D+00       0.31700D+00
       0.10200D+03       0.47832D-02       0.73974D-03       0.33136D+00       0.31387D+00
       0.10300D+03       0.47934D-02       0.81205D-02       0.33131D+00       0.31712D+00
       0.10400D+03       0.47579D-02       0.24183D-01       0.33130D+00       0.32012D+00
       0.10500D+03       0.47396D-02       0.53657D-02       0.33130D+00       0.31711D+00
       0.10600D+03       0.47651D-02      -0.38194D-02       0.33127D+00       0.31707D+00
       0.10700D+03       0.47294D-02      -0.33223D-02       0.33135D+00       0.31723D+00
       0.10800D+03       0.47501D-02       0.59364D-02       0.33131D+00       0.31719D+00
       0.10900D+03       0.47305D-02       0.23838D-01       0.33131D+00       0.31431D+00
       0.11000D+03       0.47022D-02       0.62539D-02       0.33130D+00       0.31155D+00
       0.11100D+03       0.47150D-02      -0.10173D-02       0.33127D+00       0.31156D+00
       0.11200D+03       0.46848D-02      -0.31565D-02       0.33135D+00       0.31176D+00
       0.11300D+03       0.47184D-02       0.81360D-02       0.33131D+00       0.31177D+00
       0.11400D+03       0.47046D-02       0.26180D-01       0.33131D+00       0.30909D+00
       0.11500D+03       0.46629D-02       0.11425D-01       0.33130D+00       0.30648D+00
       0.11600D+03       0.46697D-02       0.53278D-02       0.33127D+00       0.30654D+00
       0.11700D+03       0.46512D-02       0.98075D-03       0.33134D+00       0.30677D+00
       0.11800D+03       0.46922D-02       0.13499D-01       0.33131D+00       0.30682D+00
       0.11900D+03       0.46765D-02       0.30454D-01       0.33132D+00       0.30431D+00
       0.12000D+03       0.46281D-02       0.19295D-01       0.33130D+00       0.30443D+00
       0.12100D+03       0.46363D-02       0.13240D-01       0.33127D+00       0.30450D+00
       0.12200D+03       0.46280D-02       0.74270D-02       0.33134D+00       0.30198D+00
       0.12300D+03       0.46637D-02       0.19541D-01       0.33131D+00       0.30480D+00
       0.12400D+03       0.46475D-02       0.35164D-01       0.33132D+00       0.30248D+00
       0.12500D+03       0.46017D-02       0.27298D-01       0.33130D+00       0.30260D+00
       0.12600D+03       0.46179D-02       0.20195D-01       0.33127D+00       0.30268D+00
       0.12700D+03       0.46147D-02       0.13630D-01       0.33134D+00       0.30028D+00
       0.12800D+03       0.46315D-02       0.23502D-01       0.33131D+00       0.30300D+00
       0.12900D+03       0.46214D-02       0.38545D-01       0.33133D+00       0.30318D+00
       0.13000D+03       0.45823D-02       0.32933D-01       0.33131D+00       0.30571D+00
       0.13100D+03       0.46109D-02       0.24151D-01       0.33128D+00       0.30577D+00
       0.13200D+03       0.46090D-02       0.17208D-01       0.33134D+00       0.30344D+00
       0.13300D+03       0.46045D-02       0.23620D-01       0.33131D+00       0.30603D+00
       0.13400D+03       0.46097D-02       0.39358D-01       0.33134D+00       0.30618D+00
       0.13500D+03       0.45757D-02       0.34794D-01       0.33131D+00       0.30859D+00
       0.13600D+03       0.46158D-02       0.24533D-01       0.33128D+00       0.30863D+00
       0.13700D+03       0.46146D-02       0.17088D-01       0.33134D+00       0.30636D+00
       0.13800D+03       0.45970D-02       0.19976D-01       0.33131D+00       0.30883D+00
       0.13900D+03       0.46264D-02       0.37462D-01       0.33134D+00       0.30897D+00
       0.14000D+03       0.45945D-02       0.33060D-01       0.33131D+00       0.30902D+00
       0.14100D+03       0.46360D-02       0.22505D-01       0.33128D+00       0.30905D+00
       0.14200D+03       0.46379D-02       0.13977D-01       0.33134D+00       0.30685D+00
       0.14300D+03       0.46162D-02       0.14306D-01       0.33132D+00       0.30924D+00
       0.14400D+03       0.46711D-02       0.33699D-01       0.33135D+00       0.30937D+00
       0.14500D+03       0.46395D-02       0.29190D-01       0.33132D+00       0.30941D+00
       0.14600D+03       0.46673D-02       0.20183D-01       0.33129D+00       0.30943D+00
       0.14700D+03       0.46767D-02       0.97175D-02       0.33134D+00       0.30732D+00
       0.14800D+03       0.46555D-02       0.89027D-02       0.33132D+00       0.30961D+00
       0.14900D+03       0.47257D-02       0.29264D-01       0.33135D+00       0.30974D+00
       0.15000D+03       0.46947D-02       0.25106D-01       0.33132D+00       0.30977D+00
       0.15100D+03       0.46999D-02       0.19296D-01       0.33129D+00       0.30980D+00
       0.15200D+03       0.47227D-02       0.60850D-02       0.33134D+00       0.30775D+00
       0.15300D+03       0.47024D-02       0.53952D-02       0.33132D+00       0.30996D+00
       0.15400D+03       0.47694D-02       0.25118D-01       0.33135D+00       0.31009D+00
       0.15500D+03       0.47413D-02       0.22400D-01       0.33132D+00       0.31012D+00
       0.15600D+03       0.47272D-02       0.20401D-01       0.33129D+00       0.31014D+00
       0.15700D+03       0.47684D-02       0.40755D-02       0.33134D+00       0.30815D+00
       0.15800D+03       0.47487D-02       0.42818D-02       0.33131D+00       0.31029D+00
       0.15900D+03       0.47981D-02       0.21862D-01       0.33135D+00       0.31042D+00
       0.16000D+03       0.47779D-02       0.21933D-01       0.33132D+00       0.31044D+00
       0.16100D+03       0.47535D-02       0.23165D-01       0.33130D+00       0.31046D+00
       0.16200D+03       0.48116D-02       0.41329D-02       0.33133D+00       0.30854D+00
       0.16300D+03       0.47923D-02       0.53668D-02       0.33131D+00       0.31060D+00
       0.16400D+03       0.48207D-02       0.20007D-01       0.33135D+00       0.31072D+00
       0.16500D+03       0.48157D-02       0.23839D-01       0.33132D+00       0.31074D+00
       0.16600D+03       0.47876D-02       0.27044D-01       0.33130D+00       0.31076D+00
       0.16700D+03       0.48518D-02       0.65496D-02       0.33133D+00       0.30890D+00
       0.16800D+03       0.48325D-02       0.82852D-02       0.33131D+00       0.31089D+00
       0.16900D+03       0.48447D-02       0.20032D-01       0.33135D+00       0.31101D+00
       0.17000D+03       0.48592D-02       0.27557D-01       0.33132D+00       0.31103D+00
       0.17100D+03       0.48308D-02       0.31495D-01       0.33130D+00       0.31105D+00
       0.17200D+03       0.48842D-02       0.11216D-01       0.33133D+00       0.30924D+00
       0.17300D+03       0.48650D-02       0.12353D-01       0.33131D+00       0.31116D+00
       0.17400D+03       0.48679D-02       0.21851D-01       0.33135D+00       0.31128D+00
       0.17500D+03       0.48968D-02       0.31793D-01       0.33133D+00       0.31308D+00
       0.17600D+03       0.48691D-02       0.35716D-01       0.33131D+00       0.31309D+00
       0.17700D+03       0.49004D-02       0.17011D-01       0.33133D+00       0.31132D+00
       0.17800D+03       0.48831D-02       0.16132D-01       0.33131D+00       0.31317D+00
       0.17900D+03       0.48819D-02       0.24232D-01       0.33136D+00       0.31328D+00
       0.18000D+03       0.49129D-02       0.34712D-01       0.33133D+00       0.31501D+00
       0.18100D+03       0.48856D-02       0.38554D-01       0.33131D+00       0.31502D+00
       0.18200D+03       0.48951D-02       0.21811D-01       0.33133D+00       0.31329D+00
       0.18300D+03       0.48853D-02       0.17680D-01       0.33131D+00       0.31507D+00
       0.18400D+03       0.48831D-02       0.25086D-01       0.33136D+00       0.31335D+00
       0.18500D+03       0.49063D-02       0.34570D-01       0.33133D+00       0.31516D+00
       0.18600D+03       0.48779D-02       0.38940D-01       0.33132D+00       0.31517D+00
       0.18700D+03       0.48728D-02       0.23450D-01       0.33133D+00       0.31348D+00
       0.18800D+03       0.48769D-02       0.15655D-01       0.33131D+00       0.31521D+00
       0.18900D+03       0.48743D-02       0.22675D-01       0.33136D+00       0.31353D+00
       0.19000D+03       0.48874D-02       0.30559D-01       0.33133D+00       0.31694D+00
       0.19100D+03       0.48565D-02       0.36561D-01       0.33132D+00       0.31694D+00
       0.19200D+03       0.48454D-02       0.21005D-01       0.33133D+00       0.31694D+00
       0.19300D+03       0.48633D-02       0.10328D-01       0.33132D+00       0.31696D+00
       0.19400D+03       0.48589D-02       0.16780D-01       0.33136D+00       0.31532D+00
       0.19500D+03       0.48647D-02       0.23402D-01       0.33133D+00       0.31703D+00
       0.19600D+03       0.48329D-02       0.32239D-01       0.33133D+00       0.31703D+00
       0.19700D+03       0.48214D-02       0.15486D-01       0.33133D+00       0.31543D+00
       0.19800D+03       0.48455D-02       0.36235D-02       0.33131D+00       0.31545D+00
       0.19900D+03       0.48367D-02       0.89081D-02       0.33136D+00       0.31385D+00
       0.20000D+03       0.48397D-02       0.15231D-01       0.33133D+00       0.31553D+00
       0.20100D+03       0.48118D-02       0.27629D-01       0.33133D+00       0.31709D+00
       0.20200D+03       0.48026D-02       0.94096D-02       0.33133D+00       0.31553D+00
       0.20300D+03       0.48239D-02      -0.18250D-02       0.33131D+00       0.31554D+00
       0.20400D+03       0.48091D-02       0.15329D-02       0.33136D+00       0.31398D+00
       0.20500D+03       0.48137D-02       0.87224D-02       0.33133D+00       0.31562D+00
       0.20600D+03       0.47944D-02       0.24429D-01       0.33133D+00       0.31714D+00
       0.20700D+03       0.47853D-02       0.55835D-02       0.33133D+00       0.31562D+00
       0.20800D+03       0.47991D-02      -0.38674D-02       0.33131D+00       0.31562D+00
       0.20900D+03       0.47809D-02      -0.30216D-02       0.33135D+00       0.31570D+00
       0.21000D+03       0.47904D-02       0.59650D-02       0.33133D+00       0.31569D+00
       0.21100D+03       0.47793D-02       0.23724D-01       0.33133D+00       0.31717D+00
       0.21200D+03       0.47653D-02       0.58790D-02       0.33133D+00       0.31572D+00
       0.21300D+03       0.47724D-02      -0.16126D-02       0.33131D+00       0.31571D+00
       0.21400D+03       0.47558D-02      -0.34232D-02       0.33135D+00       0.31579D+00
       0.21500D+03       0.47723D-02       0.76291D-02       0.33133D+00       0.31578D+00
       0.21600D+03       0.47646D-02       0.25742D-01       0.33133D+00       0.31434D+00
       0.21700D+03       0.47431D-02       0.10552D-01       0.33133D+00       0.31294D+00
       0.21800D+03       0.47466D-02       0.43620D-02       0.33131D+00       0.31294D+00
       0.21900D+03       0.47356D-02       0.26388D-03       0.33135D+00       0.31303D+00
       0.22000D+03       0.47571D-02       0.12701D-01       0.33133D+00       0.31303D+00
       0.22100D+03       0.47484D-02       0.29836D-01       0.33134D+00       0.31165D+00
       0.22200D+03       0.47220D-02       0.18204D-01       0.33133D+00       0.31168D+00
       0.22300D+03       0.47258D-02       0.12211D-01       0.33131D+00       0.31168D+00
       0.22400D+03       0.47204D-02       0.65438D-02       0.33135D+00       0.31028D+00
       0.22500D+03       0.47404D-02       0.18818D-01       0.33133D+00       0.31179D+00
       0.22600D+03       0.47310D-02       0.34590D-01       0.33134D+00       0.31048D+00
       0.22700D+03       0.47049D-02       0.26344D-01       0.33133D+00       0.31051D+00
       0.22800D+03       0.47127D-02       0.19427D-01       0.33131D+00       0.31052D+00
       0.22900D+03       0.47104D-02       0.12930D-01       0.33135D+00       0.30916D+00
       0.23000D+03       0.47210D-02       0.23183D-01       0.33133D+00       0.31063D+00
       0.23100D+03       0.47142D-02       0.38233D-01       0.33134D+00       0.31070D+00
       0.23200D+03       0.46913D-02       0.32399D-01       0.33133D+00       0.31209D+00
       0.23300D+03       0.47060D-02       0.23844D-01       0.33131D+00       0.31209D+00
       0.23400D+03       0.47046D-02       0.16946D-01       0.33135D+00       0.31075D+00
       0.23500D+03       0.47031D-02       0.23839D-01       0.33133D+00       0.31218D+00
       0.23600D+03       0.47041D-02       0.39414D-01       0.33134D+00       0.31224D+00
       0.23700D+03       0.46840D-02       0.34775D-01       0.33133D+00       0.31359D+00
       0.23800D+03       0.47058D-02       0.24659D-01       0.33131D+00       0.31359D+00
       0.23900D+03       0.47047D-02       0.17304D-01       0.33135D+00       0.31227D+00
       0.24000D+03       0.46950D-02       0.20613D-01       0.33133D+00       0.31367D+00
       0.24100D+03       0.47094D-02       0.37839D-01       0.33135D+00       0.31372D+00
       0.24200D+03       0.46905D-02       0.33446D-01       0.33133D+00       0.31503D+00
       0.24300D+03       0.47145D-02       0.22832D-01       0.33131D+00       0.31502D+00
       0.24400D+03       0.47150D-02       0.14490D-01       0.33135D+00       0.31373D+00
       0.24500D+03       0.47023D-02       0.15075D-01       0.33133D+00       0.31509D+00
       0.24600D+03       0.47322D-02       0.34252D-01       0.33135D+00       0.31514D+00
       0.24700D+03       0.47133D-02       0.29746D-01       0.33133D+00       0.31514D+00
       0.24800D+03       0.47308D-02       0.20430D-01       0.33132D+00       0.31513D+00
       0.24900D+03       0.47354D-02       0.10267D-01       0.33135D+00       0.31386D+00
       0.25000D+03       0.47226D-02       0.95217D-02       0.33133D+00       0.31519D+00
       0.25100D+03       0.47633D-02       0.29841D-01       0.33135D+00       0.31525D+00
       0.25200D+03       0.47446D-02       0.25587D-01       0.33133D+00       0.31524D+00
       0.25300D+03       0.47492D-02       0.19298D-01       0.33132D+00       0.31524D+00
       0.25400D+03       0.47614D-02       0.64791D-02       0.33135D+00       0.31399D+00
       0.25500D+03       0.47490D-02       0.57166D-02       0.33133D+00       0.31529D+00
       0.25600D+03       0.47899D-02       0.25617D-01       0.33135D+00       0.31535D+00
       0.25700D+03       0.47725D-02       0.22636D-01       0.33133D+00       0.31535D+00
       0.25800D+03       0.47651D-02       0.20152D-01       0.33132D+00       0.31534D+00
       0.25900D+03       0.47883D-02       0.42271D-02       0.33134D+00       0.31411D+00
       0.26000D+03       0.47763D-02       0.42951D-02       0.33133D+00       0.31539D+00
       0.26100D+03       0.48078D-02       0.22218D-01       0.33135D+00       0.31545D+00
       0.26200D+03       0.47946D-02       0.21855D-01       0.33133D+00       0.31544D+00
       0.26300D+03       0.47801D-02       0.22731D-01       0.33132D+00       0.31544D+00
       0.26400D+03       0.48145D-02       0.39967D-02       0.33134D+00       0.31424D+00
       0.26500D+03       0.48026D-02       0.51129D-02       0.33133D+00       0.31548D+00
       0.26600D+03       0.48216D-02       0.20150D-01       0.33135D+00       0.31554D+00
       0.26700D+03       0.48171D-02       0.23469D-01       0.33134D+00       0.31554D+00
       0.26800D+03       0.47998D-02       0.26494D-01       0.33132D+00       0.31553D+00
       0.26900D+03       0.48395D-02       0.60975D-02       0.33134D+00       0.31435D+00
       0.27000D+03       0.48276D-02       0.78194D-02       0.33133D+00       0.31557D+00
       0.27100D+03       0.48363D-02       0.19915D-01       0.33135D+00       0.31563D+00
       0.27200D+03       0.48438D-02       0.27009D-01       0.33134D+00       0.31563D+00
       0.27300D+03       0.48261D-02       0.30908D-01       0.33132D+00       0.31562D+00
       0.27400D+03       0.48609D-02       0.10509D-01       0.33134D+00       0.31447D+00
       0.27500D+03       0.48488D-02       0.11801D-01       0.33133D+00       0.31566D+00
       0.27600D+03       0.48512D-02       0.21544D-01       0.33136D+00       0.31572D+00
       0.27700D+03       0.48687D-02       0.31274D-01       0.33134D+00       0.31684D+00
       0.27800D+03       0.48513D-02       0.35218D-01       0.33132D+00       0.31683D+00
       0.27900D+03       0.48730D-02       0.16262D-01       0.33134D+00       0.31570D+00
       0.28000D+03       0.48618D-02       0.15725D-01       0.33133D+00       0.31686D+00
       0.28100D+03       0.48614D-02       0.23962D-01       0.33136D+00       0.31691D+00
       0.28200D+03       0.48814D-02       0.34473D-01       0.33134D+00       0.31801D+00
       0.28300D+03       0.48642D-02       0.38305D-01       0.33133D+00       0.31800D+00
       0.28400D+03       0.48719D-02       0.21327D-01       0.33134D+00       0.31688D+00
       0.28500D+03       0.48648D-02       0.17665D-01       0.33133D+00       0.31801D+00
       0.28600D+03       0.48635D-02       0.25134D-01       0.33136D+00       0.31807D+00
       0.28700D+03       0.48793D-02       0.34804D-01       0.33134D+00       0.31805D+00
       0.28800D+03       0.48613D-02       0.39051D-01       0.33133D+00       0.31804D+00
       0.28900D+03       0.48590D-02       0.23467D-01       0.33134D+00       0.31694D+00
       0.29000D+03       0.48604D-02       0.16130D-01       0.33133D+00       0.31805D+00
       0.29100D+03       0.48588D-02       0.23200D-01       0.33136D+00       0.31695D+00
       0.29200D+03       0.48681D-02       0.31291D-01       0.33134D+00       0.31916D+00
       0.29300D+03       0.48484D-02       0.37009D-01       0.33133D+00       0.31915D+00
       0.29400D+03       0.48415D-02       0.21538D-01       0.33134D+00       0.31914D+00
       0.29500D+03       0.48522D-02       0.11153D-01       0.33133D+00       0.31915D+00
       0.29600D+03       0.48496D-02       0.17705D-01       0.33136D+00       0.31807D+00
       0.29700D+03       0.48539D-02       0.24447D-01       0.33134D+00       0.31918D+00
       0.29800D+03       0.48331D-02       0.32857D-01       0.33134D+00       0.31918D+00
       0.29900D+03       0.48254D-02       0.16298D-01       0.33134D+00       0.31811D+00
       0.30000D+03       0.48411D-02       0.44808D-02       0.33133D+00       0.31812D+00
       0.30100D+03       0.48358D-02       0.99601D-02       0.33136D+00       0.31705D+00
       0.30200D+03       0.48379D-02       0.16256D-01       0.33134D+00       0.31815D+00
       0.30300D+03       0.48189D-02       0.28181D-01       0.33134D+00       0.31918D+00
       0.30400D+03       0.48126D-02       0.10128D-01       0.33134D+00       0.31814D+00
       0.30500D+03       0.48272D-02      -0.12735D-02       0.33133D+00       0.31813D+00
       0.30600D+03       0.48179D-02       0.23753D-02       0.33136D+00       0.31709D+00
       0.30700D+03       0.48206D-02       0.93899D-02       0.33134D+00       0.31817D+00
       0.30800D+03       0.48069D-02       0.24719D-01       0.33134D+00       0.31918D+00
       0.30900D+03       0.48010D-02       0.58734D-02       0.33134D+00       0.31815D+00
       0.31000D+03       0.48108D-02      -0.38405D-02       0.33133D+00       0.31814D+00
       0.31100D+03       0.47987D-02      -0.26486D-02       0.33136D+00       0.31819D+00
       0.31200D+03       0.48046D-02       0.60710D-02       0.33134D+00       0.31818D+00
       0.31300D+03       0.47965D-02       0.23658D-01       0.33134D+00       0.31918D+00
       0.31400D+03       0.47875D-02       0.55806D-02       0.33134D+00       0.31819D+00
       0.31500D+03       0.47927D-02      -0.21431D-02       0.33133D+00       0.31817D+00
       0.31600D+03       0.47812D-02      -0.36186D-02       0.33135D+00       0.31822D+00
       0.31700D+03       0.47917D-02       0.71820D-02       0.33134D+00       0.31821D+00
       0.31800D+03       0.47863D-02       0.25339D-01       0.33134D+00       0.31722D+00
       0.31900D+03       0.47722D-02       0.97310D-02       0.33134D+00       0.31626D+00
       0.32000D+03       0.47747D-02       0.34290D-02       0.33132D+00       0.31625D+00
       0.32100D+03       0.47666D-02      -0.40754D-03       0.33135D+00       0.31630D+00
       0.32200D+03       0.47809D-02       0.11922D-01       0.33134D+00       0.31629D+00
       0.32300D+03       0.47751D-02       0.29229D-01       0.33134D+00       0.31533D+00
       0.32400D+03       0.47572D-02       0.17122D-01       0.33134D+00       0.31534D+00
       0.32500D+03       0.47595D-02       0.11170D-01       0.33132D+00       0.31534D+00
       0.32600D+03       0.47553D-02       0.56625D-02       0.33135D+00       0.31436D+00
       0.32700D+03       0.47694D-02       0.18065D-01       0.33134D+00       0.31538D+00
       0.32800D+03       0.47628D-02       0.33997D-01       0.33134D+00       0.31447D+00
       0.32900D+03       0.47445D-02       0.25354D-01       0.33134D+00       0.31448D+00
       0.33000D+03       0.47493D-02       0.18610D-01       0.33132D+00       0.31448D+00
       0.33100D+03       0.47474D-02       0.12187D-01       0.33135D+00       0.31352D+00
       0.33200D+03       0.47557D-02       0.22799D-01       0.33134D+00       0.31453D+00
       0.33300D+03       0.47505D-02       0.37879D-01       0.33135D+00       0.31456D+00
       0.33400D+03       0.47342D-02       0.31800D-01       0.33134D+00       0.31552D+00
       0.33500D+03       0.47436D-02       0.23474D-01       0.33132D+00       0.31551D+00
       0.33600D+03       0.47425D-02       0.16620D-01       0.33135D+00       0.31456D+00
       0.33700D+03       0.47424D-02       0.23990D-01       0.33134D+00       0.31555D+00
       0.33800D+03       0.47420D-02       0.39422D-01       0.33135D+00       0.31558D+00
       0.33900D+03       0.47276D-02       0.34691D-01       0.33134D+00       0.31652D+00
       0.34000D+03       0.47422D-02       0.24739D-01       0.33133D+00       0.31651D+00
       0.34100D+03       0.47413D-02       0.17465D-01       0.33135D+00       0.31557D+00
       0.34200D+03       0.47349D-02       0.21210D-01       0.33134D+00       0.31655D+00
       0.34300D+03       0.47436D-02       0.38182D-01       0.33135D+00       0.31658D+00
       0.34400D+03       0.47301D-02       0.33791D-01       0.33134D+00       0.31749D+00
       0.34500D+03       0.47470D-02       0.23150D-01       0.33133D+00       0.31748D+00
       0.34600D+03       0.47470D-02       0.14980D-01       0.33135D+00       0.31655D+00
       0.34700D+03       0.47381D-02       0.15845D-01       0.33134D+00       0.31751D+00
       0.34800D+03       0.47577D-02       0.34791D-01       0.33135D+00       0.31754D+00
       0.34900D+03       0.47443D-02       0.30295D-01       0.33134D+00       0.31753D+00
       0.35000D+03       0.47575D-02       0.20701D-01       0.33133D+00       0.31752D+00
       0.35100D+03       0.47602D-02       0.10826D-01       0.33135D+00       0.31661D+00
       0.35200D+03       0.47510D-02       0.10172D-01       0.33134D+00       0.31755D+00
       0.35300D+03       0.47792D-02       0.30421D-01       0.33135D+00       0.31758D+00
       0.35400D+03       0.47658D-02       0.26089D-01       0.33134D+00       0.31846D+00
       0.35500D+03       0.47703D-02       0.19336D-01       0.33133D+00       0.31844D+00
       0.35600D+03       0.47780D-02       0.69002D-02       0.33135D+00       0.31754D+00
       0.35700D+03       0.47692D-02       0.60797D-02       0.33134D+00       0.31846D+00
       0.35800D+03       0.47987D-02       0.26131D-01       0.33135D+00       0.31849D+00
       0.35900D+03       0.47860D-02       0.22910D-01       0.33134D+00       0.31848D+00
       0.36000D+03       0.47816D-02       0.19932D-01       0.33133D+00       0.31847D+00
       0.36100D+03       0.47971D-02       0.44131D-02       0.33135D+00       0.31758D+00
       0.36200D+03       0.47884D-02       0.43466D-02       0.33134D+00       0.31849D+00
       0.36300D+03       0.48121D-02       0.22596D-01       0.33135D+00       0.31852D+00
       0.36400D+03       0.48020D-02       0.21819D-01       0.33134D+00       0.31851D+00
       0.36500D+03       0.47920D-02       0.22317D-01       0.33133D+00       0.31850D+00
       0.36600D+03       0.48159D-02       0.39004D-02       0.33135D+00       0.31762D+00
       0.36700D+03       0.48073D-02       0.48914D-02       0.33134D+00       0.31851D+00
       0.36800D+03       0.48221D-02       0.20324D-01       0.33135D+00       0.31855D+00
       0.36900D+03       0.48178D-02       0.23133D-01       0.33134D+00       0.31854D+00
       0.37000D+03       0.48055D-02       0.25955D-01       0.33133D+00       0.31852D+00
       0.37100D+03       0.48340D-02       0.56860D-02       0.33135D+00       0.31766D+00
       0.37200D+03       0.48254D-02       0.73764D-02       0.33134D+00       0.31854D+00
       0.37300D+03       0.48325D-02       0.19832D-01       0.33136D+00       0.31857D+00
       0.37400D+03       0.48368D-02       0.26474D-01       0.33134D+00       0.31856D+00
       0.37500D+03       0.48240D-02       0.30319D-01       0.33133D+00       0.31855D+00
       0.37600D+03       0.48501D-02       0.98258D-02       0.33134D+00       0.31770D+00
       0.37700D+03       0.48414D-02       0.11249D-01       0.33134D+00       0.31856D+00
       0.37800D+03       0.48436D-02       0.21252D-01       0.33136D+00       0.31860D+00
       0.37900D+03       0.48556D-02       0.30738D-01       0.33134D+00       0.31941D+00
       0.38000D+03       0.48429D-02       0.34700D-01       0.33133D+00       0.31940D+00
       0.38100D+03       0.48602D-02       0.15501D-01       0.33134D+00       0.31856D+00
       0.38200D+03       0.48519D-02       0.15284D-01       0.33134D+00       0.31940D+00
       0.38300D+03       0.48517D-02       0.23670D-01       0.33136D+00       0.31944D+00
       0.38400D+03       0.48665D-02       0.34186D-01       0.33134D+00       0.32023D+00
       0.38500D+03       0.48539D-02       0.38016D-01       0.33133D+00       0.32022D+00
       0.38600D+03       0.48609D-02       0.20791D-01       0.33134D+00       0.31939D+00
       0.38700D+03       0.48551D-02       0.17589D-01       0.33134D+00       0.32022D+00
       0.38800D+03       0.48542D-02       0.25127D-01       0.33136D+00       0.32025D+00
       0.38900D+03       0.48664D-02       0.34971D-01       0.33134D+00       0.32024D+00
       0.39000D+03       0.48533D-02       0.39112D-01       0.33134D+00       0.32023D+00
       0.39100D+03       0.48524D-02       0.23412D-01       0.33134D+00       0.31941D+00
       0.39200D+03       0.48525D-02       0.16544D-01       0.33134D+00       0.32022D+00
       0.39300D+03       0.48514D-02       0.23662D-01       0.33136D+00       0.31940D+00
       0.39400D+03       0.48589D-02       0.31964D-01       0.33134D+00       0.32103D+00
       0.39500D+03       0.48445D-02       0.37420D-01       0.33134D+00       0.32102D+00
       0.39600D+03       0.48397D-02       0.22012D-01       0.33134D+00       0.32101D+00
       0.39700D+03       0.48468D-02       0.11947D-01       0.33134D+00       0.32101D+00
       0.39800D+03       0.48451D-02       0.18591D-01       0.33136D+00       0.32020D+00
       0.39900D+03       0.48487D-02       0.25467D-01       0.33135D+00       0.32102D+00
       0.40000D+03       0.48332D-02       0.33466D-01       0.33134D+00       0.32102D+00
       0.40100D+03       0.48275D-02       0.17094D-01       0.33134D+00       0.32022D+00
       0.40200D+03       0.48390D-02       0.53543D-02       0.33134D+00       0.32022D+00
       0.40300D+03       0.48353D-02       0.11015D-01       0.33136D+00       0.31942D+00
       0.40400D+03       0.48370D-02       0.17305D-01       0.33135D+00       0.32023D+00
       0.40500D+03       0.48225D-02       0.28754D-01       0.33134D+00       0.32023D+00
       0.40600D+03       0.48176D-02       0.10880D-01       0.33134D+00       0.31944D+00
       0.40700D+03       0.48288D-02      -0.66617D-03       0.33134D+00       0.31944D+00
       0.40800D+03       0.48222D-02       0.32624D-02       0.33136D+00       0.31865D+00
       0.40900D+03       0.48241D-02       0.10120D-01       0.33135D+00       0.31946D+00
       0.41000D+03       0.48133D-02       0.25051D-01       0.33134D+00       0.32021D+00
       0.41100D+03       0.48089D-02       0.62328D-02       0.33134D+00       0.31944D+00
       0.41200D+03       0.48168D-02      -0.37393D-02       0.33133D+00       0.31943D+00
       0.41300D+03       0.48078D-02      -0.22049D-02       0.33136D+00       0.31946D+00
       0.41400D+03       0.48118D-02       0.62544D-02       0.33134D+00       0.31945D+00
       0.41500D+03       0.48052D-02       0.23639D-01       0.33134D+00       0.32020D+00
       0.41600D+03       0.47989D-02       0.53600D-02       0.33134D+00       0.31945D+00
       0.41700D+03       0.48032D-02      -0.26061D-02       0.33133D+00       0.31944D+00
       0.41800D+03       0.47942D-02      -0.37411D-02       0.33135D+00       0.31947D+00
       0.41900D+03       0.48017D-02       0.67984D-02       0.33134D+00       0.31946D+00
       0.42000D+03       0.47975D-02       0.24976D-01       0.33134D+00       0.31871D+00
       0.42100D+03       0.47873D-02       0.89667D-02       0.33134D+00       0.31797D+00
       0.42200D+03       0.47893D-02       0.25339D-02       0.33133D+00       0.31796D+00
       0.42300D+03       0.47828D-02      -0.10289D-02       0.33135D+00       0.31800D+00
       0.42400D+03       0.47933D-02       0.11168D-01       0.33134D+00       0.31798D+00
       0.42500D+03       0.47890D-02       0.28638D-01       0.33134D+00       0.31725D+00
       0.42600D+03       0.47756D-02       0.16054D-01       0.33134D+00       0.31653D+00
       0.42700D+03       0.47772D-02       0.10125D-01       0.33133D+00       0.31652D+00
       0.42800D+03       0.47736D-02       0.47892D-02       0.33135D+00       0.31578D+00
       0.42900D+03       0.47846D-02       0.17286D-01       0.33134D+00       0.31656D+00
       0.43000D+03       0.47795D-02       0.33389D-01       0.33135D+00       0.31584D+00
       0.43100D+03       0.47655D-02       0.24332D-01       0.33134D+00       0.31584D+00
       0.43200D+03       0.47687D-02       0.17748D-01       0.33133D+00       0.31584D+00
       0.43300D+03       0.47671D-02       0.11408D-01       0.33135D+00       0.31510D+00
       0.43400D+03       0.47742D-02       0.22352D-01       0.33134D+00       0.31587D+00
       0.43500D+03       0.47699D-02       0.37483D-01       0.33135D+00       0.31519D+00
       0.43600D+03       0.47571D-02       0.31138D-01       0.33134D+00       0.31519D+00
       0.43700D+03       0.47638D-02       0.23041D-01       0.33133D+00       0.31519D+00
       0.43800D+03       0.47628D-02       0.16231D-01       0.33135D+00       0.31446D+00
       0.43900D+03       0.47635D-02       0.24070D-01       0.33134D+00       0.31523D+00
       0.44000D+03       0.47625D-02       0.39382D-01       0.33135D+00       0.31525D+00
       0.44100D+03       0.47512D-02       0.34540D-01       0.33134D+00       0.31597D+00
       0.44200D+03       0.47619D-02       0.24769D-01       0.33133D+00       0.31596D+00
       0.44300D+03       0.47612D-02       0.17567D-01       0.33135D+00       0.31524D+00
       0.44400D+03       0.47567D-02       0.21762D-01       0.33134D+00       0.31599D+00
       0.44500D+03       0.47622D-02       0.38487D-01       0.33135D+00       0.31602D+00
       0.44600D+03       0.47518D-02       0.34092D-01       0.33134D+00       0.31672D+00
       0.44700D+03       0.47647D-02       0.23454D-01       0.33133D+00       0.31672D+00
       0.44800D+03       0.47646D-02       0.15441D-01       0.33135D+00       0.31600D+00
       0.44900D+03       0.47578D-02       0.16611D-01       0.33134D+00       0.31674D+00
       0.45000D+03       0.47718D-02       0.35314D-01       0.33135D+00       0.31677D+00
       0.45100D+03       0.47614D-02       0.30832D-01       0.33134D+00       0.31676D+00
       0.45200D+03       0.47722D-02       0.20991D-01       0.33133D+00       0.31676D+00
       0.45300D+03       0.47739D-02       0.11389D-01       0.33135D+00       0.31605D+00
       0.45400D+03       0.47667D-02       0.10851D-01       0.33134D+00       0.31678D+00
       0.45500D+03       0.47880D-02       0.31004D-01       0.33135D+00       0.31681D+00
       0.45600D+03       0.47775D-02       0.26610D-01       0.33134D+00       0.31749D+00
       0.45700D+03       0.47819D-02       0.19409D-01       0.33133D+00       0.31748D+00
       0.45800D+03       0.47873D-02       0.73468D-02       0.33135D+00       0.31679D+00
       0.45900D+03       0.47803D-02       0.64841D-02       0.33134D+00       0.31750D+00
       0.46000D+03       0.48035D-02       0.26658D-01       0.33135D+00       0.31753D+00
       0.46100D+03       0.47935D-02       0.23220D-01       0.33134D+00       0.31752D+00
       0.46200D+03       0.47908D-02       0.19743D-01       0.33133D+00       0.31751D+00
       0.46300D+03       0.48020D-02       0.46329D-02       0.33135D+00       0.31683D+00
       0.46400D+03       0.47952D-02       0.44370D-02       0.33134D+00       0.31753D+00
       0.46500D+03       0.48144D-02       0.22996D-01       0.33135D+00       0.31756D+00
       0.46600D+03       0.48062D-02       0.21825D-01       0.33134D+00       0.31755D+00
       0.46700D+03       0.47988D-02       0.21925D-01       0.33134D+00       0.31755D+00
       0.46800D+03       0.48166D-02       0.38433D-02       0.33135D+00       0.31686D+00
       0.46900D+03       0.48099D-02       0.47029D-02       0.33134D+00       0.31756D+00
       0.47000D+03       0.48223D-02       0.20530D-01       0.33136D+00       0.31759D+00
       0.47100D+03       0.48182D-02       0.22832D-01       0.33134D+00       0.31758D+00
       0.47200D+03       0.48087D-02       0.25430D-01       0.33134D+00       0.31758D+00
       0.47300D+03       0.48309D-02       0.53157D-02       0.33135D+00       0.31690D+00
       0.47400D+03       0.48241D-02       0.69580D-02       0.33134D+00       0.31759D+00
       0.47500D+03       0.48304D-02       0.19782D-01       0.33136D+00       0.31762D+00
       0.47600D+03       0.48328D-02       0.25956D-01       0.33134D+00       0.31761D+00
       0.47700D+03       0.48227D-02       0.29732D-01       0.33134D+00       0.31761D+00
       0.47800D+03       0.48439D-02       0.91709D-02       0.33135D+00       0.31694D+00
       0.47900D+03       0.48370D-02       0.10702D-01       0.33134D+00       0.31762D+00
       0.48000D+03       0.48391D-02       0.20979D-01       0.33136D+00       0.31765D+00
       0.48100D+03       0.48480D-02       0.30188D-01       0.33134D+00       0.31829D+00
       0.48200D+03       0.48380D-02       0.34164D-01       0.33134D+00       0.31829D+00
       0.48300D+03       0.48527D-02       0.14735D-01       0.33135D+00       0.31763D+00
       0.48400D+03       0.48460D-02       0.14814D-01       0.33134D+00       0.31830D+00
       0.48500D+03       0.48460D-02       0.23362D-01       0.33136D+00       0.31832D+00
       0.48600D+03       0.48577D-02       0.33852D-01       0.33135D+00       0.31896D+00
       0.48700D+03       0.48478D-02       0.37688D-01       0.33134D+00       0.31895D+00
       0.48800D+03       0.48543D-02       0.20209D-01       0.33135D+00       0.31829D+00
       0.48900D+03       0.48493D-02       0.17455D-01       0.33134D+00       0.31895D+00
       0.49000D+03       0.48486D-02       0.25070D-01       0.33136D+00       0.31898D+00
       0.49100D+03       0.48587D-02       0.35071D-01       0.33135D+00       0.31897D+00
       0.49200D+03       0.48485D-02       0.39125D-01       0.33134D+00       0.31897D+00
       0.49300D+03       0.48484D-02       0.23286D-01       0.33135D+00       0.31832D+00
       0.49400D+03       0.48477D-02       0.16895D-01       0.33134D+00       0.31897D+00
       0.49500D+03       0.48469D-02       0.24060D-01       0.33136D+00       0.31832D+00
       0.49600D+03       0.48534D-02       0.32576D-01       0.33135D+00       0.31961D+00
       0.49700D+03       0.48421D-02       0.37791D-01       0.33134D+00       0.31961D+00
       0.49800D+03       0.48385D-02       0.22424D-01       0.33135D+00       0.31960D+00
       0.49900D+03       0.48435D-02       0.12707D-01       0.33134D+00       0.31961D+00
       0.50000D+03       0.48423D-02       0.19432D-01       0.33136D+00       0.31896D+00
       0.50100D+03       0.48455D-02       0.26459D-01       0.33135D+00       0.31962D+00
       0.50200D+03       0.48332D-02       0.34062D-01       0.33134D+00       0.31962D+00
       0.50300D+03       0.48287D-02       0.17867D-01       0.33135D+00       0.32024D+00
       0.50400D+03       0.48376D-02       0.62379D-02       0.33134D+00       0.32024D+00
       0.50500D+03       0.48349D-02       0.12067D-01       0.33136D+00       0.31960D+00
       0.50600D+03       0.48364D-02       0.18370D-01       0.33135D+00       0.32026D+00
       0.50700D+03       0.48246D-02       0.29346D-01       0.33134D+00       0.32025D+00
       0.50800D+03       0.48206D-02       0.11659D-01       0.33135D+00       0.31962D+00
       0.50900D+03       0.48297D-02      -0.72856D-05       0.33134D+00       0.31962D+00
       0.51000D+03       0.48248D-02       0.41895D-02       0.33136D+00       0.31899D+00
       0.51100D+03       0.48262D-02       0.10907D-01       0.33135D+00       0.31964D+00
       0.51200D+03       0.48170D-02       0.25423D-01       0.33135D+00       0.32024D+00
       0.51300D+03       0.48135D-02       0.66582D-02       0.33135D+00       0.31962D+00
       0.51400D+03       0.48203D-02      -0.35648D-02       0.33134D+00       0.31961D+00
       0.51500D+03       0.48132D-02      -0.16928D-02       0.33136D+00       0.31964D+00
       0.51600D+03       0.48161D-02       0.65150D-02       0.33135D+00       0.31963D+00
       0.51700D+03       0.48105D-02       0.23669D-01       0.33135D+00       0.32022D+00
       0.51800D+03       0.48057D-02       0.52177D-02       0.33135D+00       0.31962D+00
       0.51900D+03       0.48094D-02      -0.29992D-02       0.33134D+00       0.31961D+00
       0.52000D+03       0.48021D-02      -0.37896D-02       0.33135D+00       0.31964D+00
       0.52100D+03       0.48077D-02       0.64818D-02       0.33135D+00       0.31963D+00
       0.52200D+03       0.48042D-02       0.24652D-01       0.33135D+00       0.31902D+00
       0.52300D+03       0.47965D-02       0.82633D-02       0.33134D+00       0.31844D+00
       0.52400D+03       0.47982D-02       0.16816D-02       0.33134D+00       0.31843D+00
       0.52500D+03       0.47926D-02      -0.15959D-02       0.33135D+00       0.31845D+00
       0.52600D+03       0.48009D-02       0.10445D-01       0.33135D+00       0.31844D+00
       0.52700D+03       0.47974D-02       0.28067D-01       0.33135D+00       0.31785D+00
       0.52800D+03       0.47868D-02       0.15007D-01       0.33134D+00       0.31727D+00
       0.52900D+03       0.47881D-02       0.90793D-02       0.33134D+00       0.31726D+00
       0.53000D+03       0.47849D-02       0.39298D-02       0.33135D+00       0.31729D+00
       0.53100D+03       0.47939D-02       0.16489D-01       0.33135D+00       0.31728D+00
       0.53200D+03       0.47898D-02       0.32769D-01       0.33135D+00       0.31670D+00
       0.53300D+03       0.47783D-02       0.23284D-01       0.33134D+00       0.31671D+00
       0.53400D+03       0.47807D-02       0.16844D-01       0.33134D+00       0.31670D+00
       0.53500D+03       0.47793D-02       0.10597D-01       0.33135D+00       0.31610D+00
       0.53600D+03       0.47855D-02       0.21846D-01       0.33135D+00       0.31672D+00
       0.53700D+03       0.47819D-02       0.37048D-01       0.33135D+00       0.31617D+00
       0.53800D+03       0.47713D-02       0.30417D-01       0.33134D+00       0.31617D+00
       0.53900D+03       0.47762D-02       0.22544D-01       0.33134D+00       0.31617D+00
       0.54000D+03       0.47755D-02       0.15780D-01       0.33135D+00       0.31558D+00
       0.54100D+03       0.47767D-02       0.24080D-01       0.33135D+00       0.31619D+00
       0.54200D+03       0.47753D-02       0.39292D-01       0.33135D+00       0.31621D+00
       0.54300D+03       0.47660D-02       0.34323D-01       0.33134D+00       0.31679D+00
       0.54400D+03       0.47743D-02       0.24745D-01       0.33134D+00       0.31678D+00
       0.54500D+03       0.47736D-02       0.17608D-01       0.33135D+00       0.31620D+00
       0.54600D+03       0.47704D-02       0.22264D-01       0.33135D+00       0.31681D+00
       0.54700D+03       0.47740D-02       0.38752D-01       0.33135D+00       0.31683D+00
       0.54800D+03       0.47654D-02       0.34343D-01       0.33135D+00       0.31740D+00
       0.54900D+03       0.47759D-02       0.23738D-01       0.33134D+00       0.31739D+00
       0.55000D+03       0.47756D-02       0.15869D-01       0.33135D+00       0.31681D+00
       0.55100D+03       0.47702D-02       0.17366D-01       0.33135D+00       0.31741D+00
       0.55200D+03       0.47807D-02       0.35817D-01       0.33135D+00       0.31743D+00
       0.55300D+03       0.47722D-02       0.31353D-01       0.33135D+00       0.31743D+00
       0.55400D+03       0.47815D-02       0.21299D-01       0.33134D+00       0.31742D+00
       0.55500D+03       0.47826D-02       0.11954D-01       0.33135D+00       0.31684D+00
       0.55600D+03       0.47767D-02       0.11556D-01       0.33135D+00       0.31744D+00
       0.55700D+03       0.47934D-02       0.31587D-01       0.33135D+00       0.31746D+00
       0.55800D+03       0.47848D-02       0.27146D-01       0.33135D+00       0.31801D+00
       0.55900D+03       0.47892D-02       0.19515D-01       0.33134D+00       0.31801D+00
       0.56000D+03       0.47931D-02       0.78170D-02       0.33135D+00       0.31743D+00
       0.56100D+03       0.47874D-02       0.69291D-02       0.33135D+00       0.31802D+00
       0.56200D+03       0.48064D-02       0.27196D-01       0.33135D+00       0.31804D+00
       0.56300D+03       0.47981D-02       0.23565D-01       0.33135D+00       0.31804D+00
       0.56400D+03       0.47965D-02       0.19585D-01       0.33134D+00       0.31803D+00
       0.56500D+03       0.48050D-02       0.48853D-02       0.33135D+00       0.31746D+00
       0.56600D+03       0.47994D-02       0.45668D-02       0.33134D+00       0.31804D+00
       0.56700D+03       0.48158D-02       0.23416D-01       0.33136D+00       0.31806D+00
       0.56800D+03       0.48088D-02       0.21872D-01       0.33135D+00       0.31806D+00
       0.56900D+03       0.48030D-02       0.21554D-01       0.33134D+00       0.31805D+00
       0.57000D+03       0.48170D-02       0.38245D-02       0.33135D+00       0.31749D+00
       0.57100D+03       0.48115D-02       0.45482D-02       0.33134D+00       0.31806D+00
       0.57200D+03       0.48224D-02       0.20764D-01       0.33136D+00       0.31808D+00
       0.57300D+03       0.48185D-02       0.22568D-01       0.33135D+00       0.31808D+00
       0.57400D+03       0.48108D-02       0.24917D-01       0.33134D+00       0.31807D+00
       0.57500D+03       0.48287D-02       0.49869D-02       0.33135D+00       0.31751D+00
       0.57600D+03       0.48232D-02       0.65657D-02       0.33134D+00       0.31808D+00
       0.57700D+03       0.48289D-02       0.19767D-01       0.33136D+00       0.31810D+00
       0.57800D+03       0.48301D-02       0.25458D-01       0.33135D+00       0.31810D+00
       0.57900D+03       0.48219D-02       0.29147D-01       0.33134D+00       0.31809D+00
       0.58000D+03       0.48397D-02       0.85466D-02       0.33135D+00       0.31754D+00
       0.58100D+03       0.48340D-02       0.10161D-01       0.33134D+00       0.31810D+00
       0.58200D+03       0.48361D-02       0.20727D-01       0.33136D+00       0.31813D+00
       0.58300D+03       0.48428D-02       0.29629D-01       0.33135D+00       0.31865D+00
       0.58400D+03       0.48346D-02       0.33613D-01       0.33134D+00       0.31865D+00
       0.58500D+03       0.48475D-02       0.13968D-01       0.33135D+00       0.31810D+00
       0.58600D+03       0.48420D-02       0.14319D-01       0.33134D+00       0.31865D+00
       0.58700D+03       0.48421D-02       0.23043D-01       0.33136D+00       0.31868D+00
       0.58800D+03       0.48517D-02       0.33476D-01       0.33135D+00       0.31920D+00
       0.58900D+03       0.48435D-02       0.37325D-01       0.33134D+00       0.31919D+00
       0.59000D+03       0.48498D-02       0.19585D-01       0.33135D+00       0.31865D+00
       0.59100D+03       0.48454D-02       0.17264D-01       0.33134D+00       0.31919D+00
       0.59200D+03       0.48449D-02       0.24964D-01       0.33136D+00       0.31922D+00
       0.59300D+03       0.48535D-02       0.35107D-01       0.33135D+00       0.31921D+00
       0.59400D+03       0.48451D-02       0.39089D-01       0.33134D+00       0.31920D+00
       0.59500D+03       0.48456D-02       0.23090D-01       0.33135D+00       0.31867D+00
       0.59600D+03       0.48445D-02       0.17182D-01       0.33134D+00       0.31920D+00
       0.59700D+03       0.48439D-02       0.24394D-01       0.33136D+00       0.31867D+00
       0.59800D+03       0.48496D-02       0.33124D-01       0.33135D+00       0.31974D+00
       0.59900D+03       0.48404D-02       0.38121D-01       0.33134D+00       0.31973D+00
       0.60000D+03       0.48377D-02       0.22771D-01       0.33135D+00       0.31973D+00
       0.60100D+03       0.48413D-02       0.13426D-01       0.33134D+00       0.31973D+00
       0.60200D+03       0.48403D-02       0.20225D-01       0.33136D+00       0.31920D+00
       0.60300D+03       0.48433D-02       0.27415D-01       0.33135D+00       0.32026D+00
       0.60400D+03       0.48332D-02       0.34641D-01       0.33135D+00       0.32026D+00
       0.60500D+03       0.48294D-02       0.18611D-01       0.33135D+00       0.32078D+00
       0.60600D+03       0.48365D-02       0.71253D-02       0.33134D+00       0.32078D+00
       0.60700D+03       0.48345D-02       0.13109D-01       0.33136D+00       0.32024D+00
       0.60800D+03       0.48358D-02       0.19446D-01       0.33135D+00       0.32078D+00
       0.60900D+03       0.48259D-02       0.29951D-01       0.33135D+00       0.32078D+00
       0.61000D+03       0.48224D-02       0.12460D-01       0.33135D+00       0.32026D+00
       0.61100D+03       0.48302D-02       0.69863D-03       0.33134D+00       0.32025D+00
       0.61200D+03       0.48264D-02       0.51513D-02       0.33136D+00       0.31973D+00
       0.61300D+03       0.48275D-02       0.11749D-01       0.33135D+00       0.32026D+00
       0.61400D+03       0.48195D-02       0.25833D-01       0.33135D+00       0.32077D+00
       0.61500D+03       0.48166D-02       0.71461D-02       0.33135D+00       0.32025D+00
       0.61600D+03       0.48225D-02      -0.33184D-02       0.33134D+00       0.32024D+00
       0.61700D+03       0.48168D-02      -0.11147D-02       0.33136D+00       0.32027D+00
       0.61800D+03       0.48190D-02       0.68517D-02       0.33135D+00       0.32025D+00
       0.61900D+03       0.48139D-02       0.23745D-01       0.33135D+00       0.32075D+00
       0.62000D+03       0.48102D-02       0.51538D-02       0.33135D+00       0.32024D+00
       0.62100D+03       0.48136D-02      -0.33207D-02       0.33134D+00       0.32023D+00
       0.62200D+03       0.48074D-02      -0.37633D-02       0.33136D+00       0.32025D+00
       0.62300D+03       0.48118D-02       0.62351D-02       0.33135D+00       0.32024D+00
       0.62400D+03       0.48087D-02       0.24372D-01       0.33135D+00       0.31973D+00
       0.62500D+03       0.48026D-02       0.76244D-02       0.33135D+00       0.31924D+00
       0.62600D+03       0.48042D-02       0.87660D-03       0.33134D+00       0.31923D+00
       0.62700D+03       0.47992D-02      -0.21048D-02       0.33135D+00       0.31925D+00
       0.62800D+03       0.48059D-02       0.97576D-02       0.33135D+00       0.31924D+00
       0.62900D+03       0.48031D-02       0.27517D-01       0.33135D+00       0.31874D+00
       0.63000D+03       0.47944D-02       0.13987D-01       0.33135D+00       0.31826D+00
       0.63100D+03       0.47954D-02       0.80403D-02       0.33134D+00       0.31825D+00
       0.63200D+03       0.47925D-02       0.30905D-02       0.33135D+00       0.31827D+00
       0.63300D+03       0.48001D-02       0.15680D-01       0.33135D+00       0.31826D+00
       0.63400D+03       0.47967D-02       0.32142D-01       0.33135D+00       0.31777D+00
       0.63500D+03       0.47871D-02       0.22216D-01       0.33135D+00       0.31777D+00
       0.63600D+03       0.47888D-02       0.15904D-01       0.33134D+00       0.31777D+00
       0.63700D+03       0.47875D-02       0.97596D-02       0.33135D+00       0.31726D+00
       0.63800D+03       0.47932D-02       0.21285D-01       0.33135D+00       0.31778D+00
       0.63900D+03       0.47900D-02       0.36578D-01       0.33135D+00       0.31731D+00
       0.64000D+03       0.47810D-02       0.29639D-01       0.33135D+00       0.31731D+00
       0.64100D+03       0.47848D-02       0.21985D-01       0.33134D+00       0.31731D+00
       0.64200D+03       0.47840D-02       0.15270D-01       0.33135D+00       0.31681D+00
       0.64300D+03       0.47856D-02       0.24018D-01       0.33135D+00       0.31733D+00
       0.64400D+03       0.47841D-02       0.39153D-01       0.33135D+00       0.31734D+00
       0.64500D+03       0.47762D-02       0.34037D-01       0.33135D+00       0.31783D+00
       0.64600D+03       0.47827D-02       0.24664D-01       0.33134D+00       0.31782D+00
       0.64700D+03       0.47822D-02       0.17586D-01       0.33135D+00       0.31733D+00
       0.64800D+03       0.47798D-02       0.22713D-01       0.33135D+00       0.31784D+00
       0.64900D+03       0.47822D-02       0.38976D-01       0.33135D+00       0.31785D+00
       0.65000D+03       0.47749D-02       0.34542D-01       0.33135D+00       0.31833D+00
       0.65100D+03       0.47836D-02       0.23997D-01       0.33134D+00       0.31832D+00
       0.65200D+03       0.47833D-02       0.16259D-01       0.33135D+00       0.31783D+00
       0.65300D+03       0.47788D-02       0.18106D-01       0.33135D+00       0.31834D+00
       0.65400D+03       0.47869D-02       0.36299D-01       0.33135D+00       0.31835D+00
       0.65500D+03       0.47797D-02       0.31853D-01       0.33135D+00       0.31835D+00
       0.65600D+03       0.47878D-02       0.21618D-01       0.33134D+00       0.31834D+00
       0.65700D+03       0.47885D-02       0.12515D-01       0.33135D+00       0.31785D+00
       0.65800D+03       0.47836D-02       0.12281D-01       0.33135D+00       0.31835D+00
       0.65900D+03       0.47971D-02       0.32168D-01       0.33135D+00       0.31837D+00
       0.66000D+03       0.47899D-02       0.27693D-01       0.33135D+00       0.31836D+00
       0.66100D+03       0.47942D-02       0.19655D-01       0.33134D+00       0.31836D+00
       0.66200D+03       0.47971D-02       0.83087D-02       0.33135D+00       0.31787D+00
       0.66300D+03       0.47922D-02       0.74138D-02       0.33135D+00       0.31837D+00
       0.66400D+03       0.48083D-02       0.27746D-01       0.33135D+00       0.31838D+00
       0.66500D+03       0.48012D-02       0.23943D-01       0.33135D+00       0.31838D+00
       0.66600D+03       0.48005D-02       0.19461D-01       0.33134D+00       0.31837D+00
       0.66700D+03       0.48071D-02       0.51697D-02       0.33135D+00       0.31789D+00
       0.66800D+03       0.48024D-02       0.47366D-02       0.33135D+00       0.31838D+00
       0.66900D+03       0.48167D-02       0.23854D-01       0.33136D+00       0.31840D+00
       0.67000D+03       0.48105D-02       0.21961D-01       0.33135D+00       0.31839D+00
       0.67100D+03       0.48060D-02       0.21207D-01       0.33134D+00       0.31839D+00
       0.67200D+03       0.48172D-02       0.38434D-02       0.33135D+00       0.31791D+00
       0.67300D+03       0.48125D-02       0.44279D-02       0.33135D+00       0.31840D+00
       0.67400D+03       0.48225D-02       0.21027D-01       0.33136D+00       0.31842D+00
       0.67500D+03       0.48187D-02       0.22343D-01       0.33135D+00       0.31841D+00
       0.67600D+03       0.48123D-02       0.24419D-01       0.33134D+00       0.31840D+00
       0.67700D+03       0.48272D-02       0.46996D-02       0.33135D+00       0.31793D+00
       0.67800D+03       0.48225D-02       0.62008D-02       0.33135D+00       0.31841D+00
       0.67900D+03       0.48279D-02       0.19787D-01       0.33136D+00       0.31843D+00
       0.68000D+03       0.48283D-02       0.24982D-01       0.33135D+00       0.31842D+00
       0.68100D+03       0.48213D-02       0.28567D-01       0.33134D+00       0.31842D+00
       0.68200D+03       0.48367D-02       0.79556D-02       0.33135D+00       0.31795D+00
       0.68300D+03       0.48319D-02       0.96311D-02       0.33135D+00       0.31843D+00
       0.68400D+03       0.48339D-02       0.20500D-01       0.33136D+00       0.31845D+00
       0.68500D+03       0.48392D-02       0.29065D-01       0.33135D+00       0.31889D+00
       0.68600D+03       0.48321D-02       0.33049D-01       0.33134D+00       0.31889D+00
       0.68700D+03       0.48438D-02       0.13205D-01       0.33135D+00       0.31842D+00
       0.68800D+03       0.48391D-02       0.13803D-01       0.33135D+00       0.31889D+00
       0.68900D+03       0.48394D-02       0.22717D-01       0.33136D+00       0.31891D+00
       0.69000D+03       0.48474D-02       0.33061D-01       0.33135D+00       0.31936D+00
       0.69100D+03       0.48404D-02       0.36927D-01       0.33134D+00       0.31935D+00
       0.69200D+03       0.48465D-02       0.18924D-01       0.33135D+00       0.31889D+00
       0.69300D+03       0.48425D-02       0.17020D-01       0.33135D+00       0.31935D+00
       0.69400D+03       0.48421D-02       0.24814D-01       0.33136D+00       0.31937D+00
       0.69500D+03       0.48498D-02       0.35079D-01       0.33135D+00       0.31936D+00
       0.69600D+03       0.48427D-02       0.39006D-01       0.33135D+00       0.31936D+00
       0.69700D+03       0.48436D-02       0.22828D-01       0.33135D+00       0.31890D+00
       0.69800D+03       0.48422D-02       0.17404D-01       0.33135D+00       0.31936D+00
       0.69900D+03       0.48417D-02       0.24665D-01       0.33136D+00       0.31890D+00
       0.70000D+03       0.48469D-02       0.33606D-01       0.33135D+00       0.31982D+00
       0.70100D+03       0.48392D-02       0.38405D-01       0.33135D+00       0.31981D+00
       0.70200D+03       0.48371D-02       0.23050D-01       0.33135D+00       0.31981D+00
       0.70300D+03       0.48397D-02       0.14100D-01       0.33135D+00       0.31981D+00
       0.70400D+03       0.48389D-02       0.20966D-01       0.33136D+00       0.31936D+00
       0.70500D+03       0.48417D-02       0.28331D-01       0.33135D+00       0.32027D+00
       0.70600D+03       0.48331D-02       0.35198D-01       0.33135D+00       0.32026D+00
       0.70700D+03       0.48300D-02       0.19319D-01       0.33135D+00       0.32070D+00
       0.70800D+03       0.48358D-02       0.80104D-02       0.33134D+00       0.32070D+00
       0.70900D+03       0.48342D-02       0.14137D-01       0.33136D+00       0.32025D+00
       0.71000D+03       0.48355D-02       0.20526D-01       0.33135D+00       0.32071D+00
       0.71100D+03       0.48268D-02       0.30567D-01       0.33135D+00       0.32071D+00
       0.71200D+03       0.48238D-02       0.13275D-01       0.33135D+00       0.32026D+00
       0.71300D+03       0.48306D-02       0.14468D-02       0.33134D+00       0.32026D+00
       0.71400D+03       0.48275D-02       0.61428D-02       0.33136D+00       0.31981D+00
