       0.10000D+01       0.82793D-05       0.53383D-01       0.43273D+00       0.10528D-01
       0.20000D+01       0.37972D-04       0.23850D-01       0.43277D+00       0.13299D-01
       0.30000D+01       0.81604D-04       0.43647D-01       0.43112D+00       0.17608D-01
       0.40000D+01       0.80254D-04       0.32402D-01       0.43293D+00       0.11467D+00
       0.50000D+01       0.10551D-03       0.26892D-01       0.43188D+00       0.95668D-01
       0.60000D+01       0.10328D-03       0.48280D-01       0.43222D+00       0.14735D+00
       0.70000D+01       0.93955D-04       0.37685D-02       0.43204D+00       0.13340D+00
       0.80000D+01       0.12105D-03       0.58449D-01       0.43236D+00       0.11843D+00
       0.90000D+01       0.12177D-03       0.24093D-01       0.43225D+00       0.10722D+00
       0.10000D+02       0.11601D-03       0.54378D-01       0.43189D+00       0.10026D+00
       0.11000D+02       0.12845D-03       0.23490D-01       0.43241D+00       0.12675D+00
       0.12000D+02       0.12862D-03       0.35363D-01       0.43206D+00       0.11738D+00
       0.13000D+02       0.12540D-03       0.43562D-01       0.43226D+00       0.14031D+00
       0.14000D+02       0.11890D-03       0.13067D-01       0.43205D+00       0.13453D+00
       0.15000D+02       0.13437D-03       0.59618D-01       0.43234D+00       0.12664D+00
       0.16000D+02       0.13189D-03       0.23834D-01       0.43219D+00       0.11973D+00
       0.17000D+02       0.12705D-03       0.59506D-01       0.43205D+00       0.11379D+00
       0.18000D+02       0.14201D-03       0.13728D-01       0.43229D+00       0.10999D+00
       0.19000D+02       0.13595D-03       0.43191D-01       0.43213D+00       0.10475D+00
       0.20000D+02       0.13369D-03       0.35947D-01       0.43226D+00       0.12015D+00
       0.21000D+02       0.13312D-03       0.22928D-01       0.43207D+00       0.11766D+00
       0.22000D+02       0.13882D-03       0.54894D-01       0.43232D+00       0.13018D+00
       0.23000D+02       0.13570D-03       0.24089D-01       0.43216D+00       0.12480D+00
       0.24000D+02       0.13344D-03       0.58672D-01       0.43212D+00       0.12115D+00
       0.25000D+02       0.14300D-03       0.42351D-02       0.43223D+00       0.11713D+00
       0.26000D+02       0.13789D-03       0.48001D-01       0.43217D+00       0.11292D+00
       0.27000D+02       0.13704D-03       0.27304D-01       0.43224D+00       0.12349D+00
       0.28000D+02       0.13848D-03       0.31788D-01       0.43208D+00       0.12171D+00
       0.29000D+02       0.13762D-03       0.44411D-01       0.43229D+00       0.13117D+00
       0.30000D+02       0.13727D-03       0.23837D-01       0.43215D+00       0.12701D+00
       0.31000D+02       0.13665D-03       0.53743D-01       0.43216D+00       0.12388D+00
       0.32000D+02       0.13769D-03       0.15754D-04       0.43219D+00       0.12066D+00
       0.33000D+02       0.13691D-03       0.53025D-01       0.43220D+00       0.11731D+00
       0.34000D+02       0.13731D-03       0.23877D-01       0.43222D+00       0.11434D+00
       0.35000D+02       0.13718D-03       0.42883D-01       0.43209D+00       0.11184D+00
       0.36000D+02       0.13616D-03       0.33029D-01       0.43227D+00       0.11999D+00
       0.37000D+02       0.13730D-03       0.26506D-01       0.43214D+00       0.11728D+00
       0.38000D+02       0.13663D-03       0.48563D-01       0.43219D+00       0.12487D+00
       0.39000D+02       0.13381D-03       0.33252D-02       0.43216D+00       0.12291D+00
       0.40000D+02       0.13814D-03       0.58209D-01       0.43222D+00       0.12019D+00
       0.41000D+02       0.13794D-03       0.24092D-01       0.43220D+00       0.11769D+00
       0.42000D+02       0.13610D-03       0.53838D-01       0.43211D+00       0.11579D+00
       0.43000D+02       0.13874D-03       0.24045D-01       0.43224D+00       0.12220D+00
       0.44000D+02       0.13860D-03       0.34774D-01       0.43215D+00       0.11994D+00
       0.45000D+02       0.13763D-03       0.43918D-01       0.43220D+00       0.12651D+00
       0.46000D+02       0.13512D-03       0.12408D-01       0.43214D+00       0.12504D+00
       0.47000D+02       0.13987D-03       0.59707D-01       0.43223D+00       0.12274D+00
       0.48000D+02       0.13899D-03       0.23838D-01       0.43219D+00       0.12051D+00
       0.49000D+02       0.13717D-03       0.59369D-01       0.43214D+00       0.11842D+00
       0.50000D+02       0.14227D-03       0.14388D-01       0.43222D+00       0.11608D+00
       0.51000D+02       0.14007D-03       0.42807D-01       0.43216D+00       0.11400D+00
       0.52000D+02       0.13916D-03       0.36525D-01       0.43221D+00       0.11975D+00
       0.53000D+02       0.13865D-03       0.22359D-01       0.43214D+00       0.11876D+00
       0.54000D+02       0.14107D-03       0.55384D-01       0.43224D+00       0.12385D+00
       0.55000D+02       0.13969D-03       0.24080D-01       0.43217D+00       0.12171D+00
       0.56000D+02       0.13860D-03       0.58877D-01       0.43216D+00       0.12020D+00
       0.57000D+02       0.14283D-03       0.47241D-02       0.43220D+00       0.11839D+00
       0.58000D+02       0.14048D-03       0.47724D-01       0.43218D+00       0.11648D+00
       0.59000D+02       0.14006D-03       0.27741D-01       0.43221D+00       0.12126D+00
       0.60000D+02       0.14064D-03       0.31186D-01       0.43213D+00       0.12046D+00
       0.61000D+02       0.14034D-03       0.45171D-01       0.43224D+00       0.12498D+00
       0.62000D+02       0.14004D-03       0.23835D-01       0.43217D+00       0.12307D+00
       0.63000D+02       0.13969D-03       0.54103D-01       0.43217D+00       0.12161D+00
       0.64000D+02       0.14035D-03       0.62954D-04       0.43219D+00       0.12010D+00
       0.65000D+02       0.13973D-03       0.52669D-01       0.43219D+00       0.11840D+00
       0.66000D+02       0.13992D-03       0.23919D-01       0.43220D+00       0.11686D+00
       0.67000D+02       0.13986D-03       0.42119D-01       0.43214D+00       0.11627D+00
       0.68000D+02       0.13922D-03       0.33668D-01       0.43223D+00       0.12052D+00
       0.69000D+02       0.13974D-03       0.26146D-01       0.43216D+00       0.11906D+00
       0.70000D+02       0.13939D-03       0.48850D-01       0.43219D+00       0.12315D+00
       0.71000D+02       0.13787D-03       0.29064D-02       0.43217D+00       0.12210D+00
       0.72000D+02       0.14008D-03       0.57954D-01       0.43220D+00       0.12061D+00
       0.73000D+02       0.14000D-03       0.24086D-01       0.43219D+00       0.11920D+00
       0.74000D+02       0.13895D-03       0.53273D-01       0.43214D+00       0.11810D+00
       0.75000D+02       0.14029D-03       0.24597D-01       0.43222D+00       0.12175D+00
       0.76000D+02       0.14025D-03       0.34182D-01       0.43216D+00       0.12044D+00
       0.77000D+02       0.13969D-03       0.44261D-01       0.43220D+00       0.12427D+00
       0.78000D+02       0.13813D-03       0.11751D-01       0.43216D+00       0.12343D+00
       0.79000D+02       0.14100D-03       0.59772D-01       0.43221D+00       0.12203D+00
       0.80000D+02       0.14049D-03       0.23847D-01       0.43219D+00       0.12073D+00
       0.81000D+02       0.13936D-03       0.59209D-01       0.43215D+00       0.11946D+00
       0.82000D+02       0.14236D-03       0.15046D-01       0.43221D+00       0.11801D+00
       0.83000D+02       0.14110D-03       0.42407D-01       0.43217D+00       0.11682D+00
       0.84000D+02       0.14053D-03       0.37094D-01       0.43220D+00       0.12034D+00
       0.85000D+02       0.14011D-03       0.21784D-01       0.43216D+00       0.11972D+00
       0.86000D+02       0.14173D-03       0.55848D-01       0.43222D+00       0.12290D+00
       0.87000D+02       0.14084D-03       0.24067D-01       0.43218D+00       0.12156D+00
       0.88000D+02       0.14009D-03       0.59064D-01       0.43217D+00       0.12061D+00
       0.89000D+02       0.14287D-03       0.52343D-02       0.43220D+00       0.11944D+00
       0.90000D+02       0.14131D-03       0.47448D-01       0.43218D+00       0.11819D+00
       0.91000D+02       0.14103D-03       0.28202D-01       0.43220D+00       0.12128D+00
       0.92000D+02       0.14138D-03       0.30595D-01       0.43215D+00       0.12075D+00
       0.93000D+02       0.14126D-03       0.45926D-01       0.43222D+00       0.12371D+00
       0.94000D+02       0.14100D-03       0.23844D-01       0.43217D+00       0.12246D+00
       0.95000D+02       0.14074D-03       0.54462D-01       0.43218D+00       0.12143D+00
       0.96000D+02       0.14132D-03       0.14150D-03       0.43219D+00       0.12042D+00
       0.97000D+02       0.14077D-03       0.52317D-01       0.43219D+00       0.11928D+00
       0.98000D+02       0.14088D-03       0.23979D-01       0.43220D+00       0.11823D+00
       0.99000D+02       0.14088D-03       0.41358D-01       0.43215D+00       0.11782D+00
       0.10000D+03       0.14039D-03       0.34321D-01       0.43221D+00       0.12069D+00
       0.10100D+03       0.14071D-03       0.25814D-01       0.43217D+00       0.11969D+00
       0.10200D+03       0.14048D-03       0.49141D-01       0.43218D+00       0.11903D+00
       0.10300D+03       0.13948D-03       0.25128D-02       0.43218D+00       0.11837D+00
       0.10400D+03       0.14090D-03       0.57683D-01       0.43220D+00       0.11738D+00
       0.10500D+03       0.14086D-03       0.24075D-01       0.43219D+00       0.11643D+00
       0.10600D+03       0.14014D-03       0.52685D-01       0.43216D+00       0.11569D+00
       0.10700D+03       0.14098D-03       0.25144D-01       0.43221D+00       0.11827D+00
       0.10800D+03       0.14098D-03       0.33590D-01       0.43217D+00       0.11738D+00
       0.10900D+03       0.14060D-03       0.44593D-01       0.43219D+00       0.12012D+00
       0.11000D+03       0.13944D-03       0.11098D-01       0.43217D+00       0.11955D+00
       0.11100D+03       0.14150D-03       0.59814D-01       0.43220D+00       0.11859D+00
       0.11200D+03       0.14115D-03       0.23860D-01       0.43219D+00       0.11769D+00
       0.11300D+03       0.14033D-03       0.59023D-01       0.43216D+00       0.11696D+00
       0.11400D+03       0.14244D-03       0.15702D-01       0.43220D+00       0.11654D+00
       0.11500D+03       0.14157D-03       0.41992D-01       0.43217D+00       0.11569D+00
       0.11600D+03       0.14115D-03       0.37653D-01       0.43220D+00       0.11826D+00
       0.11700D+03       0.14078D-03       0.21200D-01       0.43216D+00       0.11782D+00
       0.11800D+03       0.14204D-03       0.56287D-01       0.43221D+00       0.12337D+00
       0.11900D+03       0.14137D-03       0.24050D-01       0.43218D+00       0.12239D+00
       0.12000D+03       0.14079D-03       0.59231D-01       0.43217D+00       0.12169D+00
       0.12100D+03       0.14288D-03       0.57646D-02       0.43219D+00       0.12082D+00
       0.12200D+03       0.14171D-03       0.47173D-01       0.43218D+00       0.11988D+00
       0.12300D+03       0.14149D-03       0.28684D-01       0.43220D+00       0.12216D+00
       0.12400D+03       0.14174D-03       0.30014D-01       0.43216D+00       0.12176D+00
       0.12500D+03       0.14171D-03       0.46674D-01       0.43221D+00       0.12395D+00
       0.12600D+03       0.14148D-03       0.23860D-01       0.43218D+00       0.12302D+00
       0.12700D+03       0.14128D-03       0.54819D-01       0.43218D+00       0.12224D+00
       0.12800D+03       0.14181D-03       0.25126D-03       0.43219D+00       0.12147D+00
       0.12900D+03       0.14142D-03       0.51968D-01       0.43219D+00       0.12060D+00
       0.13000D+03       0.14138D-03       0.24059D-01       0.43219D+00       0.11980D+00
       0.13100D+03       0.14141D-03       0.40602D-01       0.43216D+00       0.11948D+00
       0.13200D+03       0.14101D-03       0.34987D-01       0.43221D+00       0.12164D+00
       0.13300D+03       0.14122D-03       0.25510D-01       0.43217D+00       0.12087D+00
       0.13400D+03       0.14106D-03       0.49438D-01       0.43218D+00       0.12036D+00
       0.13500D+03       0.14034D-03       0.21454D-02       0.43218D+00       0.11985D+00
       0.13600D+03       0.14134D-03       0.57398D-01       0.43219D+00       0.11908D+00
       0.13700D+03       0.14133D-03       0.24059D-01       0.43219D+00       0.11834D+00
       0.13800D+03       0.14079D-03       0.52075D-01       0.43216D+00       0.11776D+00
       0.13900D+03       0.14135D-03       0.25689D-01       0.43220D+00       0.11973D+00
       0.14000D+03       0.14139D-03       0.32999D-01       0.43217D+00       0.11903D+00
       0.14100D+03       0.14110D-03       0.44913D-01       0.43219D+00       0.12114D+00
       0.14200D+03       0.14018D-03       0.10451D-01       0.43217D+00       0.12069D+00
       0.14300D+03       0.14178D-03       0.59833D-01       0.43220D+00       0.11994D+00
       0.14400D+03       0.14154D-03       0.23876D-01       0.43219D+00       0.11923D+00
       0.14500D+03       0.14089D-03       0.58813D-01       0.43217D+00       0.11865D+00
       0.14600D+03       0.14248D-03       0.16352D-01       0.43220D+00       0.11831D+00
       0.14700D+03       0.14184D-03       0.41561D-01       0.43218D+00       0.11763D+00
       0.14800D+03       0.14151D-03       0.38202D-01       0.43219D+00       0.11963D+00
       0.14900D+03       0.14117D-03       0.20608D-01       0.43217D+00       0.11927D+00
       0.15000D+03       0.14221D-03       0.56699D-01       0.43220D+00       0.12357D+00
       0.15100D+03       0.14169D-03       0.24030D-01       0.43218D+00       0.12279D+00
       0.15200D+03       0.14123D-03       0.59380D-01       0.43217D+00       0.12224D+00
       0.15300D+03       0.14301D-03       0.63137D-02       0.43219D+00       0.12155D+00
       0.15400D+03       0.14207D-03       0.46898D-01       0.43218D+00       0.12080D+00
       0.15500D+03       0.14189D-03       0.29187D-01       0.43219D+00       0.12260D+00
       0.15600D+03       0.14207D-03       0.29442D-01       0.43217D+00       0.12228D+00
       0.15700D+03       0.14210D-03       0.47413D-01       0.43220D+00       0.12402D+00
       0.15800D+03       0.14189D-03       0.23882D-01       0.43218D+00       0.12328D+00
       0.15900D+03       0.14172D-03       0.55173D-01       0.43218D+00       0.12266D+00
       0.16000D+03       0.14224D-03       0.39195D-03       0.43219D+00       0.12197D+00
       0.16100D+03       0.14186D-03       0.51624D-01       0.43219D+00       0.12127D+00
       0.16200D+03       0.14181D-03       0.24159D-01       0.43219D+00       0.12063D+00
       0.16300D+03       0.14186D-03       0.39851D-01       0.43216D+00       0.12036D+00
       0.16400D+03       0.14152D-03       0.35666D-01       0.43220D+00       0.12210D+00
       0.16500D+03       0.14167D-03       0.25233D-01       0.43218D+00       0.12147D+00
       0.16600D+03       0.14154D-03       0.49741D-01       0.43218D+00       0.12107D+00
       0.16700D+03       0.14100D-03       0.18050D-02       0.43218D+00       0.12065D+00
       0.16800D+03       0.14174D-03       0.57101D-01       0.43219D+00       0.12004D+00
       0.16900D+03       0.14174D-03       0.24039D-01       0.43219D+00       0.11943D+00
       0.17000D+03       0.14132D-03       0.51443D-01       0.43217D+00       0.11896D+00
       0.17100D+03       0.14171D-03       0.26232D-01       0.43220D+00       0.12055D+00
       0.17200D+03       0.14176D-03       0.32412D-01       0.43217D+00       0.11997D+00
       0.17300D+03       0.14153D-03       0.45224D-01       0.43219D+00       0.12162D+00
       0.17400D+03       0.14075D-03       0.98108D-02       0.43217D+00       0.12125D+00
       0.17500D+03       0.14206D-03       0.59830D-01       0.43220D+00       0.12064D+00
       0.17600D+03       0.14188D-03       0.23895D-01       0.43219D+00       0.12006D+00
       0.17700D+03       0.14134D-03       0.58578D-01       0.43217D+00       0.11958D+00
       0.17800D+03       0.14259D-03       0.16998D-01       0.43220D+00       0.11930D+00
       0.17900D+03       0.14210D-03       0.41113D-01       0.43218D+00       0.11873D+00
       0.18000D+03       0.14182D-03       0.38737D-01       0.43219D+00       0.12037D+00
       0.18100D+03       0.14151D-03       0.20007D-01       0.43217D+00       0.12007D+00
       0.18200D+03       0.14241D-03       0.57085D-01       0.43220D+00       0.11948D+00
       0.18300D+03       0.14198D-03       0.24008D-01       0.43218D+00       0.11886D+00
       0.18400D+03       0.14158D-03       0.59508D-01       0.43217D+00       0.11843D+00
       0.18500D+03       0.14308D-03       0.68803D-02       0.43219D+00       0.11788D+00
       0.18600D+03       0.14231D-03       0.46621D-01       0.43218D+00       0.11728D+00
       0.18700D+03       0.14214D-03       0.29708D-01       0.43219D+00       0.11879D+00
       0.18800D+03       0.14228D-03       0.28878D-01       0.43217D+00       0.11854D+00
       0.18900D+03       0.14235D-03       0.48141D-01       0.43220D+00       0.12001D+00
       0.19000D+03       0.14215D-03       0.23908D-01       0.43218D+00       0.11941D+00
       0.19100D+03       0.14201D-03       0.55522D-01       0.43218D+00       0.11891D+00
       0.19200D+03       0.14252D-03       0.56330D-03       0.43219D+00       0.11836D+00
       0.19300D+03       0.14222D-03       0.51286D-01       0.43219D+00       0.11784D+00
       0.19400D+03       0.14218D-03       0.24283D-01       0.43219D+00       0.11740D+00
       0.19500D+03       0.14220D-03       0.39107D-01       0.43217D+00       0.11719D+00
       0.19600D+03       0.14190D-03       0.36358D-01       0.43220D+00       0.11866D+00
       0.19700D+03       0.14200D-03       0.24985D-01       0.43218D+00       0.11815D+00
       0.19800D+03       0.14189D-03       0.50050D-01       0.43218D+00       0.11783D+00
       0.19900D+03       0.14148D-03       0.14922D-02       0.43218D+00       0.11749D+00
       0.20000D+03       0.14203D-03       0.56791D-01       0.43219D+00       0.11701D+00
       0.20100D+03       0.14204D-03       0.24015D-01       0.43219D+00       0.11652D+00
       0.20200D+03       0.14174D-03       0.50791D-01       0.43217D+00       0.11614D+00
       0.20300D+03       0.14205D-03       0.26776D-01       0.43220D+00       0.11749D+00
       0.20400D+03       0.14211D-03       0.31831D-01       0.43218D+00       0.11702D+00
       0.20500D+03       0.14191D-03       0.45526D-01       0.43219D+00       0.11843D+00
       0.20600D+03       0.14125D-03       0.91798D-02       0.43218D+00       0.11813D+00
       0.20700D+03       0.14235D-03       0.59804D-01       0.43219D+00       0.11763D+00
       0.20800D+03       0.14221D-03       0.23917D-01       0.43219D+00       0.11715D+00
       0.20900D+03       0.14176D-03       0.58318D-01       0.43217D+00       0.11676D+00
       0.21000D+03       0.14277D-03       0.17637D-01       0.43219D+00       0.11661D+00
       0.21100D+03       0.14238D-03       0.40650D-01       0.43218D+00       0.11614D+00
       0.21200D+03       0.14215D-03       0.39259D-01       0.43219D+00       0.11755D+00
       0.21300D+03       0.14185D-03       0.19398D-01       0.43217D+00       0.11730D+00
       0.21400D+03       0.14266D-03       0.57444D-01       0.43220D+00       0.11687D+00
       0.21500D+03       0.14228D-03       0.23984D-01       0.43218D+00       0.11635D+00
       0.21600D+03       0.14193D-03       0.59615D-01       0.43218D+00       0.11600D+00
       0.21700D+03       0.14322D-03       0.74631D-02       0.43219D+00       0.11554D+00
       0.21800D+03       0.14256D-03       0.46341D-01       0.43218D+00       0.11503D+00
       0.21900D+03       0.14240D-03       0.30245D-01       0.43219D+00       0.11634D+00
       0.22000D+03       0.14250D-03       0.28321D-01       0.43217D+00       0.11613D+00
       0.22100D+03       0.14260D-03       0.48857D-01       0.43220D+00       0.11740D+00
       0.22200D+03       0.14242D-03       0.23936D-01       0.43218D+00       0.11690D+00
       0.22300D+03       0.14229D-03       0.55866D-01       0.43218D+00       0.11650D+00
       0.22400D+03       0.14279D-03       0.76496D-03       0.43219D+00       0.11608D+00
       0.22500D+03       0.14249D-03       0.50954D-01       0.43218D+00       0.11564D+00
       0.22600D+03       0.14243D-03       0.24430D-01       0.43219D+00       0.11527D+00
       0.22700D+03       0.14247D-03       0.38372D-01       0.43217D+00       0.11510D+00
       0.22800D+03       0.14221D-03       0.37063D-01       0.43220D+00       0.11638D+00
       0.22900D+03       0.14227D-03       0.24764D-01       0.43218D+00       0.11595D+00
       0.23000D+03       0.14218D-03       0.50365D-01       0.43218D+00       0.11568D+00
       0.23100D+03       0.14185D-03       0.12076D-02       0.43218D+00       0.11539D+00
       0.23200D+03       0.14227D-03       0.56471D-01       0.43219D+00       0.11493D+00
       0.23300D+03       0.14229D-03       0.23988D-01       0.43219D+00       0.11448D+00
       0.23400D+03       0.14204D-03       0.50120D-01       0.43217D+00       0.11416D+00
       0.23500D+03       0.14226D-03       0.27322D-01       0.43220D+00       0.11534D+00
       0.23600D+03       0.14233D-03       0.31258D-01       0.43218D+00       0.11494D+00
       0.23700D+03       0.14216D-03       0.45820D-01       0.43219D+00       0.11617D+00
       0.23800D+03       0.14158D-03       0.85593D-02       0.43218D+00       0.11591D+00
       0.23900D+03       0.14253D-03       0.59757D-01       0.43219D+00       0.11549D+00
       0.24000D+03       0.14242D-03       0.23940D-01       0.43219D+00       0.11508D+00
       0.24100D+03       0.14203D-03       0.58031D-01       0.43217D+00       0.11475D+00
       0.24200D+03       0.14287D-03       0.18269D-01       0.43219D+00       0.11463D+00
       0.24300D+03       0.14256D-03       0.40170D-01       0.43218D+00       0.11423D+00
       0.24400D+03       0.14235D-03       0.39767D-01       0.43219D+00       0.11546D+00
       0.24500D+03       0.14207D-03       0.18780D-01       0.43217D+00       0.11525D+00
       0.24600D+03       0.14274D-03       0.57778D-01       0.43219D+00       0.11489D+00
       0.24700D+03       0.14248D-03       0.23960D-01       0.43218D+00       0.11447D+00
       0.24800D+03       0.14216D-03       0.59702D-01       0.43218D+00       0.11417D+00
       0.24900D+03       0.14329D-03       0.80606D-02       0.43219D+00       0.11378D+00
       0.25000D+03       0.14271D-03       0.46057D-01       0.43218D+00       0.11338D+00
       0.25100D+03       0.14257D-03       0.30798D-01       0.43219D+00       0.11452D+00
       0.25200D+03       0.14264D-03       0.27770D-01       0.43217D+00       0.11435D+00
       0.25300D+03       0.14276D-03       0.49558D-01       0.43220D+00       0.11546D+00
       0.25400D+03       0.14259D-03       0.23965D-01       0.43218D+00       0.11503D+00
       0.25500D+03       0.14246D-03       0.56202D-01       0.43218D+00       0.11470D+00
       0.25600D+03       0.14296D-03       0.99645D-03       0.43219D+00       0.11433D+00
       0.25700D+03       0.14266D-03       0.50627D-01       0.43218D+00       0.11395D+00
       0.25800D+03       0.14261D-03       0.24603D-01       0.43219D+00       0.11364D+00
       0.25900D+03       0.14265D-03       0.37647D-01       0.43217D+00       0.11349D+00
       0.26000D+03       0.14242D-03       0.37779D-01       0.43220D+00       0.11462D+00
       0.26100D+03       0.14246D-03       0.24570D-01       0.43218D+00       0.11425D+00
       0.26200D+03       0.14238D-03       0.50686D-01       0.43218D+00       0.11392D+00
       0.26300D+03       0.14212D-03       0.95209D-03       0.43218D+00       0.11367D+00
       0.26400D+03       0.14244D-03       0.56142D-01       0.43219D+00       0.11327D+00
       0.26500D+03       0.14247D-03       0.23960D-01       0.43219D+00       0.11289D+00
       0.26600D+03       0.14226D-03       0.49432D-01       0.43217D+00       0.11261D+00
       0.26700D+03       0.14241D-03       0.27870D-01       0.43219D+00       0.11366D+00
       0.26800D+03       0.14248D-03       0.30696D-01       0.43218D+00       0.11331D+00
       0.26900D+03       0.14234D-03       0.46109D-01       0.43219D+00       0.11440D+00
       0.27000D+03       0.14183D-03       0.79508D-02       0.43218D+00       0.11418D+00
       0.27100D+03       0.14266D-03       0.59688D-01       0.43219D+00       0.11381D+00
       0.27200D+03       0.14258D-03       0.23964D-01       0.43219D+00       0.11346D+00
       0.27300D+03       0.14223D-03       0.57719D-01       0.43217D+00       0.11317D+00
       0.27400D+03       0.14294D-03       0.18894D-01       0.43219D+00       0.11307D+00
       0.27500D+03       0.14269D-03       0.39675D-01       0.43218D+00       0.11272D+00
       0.27600D+03       0.14250D-03       0.40259D-01       0.43219D+00       0.11382D+00
       0.27700D+03       0.14223D-03       0.18155D-01       0.43218D+00       0.11364D+00
       0.27800D+03       0.14286D-03       0.58085D-01       0.43219D+00       0.11332D+00
       0.27900D+03       0.14262D-03       0.23936D-01       0.43218D+00       0.11296D+00
       0.28000D+03       0.14233D-03       0.59767D-01       0.43218D+00       0.11270D+00
       0.28100D+03       0.14333D-03       0.86714D-02       0.43219D+00       0.11236D+00
       0.28200D+03       0.14282D-03       0.45767D-01       0.43218D+00       0.11201D+00
       0.28300D+03       0.14269D-03       0.31362D-01       0.43219D+00       0.11303D+00
       0.28400D+03       0.14274D-03       0.27222D-01       0.43217D+00       0.11288D+00
       0.28500D+03       0.14289D-03       0.50243D-01       0.43219D+00       0.11387D+00
       0.28600D+03       0.14272D-03       0.23993D-01       0.43218D+00       0.11350D+00
       0.28700D+03       0.14260D-03       0.56530D-01       0.43218D+00       0.11320D+00
       0.28800D+03       0.14309D-03       0.12573D-02       0.43219D+00       0.11290D+00
       0.28900D+03       0.14279D-03       0.50307D-01       0.43218D+00       0.11257D+00
       0.29000D+03       0.14274D-03       0.24802D-01       0.43219D+00       0.11229D+00
       0.29100D+03       0.14279D-03       0.36934D-01       0.43217D+00       0.11217D+00
       0.29200D+03       0.14258D-03       0.38506D-01       0.43219D+00       0.11317D+00
       0.29300D+03       0.14261D-03       0.24401D-01       0.43218D+00       0.11285D+00
       0.29400D+03       0.14254D-03       0.51014D-01       0.43218D+00       0.11257D+00
       0.29500D+03       0.14234D-03       0.72599D-03       0.43218D+00       0.11234D+00
       0.29600D+03       0.14257D-03       0.55804D-01       0.43219D+00       0.11199D+00
       0.29700D+03       0.14261D-03       0.23931D-01       0.43219D+00       0.11165D+00
       0.29800D+03       0.14244D-03       0.48728D-01       0.43217D+00       0.11141D+00
       0.29900D+03       0.14254D-03       0.28422D-01       0.43219D+00       0.11235D+00
       0.30000D+03       0.14261D-03       0.30146D-01       0.43218D+00       0.11204D+00
       0.30100D+03       0.14249D-03       0.46392D-01       0.43219D+00       0.11302D+00
       0.30200D+03       0.14203D-03       0.73558D-02       0.43218D+00       0.11282D+00
       0.30300D+03       0.14277D-03       0.59597D-01       0.43219D+00       0.11251D+00
       0.30400D+03       0.14271D-03       0.23989D-01       0.43219D+00       0.11219D+00
       0.30500D+03       0.14240D-03       0.57381D-01       0.43217D+00       0.11194D+00
       0.30600D+03       0.14300D-03       0.19510D-01       0.43219D+00       0.11162D+00
       0.30700D+03       0.14279D-03       0.39165D-01       0.43218D+00       0.11131D+00
       0.30800D+03       0.14263D-03       0.40736D-01       0.43219D+00       0.11229D+00
       0.30900D+03       0.14236D-03       0.17521D-01       0.43218D+00       0.11213D+00
       0.31000D+03       0.14295D-03       0.58367D-01       0.43219D+00       0.11186D+00
       0.31100D+03       0.14274D-03       0.23913D-01       0.43218D+00       0.11153D+00
       0.31200D+03       0.14247D-03       0.59811D-01       0.43218D+00       0.11131D+00
       0.31300D+03       0.14337D-03       0.92940D-02       0.43219D+00       0.11101D+00
       0.31400D+03       0.14292D-03       0.45471D-01       0.43218D+00       0.11070D+00
       0.31500D+03       0.14280D-03       0.31936D-01       0.43219D+00       0.11162D+00
       0.31600D+03       0.14283D-03       0.26677D-01       0.43218D+00       0.11149D+00
       0.31700D+03       0.14299D-03       0.50911D-01       0.43219D+00       0.11238D+00
       0.31800D+03       0.14284D-03       0.24020D-01       0.43218D+00       0.11205D+00
       0.31900D+03       0.14271D-03       0.56849D-01       0.43218D+00       0.11180D+00
       0.32000D+03       0.14320D-03       0.15470D-02       0.43219D+00       0.11154D+00
       0.32100D+03       0.14290D-03       0.49993D-01       0.43218D+00       0.11127D+00
       0.32200D+03       0.14286D-03       0.25028D-01       0.43219D+00       0.11103D+00
       0.32300D+03       0.14291D-03       0.36231D-01       0.43217D+00       0.11092D+00
       0.32400D+03       0.14273D-03       0.39242D-01       0.43219D+00       0.11183D+00
       0.32500D+03       0.14274D-03       0.24258D-01       0.43218D+00       0.11154D+00
       0.32600D+03       0.14268D-03       0.51347D-01       0.43218D+00       0.11129D+00
       0.32700D+03       0.14255D-03       0.52982D-03       0.43218D+00       0.11110D+00
       0.32800D+03       0.14271D-03       0.55459D-01       0.43219D+00       0.11078D+00
       0.32900D+03       0.14275D-03       0.23903D-01       0.43219D+00       0.11048D+00
       0.33000D+03       0.14261D-03       0.48009D-01       0.43217D+00       0.11026D+00
       0.33100D+03       0.14266D-03       0.28981D-01       0.43219D+00       0.11111D+00
       0.33200D+03       0.14274D-03       0.29612D-01       0.43218D+00       0.11084D+00
       0.33300D+03       0.14264D-03       0.46671D-01       0.43219D+00       0.11173D+00
       0.33400D+03       0.14222D-03       0.67759D-02       0.43218D+00       0.11150D+00
       0.33500D+03       0.14287D-03       0.59486D-01       0.43219D+00       0.11122D+00
       0.33600D+03       0.14283D-03       0.24012D-01       0.43219D+00       0.11094D+00
       0.33700D+03       0.14255D-03       0.57016D-01       0.43218D+00       0.11072D+00
       0.33800D+03       0.14307D-03       0.20117D-01       0.43219D+00       0.11042D+00
       0.33900D+03       0.14290D-03       0.38641D-01       0.43218D+00       0.11014D+00
       0.34000D+03       0.14276D-03       0.41196D-01       0.43219D+00       0.11104D+00
       0.34100D+03       0.14250D-03       0.16881D-01       0.43218D+00       0.11090D+00
       0.34200D+03       0.14305D-03       0.58623D-01       0.43219D+00       0.11065D+00
       0.34300D+03       0.14287D-03       0.23892D-01       0.43218D+00       0.11036D+00
       0.34400D+03       0.14261D-03       0.59832D-01       0.43218D+00       0.11016D+00
       0.34500D+03       0.14342D-03       0.99267D-02       0.43219D+00       0.10989D+00
       0.34600D+03       0.14303D-03       0.45168D-01       0.43218D+00       0.10961D+00
       0.34700D+03       0.14291D-03       0.32519D-01       0.43219D+00       0.11048D+00
       0.34800D+03       0.14293D-03       0.26133D-01       0.43218D+00       0.11037D+00
       0.34900D+03       0.14311D-03       0.51559D-01       0.43219D+00       0.11118D+00
       0.35000D+03       0.14292D-03       0.24043D-01       0.43218D+00       0.11089D+00
       0.35100D+03       0.14279D-03       0.57156D-01       0.43218D+00       0.11066D+00
       0.35200D+03       0.14327D-03       0.18649D-02       0.43219D+00       0.11041D+00
       0.35300D+03       0.14298D-03       0.49686D-01       0.43218D+00       0.11017D+00
       0.35400D+03       0.14294D-03       0.25282D-01       0.43219D+00       0.10997D+00
       0.35500D+03       0.14299D-03       0.35542D-01       0.43218D+00       0.10987D+00
       0.35600D+03       0.14284D-03       0.39987D-01       0.43219D+00       0.11070D+00
       0.35700D+03       0.14286D-03       0.24139D-01       0.43218D+00       0.11044D+00
       0.35800D+03       0.14281D-03       0.51687D-01       0.43218D+00       0.11021D+00
       0.35900D+03       0.14268D-03       0.36404D-03       0.43218D+00       0.10997D+00
       0.36000D+03       0.14279D-03       0.55109D-01       0.43219D+00       0.10969D+00
       0.36100D+03       0.14282D-03       0.23878D-01       0.43219D+00       0.10942D+00
       0.36200D+03       0.14270D-03       0.47279D-01       0.43218D+00       0.10922D+00
       0.36300D+03       0.14273D-03       0.29546D-01       0.43219D+00       0.11000D+00
       0.36400D+03       0.14280D-03       0.29094D-01       0.43218D+00       0.10975D+00
       0.36500D+03       0.14271D-03       0.46948D-01       0.43219D+00       0.11056D+00
       0.36600D+03       0.14233D-03       0.62123D-02       0.43218D+00       0.11041D+00
       0.36700D+03       0.14291D-03       0.59354D-01       0.43219D+00       0.11013D+00
       0.36800D+03       0.14282D-03       0.24034D-01       0.43219D+00       0.10988D+00
       0.36900D+03       0.14257D-03       0.56626D-01       0.43218D+00       0.10968D+00
       0.37000D+03       0.14302D-03       0.20716D-01       0.43219D+00       0.11042D+00
       0.37100D+03       0.14288D-03       0.38103D-01       0.43218D+00       0.11017D+00
       0.37200D+03       0.14275D-03       0.41641D-01       0.43219D+00       0.11099D+00
       0.37300D+03       0.14249D-03       0.16234D-01       0.43218D+00       0.11085D+00
       0.37400D+03       0.14302D-03       0.58853D-01       0.43219D+00       0.11059D+00
       0.37500D+03       0.14286D-03       0.23873D-01       0.43218D+00       0.11030D+00
       0.37600D+03       0.14262D-03       0.59831D-01       0.43218D+00       0.11012D+00
       0.37700D+03       0.14336D-03       0.10568D-01       0.43219D+00       0.10988D+00
       0.37800D+03       0.14300D-03       0.44855D-01       0.43218D+00       0.10962D+00
       0.37900D+03       0.14289D-03       0.33107D-01       0.43219D+00       0.11041D+00
       0.38000D+03       0.14290D-03       0.25590D-01       0.43218D+00       0.11031D+00
       0.38100D+03       0.14308D-03       0.52187D-01       0.43219D+00       0.11106D+00
       0.38200D+03       0.14291D-03       0.24063D-01       0.43218D+00       0.11078D+00
       0.38300D+03       0.14279D-03       0.57451D-01       0.43218D+00       0.11058D+00
       0.38400D+03       0.14325D-03       0.22104D-02       0.43219D+00       0.11035D+00
       0.38500D+03       0.14297D-03       0.49384D-01       0.43218D+00       0.11013D+00
       0.38600D+03       0.14293D-03       0.25563D-01       0.43219D+00       0.10990D+00
       0.38700D+03       0.14299D-03       0.34865D-01       0.43218D+00       0.10981D+00
       0.38800D+03       0.14285D-03       0.40739D-01       0.43219D+00       0.11057D+00
       0.38900D+03       0.14286D-03       0.24043D-01       0.43218D+00       0.11033D+00
       0.39000D+03       0.14281D-03       0.52031D-01       0.43218D+00       0.11013D+00
       0.39100D+03       0.14272D-03       0.22896D-03       0.43218D+00       0.10990D+00
       0.39200D+03       0.14279D-03       0.54754D-01       0.43219D+00       0.10964D+00
       0.39300D+03       0.14282D-03       0.23856D-01       0.43219D+00       0.10939D+00
       0.39400D+03       0.14272D-03       0.46538D-01       0.43218D+00       0.10921D+00
       0.39500D+03       0.14273D-03       0.30119D-01       0.43219D+00       0.10993D+00
       0.39600D+03       0.14280D-03       0.28595D-01       0.43218D+00       0.10970D+00
       0.39700D+03       0.14272D-03       0.47223D-01       0.43218D+00       0.11045D+00
       0.39800D+03       0.14238D-03       0.56665D-02       0.43218D+00       0.11030D+00
       0.39900D+03       0.14289D-03       0.59202D-01       0.43219D+00       0.11005D+00
       0.40000D+03       0.14283D-03       0.24054D-01       0.43219D+00       0.10982D+00
       0.40100D+03       0.14260D-03       0.56209D-01       0.43218D+00       0.10964D+00
       0.40200D+03       0.14299D-03       0.21307D-01       0.43219D+00       0.11032D+00
       0.40300D+03       0.14287D-03       0.37552D-01       0.43218D+00       0.11008D+00
       0.40400D+03       0.14275D-03       0.42069D-01       0.43219D+00       0.11084D+00
       0.40500D+03       0.14251D-03       0.15583D-01       0.43218D+00       0.11072D+00
       0.40600D+03       0.14300D-03       0.59059D-01       0.43219D+00       0.11048D+00
       0.40700D+03       0.14286D-03       0.23857D-01       0.43218D+00       0.11021D+00
       0.40800D+03       0.14264D-03       0.59808D-01       0.43218D+00       0.11004D+00
       0.40900D+03       0.14331D-03       0.11216D-01       0.43219D+00       0.10981D+00
       0.41000D+03       0.14299D-03       0.44533D-01       0.43218D+00       0.10957D+00
       0.41100D+03       0.14288D-03       0.33698D-01       0.43219D+00       0.11031D+00
       0.41200D+03       0.14287D-03       0.25044D-01       0.43218D+00       0.11021D+00
       0.41300D+03       0.14307D-03       0.52794D-01       0.43219D+00       0.11090D+00
       0.41400D+03       0.14290D-03       0.24078D-01       0.43218D+00       0.11065D+00
       0.41500D+03       0.14279D-03       0.57734D-01       0.43218D+00       0.11047D+00
       0.41600D+03       0.14324D-03       0.25826D-02       0.43219D+00       0.11025D+00
       0.41700D+03       0.14297D-03       0.49088D-01       0.43218D+00       0.11005D+00
       0.41800D+03       0.14292D-03       0.25873D-01       0.43219D+00       0.11073D+00
       0.41900D+03       0.14298D-03       0.34201D-01       0.43218D+00       0.11065D+00
       0.42000D+03       0.14286D-03       0.41497D-01       0.43219D+00       0.11135D+00
       0.42100D+03       0.14287D-03       0.23967D-01       0.43218D+00       0.11113D+00
       0.42200D+03       0.14282D-03       0.52380D-01       0.43218D+00       0.11094D+00
       0.42300D+03       0.14277D-03       0.12487D-03       0.43218D+00       0.11073D+00
       0.42400D+03       0.14280D-03       0.54397D-01       0.43219D+00       0.11049D+00
       0.42500D+03       0.14282D-03       0.23842D-01       0.43219D+00       0.11026D+00
       0.42600D+03       0.14275D-03       0.45789D-01       0.43218D+00       0.11009D+00
       0.42700D+03       0.14273D-03       0.30702D-01       0.43219D+00       0.11075D+00
       0.42800D+03       0.14280D-03       0.28116D-01       0.43218D+00       0.11053D+00
       0.42900D+03       0.14273D-03       0.47498D-01       0.43218D+00       0.11122D+00
       0.43000D+03       0.14242D-03       0.51398D-02       0.43218D+00       0.11109D+00
       0.43100D+03       0.14288D-03       0.59031D-01       0.43219D+00       0.11085D+00
       0.43200D+03       0.14283D-03       0.24070D-01       0.43219D+00       0.11063D+00
       0.43300D+03       0.14262D-03       0.55766D-01       0.43218D+00       0.11046D+00
       0.43400D+03       0.14296D-03       0.21889D-01       0.43219D+00       0.11111D+00
       0.43500D+03       0.14287D-03       0.36991D-01       0.43218D+00       0.11089D+00
       0.43600D+03       0.14275D-03       0.42481D-01       0.43219D+00       0.11159D+00
       0.43700D+03       0.14251D-03       0.14927D-01       0.43218D+00       0.11147D+00
       0.43800D+03       0.14298D-03       0.59240D-01       0.43219D+00       0.11123D+00
       0.43900D+03       0.14286D-03       0.23845D-01       0.43218D+00       0.11098D+00
       0.44000D+03       0.14265D-03       0.59762D-01       0.43218D+00       0.11083D+00
       0.44100D+03       0.14326D-03       0.11870D-01       0.43219D+00       0.11061D+00
       0.44200D+03       0.14297D-03       0.44200D-01       0.43218D+00       0.11039D+00
       0.44300D+03       0.14287D-03       0.34290D-01       0.43219D+00       0.11107D+00
       0.44400D+03       0.14285D-03       0.24497D-01       0.43218D+00       0.11097D+00
       0.44500D+03       0.14306D-03       0.53378D-01       0.43219D+00       0.11161D+00
       0.44600D+03       0.14290D-03       0.24088D-01       0.43218D+00       0.11138D+00
       0.44700D+03       0.14278D-03       0.58001D-01       0.43218D+00       0.11121D+00
       0.44800D+03       0.14323D-03       0.29808D-02       0.43219D+00       0.11101D+00
       0.44900D+03       0.14296D-03       0.48797D-01       0.43218D+00       0.11078D+00
       0.45000D+03       0.14291D-03       0.26210D-01       0.43219D+00       0.11142D+00
       0.45100D+03       0.14297D-03       0.33551D-01       0.43218D+00       0.11133D+00
       0.45200D+03       0.14287D-03       0.42258D-01       0.43219D+00       0.11199D+00
       0.45300D+03       0.14287D-03       0.23910D-01       0.43218D+00       0.11178D+00
       0.45400D+03       0.14282D-03       0.52734D-01       0.43218D+00       0.11160D+00
       0.45500D+03       0.14280D-03       0.52020D-04       0.43218D+00       0.11140D+00
       0.45600D+03       0.14280D-03       0.54037D-01       0.43219D+00       0.11118D+00
       0.45700D+03       0.14283D-03       0.23835D-01       0.43219D+00       0.11097D+00
       0.45800D+03       0.14277D-03       0.45032D-01       0.43218D+00       0.11078D+00
       0.45900D+03       0.14273D-03       0.31295D-01       0.43219D+00       0.11140D+00
       0.46000D+03       0.14280D-03       0.27660D-01       0.43218D+00       0.11120D+00
       0.46100D+03       0.14273D-03       0.47774D-01       0.43218D+00       0.11184D+00
       0.46200D+03       0.14245D-03       0.46334D-02       0.43218D+00       0.11171D+00
       0.46300D+03       0.14286D-03       0.58841D-01       0.43219D+00       0.11149D+00
       0.46400D+03       0.14283D-03       0.24082D-01       0.43219D+00       0.11129D+00
       0.46500D+03       0.14263D-03       0.55296D-01       0.43218D+00       0.11113D+00
       0.46600D+03       0.14293D-03       0.22464D-01       0.43219D+00       0.11173D+00
       0.46700D+03       0.14286D-03       0.36420D-01       0.43218D+00       0.11152D+00
       0.46800D+03       0.14275D-03       0.42878D-01       0.43219D+00       0.11217D+00
       0.46900D+03       0.14251D-03       0.14268D-01       0.43218D+00       0.11206D+00
       0.47000D+03       0.14296D-03       0.59396D-01       0.43219D+00       0.11185D+00
       0.47100D+03       0.14285D-03       0.23837D-01       0.43218D+00       0.11163D+00
       0.47200D+03       0.14265D-03       0.59692D-01       0.43218D+00       0.11147D+00
       0.47300D+03       0.14321D-03       0.12528D-01       0.43219D+00       0.11132D+00
       0.47400D+03       0.14294D-03       0.43854D-01       0.43218D+00       0.11111D+00
       0.47500D+03       0.14285D-03       0.34881D-01       0.43219D+00       0.11175D+00
       0.47600D+03       0.14282D-03       0.23945D-01       0.43218D+00       0.11165D+00
       0.47700D+03       0.14304D-03       0.53938D-01       0.43219D+00       0.11225D+00
       0.47800D+03       0.14288D-03       0.24093D-01       0.43218D+00       0.11203D+00
       0.47900D+03       0.14276D-03       0.58254D-01       0.43218D+00       0.11187D+00
       0.48000D+03       0.14320D-03       0.34042D-02       0.43219D+00       0.11168D+00
       0.48100D+03       0.14294D-03       0.48511D-01       0.43218D+00       0.11147D+00
       0.48200D+03       0.14289D-03       0.26574D-01       0.43219D+00       0.11206D+00
       0.48300D+03       0.14296D-03       0.32914D-01       0.43218D+00       0.11198D+00
       0.48400D+03       0.14288D-03       0.43022D-01       0.43219D+00       0.11259D+00
       0.48500D+03       0.14285D-03       0.23871D-01       0.43218D+00       0.11239D+00
       0.48600D+03       0.14281D-03       0.53090D-01       0.43218D+00       0.11222D+00
       0.48700D+03       0.14281D-03       0.10540D-04       0.43218D+00       0.11203D+00
       0.48800D+03       0.14279D-03       0.53677D-01       0.43219D+00       0.11183D+00
       0.48900D+03       0.14282D-03       0.23838D-01       0.43219D+00       0.11163D+00
       0.49000D+03       0.14277D-03       0.44272D-01       0.43218D+00       0.11146D+00
       0.49100D+03       0.14272D-03       0.31899D-01       0.43219D+00       0.11203D+00
       0.49200D+03       0.14279D-03       0.27227D-01       0.43218D+00       0.11185D+00
       0.49300D+03       0.14273D-03       0.48051D-01       0.43218D+00       0.11244D+00
       0.49400D+03       0.14247D-03       0.41484D-02       0.43218D+00       0.11232D+00
       0.49500D+03       0.14284D-03       0.58632D-01       0.43219D+00       0.11212D+00
       0.49600D+03       0.14281D-03       0.24090D-01       0.43219D+00       0.11193D+00
       0.49700D+03       0.14263D-03       0.54801D-01       0.43218D+00       0.11178D+00
       0.49800D+03       0.14289D-03       0.23031D-01       0.43219D+00       0.11234D+00
       0.49900D+03       0.14284D-03       0.35841D-01       0.43218D+00       0.11214D+00
       0.50000D+03       0.14274D-03       0.43260D-01       0.43219D+00       0.11275D+00
       0.50100D+03       0.14251D-03       0.13608D-01       0.43218D+00       0.11264D+00
       0.50200D+03       0.14293D-03       0.59528D-01       0.43219D+00       0.11245D+00
       0.50300D+03       0.14283D-03       0.23834D-01       0.43218D+00       0.11224D+00
       0.50400D+03       0.14264D-03       0.59599D-01       0.43218D+00       0.11207D+00
       0.50500D+03       0.14316D-03       0.13188D-01       0.43219D+00       0.11194D+00
       0.50600D+03       0.14292D-03       0.43495D-01       0.43218D+00       0.11174D+00
       0.50700D+03       0.14283D-03       0.35470D-01       0.43219D+00       0.11233D+00
       0.50800D+03       0.14278D-03       0.23388D-01       0.43218D+00       0.11224D+00
       0.50900D+03       0.14300D-03       0.54474D-01       0.43219D+00       0.11280D+00
       0.51000D+03       0.14285D-03       0.24093D-01       0.43218D+00       0.11259D+00
       0.51100D+03       0.14274D-03       0.58491D-01       0.43218D+00       0.11244D+00
       0.51200D+03       0.14317D-03       0.38517D-02       0.43219D+00       0.11226D+00
       0.51300D+03       0.14292D-03       0.48229D-01       0.43218D+00       0.11206D+00
       0.51400D+03       0.14287D-03       0.26965D-01       0.43219D+00       0.11261D+00
       0.51500D+03       0.14293D-03       0.32290D-01       0.43218D+00       0.11254D+00
       0.51600D+03       0.14287D-03       0.43786D-01       0.43219D+00       0.11311D+00
       0.51700D+03       0.14284D-03       0.23846D-01       0.43218D+00       0.11291D+00
       0.51800D+03       0.14280D-03       0.53449D-01       0.43218D+00       0.11275D+00
       0.51900D+03       0.14283D-03       0.52281D-06       0.43218D+00       0.11257D+00
       0.52000D+03       0.14279D-03       0.53318D-01       0.43218D+00       0.11238D+00
       0.52100D+03       0.14281D-03       0.23854D-01       0.43219D+00       0.11219D+00
       0.52200D+03       0.14277D-03       0.43508D-01       0.43218D+00       0.11203D+00
       0.52300D+03       0.14271D-03       0.32515D-01       0.43219D+00       0.11259D+00
       0.52400D+03       0.14277D-03       0.26820D-01       0.43218D+00       0.11241D+00
       0.52500D+03       0.14272D-03       0.48331D-01       0.43218D+00       0.11297D+00
       0.52600D+03       0.14248D-03       0.36860D-02       0.43218D+00       0.11285D+00
       0.52700D+03       0.14281D-03       0.58407D-01       0.43219D+00       0.11266D+00
       0.52800D+03       0.14279D-03       0.24094D-01       0.43219D+00       0.11248D+00
       0.52900D+03       0.14263D-03       0.54281D-01       0.43218D+00       0.11234D+00
       0.53000D+03       0.14285D-03       0.23591D-01       0.43219D+00       0.11287D+00
       0.53100D+03       0.14281D-03       0.35256D-01       0.43218D+00       0.11268D+00
       0.53200D+03       0.14273D-03       0.43627D-01       0.43219D+00       0.11325D+00
       0.53300D+03       0.14250D-03       0.12947D-01       0.43218D+00       0.11315D+00
       0.53400D+03       0.14291D-03       0.59636D-01       0.43219D+00       0.11297D+00
       0.53500D+03       0.14282D-03       0.23835D-01       0.43218D+00       0.11279D+00
       0.53600D+03       0.14264D-03       0.59482D-01       0.43218D+00       0.11261D+00
       0.53700D+03       0.14311D-03       0.13848D-01       0.43219D+00       0.11249D+00
       0.53800D+03       0.14289D-03       0.43123D-01       0.43218D+00       0.11230D+00
       0.53900D+03       0.14281D-03       0.36053D-01       0.43219D+00       0.11286D+00
       0.54000D+03       0.14275D-03       0.22825D-01       0.43218D+00       0.11277D+00
       0.54100D+03       0.14298D-03       0.54985D-01       0.43219D+00       0.11329D+00
       0.54200D+03       0.14283D-03       0.24088D-01       0.43218D+00       0.11309D+00
       0.54300D+03       0.14272D-03       0.58710D-01       0.43218D+00       0.11295D+00
       0.54400D+03       0.14315D-03       0.43225D-02       0.43219D+00       0.11278D+00
       0.54500D+03       0.14290D-03       0.47950D-01       0.43218D+00       0.11259D+00
       0.54600D+03       0.14285D-03       0.27382D-01       0.43219D+00       0.11311D+00
       0.54700D+03       0.14291D-03       0.31678D-01       0.43218D+00       0.11304D+00
       0.54800D+03       0.14286D-03       0.44549D-01       0.43219D+00       0.11356D+00
       0.54900D+03       0.14283D-03       0.23836D-01       0.43218D+00       0.11336D+00
       0.55000D+03       0.14279D-03       0.53808D-01       0.43218D+00       0.11321D+00
       0.55100D+03       0.14284D-03       0.22011D-04       0.43218D+00       0.11304D+00
       0.55200D+03       0.14278D-03       0.52960D-01       0.43218D+00       0.11286D+00
       0.55300D+03       0.14280D-03       0.23883D-01       0.43219D+00       0.11268D+00
       0.55400D+03       0.14277D-03       0.42744D-01       0.43218D+00       0.11253D+00
       0.55500D+03       0.14270D-03       0.33144D-01       0.43219D+00       0.11306D+00
       0.55600D+03       0.14276D-03       0.26438D-01       0.43218D+00       0.11289D+00
       0.55700D+03       0.14271D-03       0.48615D-01       0.43218D+00       0.11341D+00
       0.55800D+03       0.14250D-03       0.32471D-02       0.43218D+00       0.11330D+00
       0.55900D+03       0.14279D-03       0.58164D-01       0.43219D+00       0.11312D+00
       0.56000D+03       0.14277D-03       0.24092D-01       0.43219D+00       0.11295D+00
       0.56100D+03       0.14262D-03       0.53737D-01       0.43218D+00       0.11281D+00
       0.56200D+03       0.14282D-03       0.24146D-01       0.43219D+00       0.11331D+00
       0.56300D+03       0.14279D-03       0.34666D-01       0.43218D+00       0.11315D+00
       0.56400D+03       0.14271D-03       0.43981D-01       0.43219D+00       0.11369D+00
       0.56500D+03       0.14249D-03       0.12288D-01       0.43218D+00       0.11359D+00
       0.56600D+03       0.14288D-03       0.59720D-01       0.43219D+00       0.11342D+00
       0.56700D+03       0.14280D-03       0.23840D-01       0.43218D+00       0.11325D+00
       0.56800D+03       0.14264D-03       0.59342D-01       0.43218D+00       0.11308D+00
       0.56900D+03       0.14307D-03       0.14508D-01       0.43219D+00       0.11288D+00
       0.57000D+03       0.14287D-03       0.42735D-01       0.43218D+00       0.11270D+00
       0.57100D+03       0.14279D-03       0.36629D-01       0.43219D+00       0.11323D+00
       0.57200D+03       0.14273D-03       0.22255D-01       0.43218D+00       0.11315D+00
       0.57300D+03       0.14296D-03       0.55470D-01       0.43219D+00       0.11364D+00
       0.57400D+03       0.14282D-03       0.24078D-01       0.43218D+00       0.11345D+00
       0.57500D+03       0.14271D-03       0.58912D-01       0.43218D+00       0.11332D+00
       0.57600D+03       0.14312D-03       0.48154D-02       0.43219D+00       0.11315D+00
       0.57700D+03       0.14288D-03       0.47673D-01       0.43218D+00       0.11297D+00
       0.57800D+03       0.14284D-03       0.27823D-01       0.43219D+00       0.11346D+00
       0.57900D+03       0.14289D-03       0.31078D-01       0.43218D+00       0.11339D+00
       0.58000D+03       0.14286D-03       0.45309D-01       0.43219D+00       0.11388D+00
       0.58100D+03       0.14282D-03       0.23836D-01       0.43218D+00       0.11369D+00
       0.58200D+03       0.14278D-03       0.54168D-01       0.43218D+00       0.11355D+00
       0.58300D+03       0.14285D-03       0.74929D-04       0.43218D+00       0.11340D+00
       0.58400D+03       0.14277D-03       0.52605D-01       0.43218D+00       0.11322D+00
       0.58500D+03       0.14279D-03       0.23929D-01       0.43219D+00       0.11306D+00
       0.58600D+03       0.14278D-03       0.41981D-01       0.43218D+00       0.11300D+00
       0.58700D+03       0.14270D-03       0.33786D-01       0.43219D+00       0.11349D+00
       0.58800D+03       0.14275D-03       0.26084D-01       0.43218D+00       0.11333D+00
       0.58900D+03       0.14271D-03       0.48903D-01       0.43218D+00       0.11383D+00
       0.59000D+03       0.14252D-03       0.28328D-02       0.43218D+00       0.11437D+00
       0.59100D+03       0.14278D-03       0.57906D-01       0.43219D+00       0.11420D+00
       0.59200D+03       0.14277D-03       0.24085D-01       0.43219D+00       0.11403D+00
       0.59300D+03       0.14263D-03       0.53168D-01       0.43218D+00       0.11391D+00
       0.59400D+03       0.14279D-03       0.24697D-01       0.43219D+00       0.11437D+00
       0.59500D+03       0.14278D-03       0.34074D-01       0.43218D+00       0.11422D+00
       0.59600D+03       0.14271D-03       0.44322D-01       0.43219D+00       0.11472D+00
       0.59700D+03       0.14249D-03       0.11631D-01       0.43218D+00       0.11463D+00
       0.59800D+03       0.14287D-03       0.59781D-01       0.43219D+00       0.11446D+00
       0.59900D+03       0.14280D-03       0.23849D-01       0.43218D+00       0.11430D+00
       0.60000D+03       0.14264D-03       0.59177D-01       0.43218D+00       0.11414D+00
       0.60100D+03       0.14304D-03       0.15166D-01       0.43219D+00       0.11395D+00
       0.60200D+03       0.14287D-03       0.42333D-01       0.43218D+00       0.11379D+00
       0.60300D+03       0.14279D-03       0.37197D-01       0.43219D+00       0.11429D+00
       0.60400D+03       0.14272D-03       0.21678D-01       0.43218D+00       0.11421D+00
       0.60500D+03       0.14295D-03       0.55930D-01       0.43219D+00       0.11467D+00
       0.60600D+03       0.14282D-03       0.24064D-01       0.43218D+00       0.11449D+00
       0.60700D+03       0.14271D-03       0.59096D-01       0.43218D+00       0.11437D+00
       0.60800D+03       0.14311D-03       0.53294D-02       0.43219D+00       0.11421D+00
       0.60900D+03       0.14288D-03       0.47398D-01       0.43218D+00       0.11403D+00
       0.61000D+03       0.14284D-03       0.28288D-01       0.43219D+00       0.11450D+00
       0.61100D+03       0.14289D-03       0.30488D-01       0.43218D+00       0.11443D+00
       0.61200D+03       0.14287D-03       0.46062D-01       0.43219D+00       0.11489D+00
       0.61300D+03       0.14282D-03       0.23846D-01       0.43218D+00       0.11471D+00
       0.61400D+03       0.14278D-03       0.54527D-01       0.43218D+00       0.11456D+00
       0.61500D+03       0.14287D-03       0.15918D-03       0.43218D+00       0.11442D+00
       0.61600D+03       0.14278D-03       0.52253D-01       0.43218D+00       0.11425D+00
       0.61700D+03       0.14279D-03       0.23992D-01       0.43219D+00       0.11409D+00
       0.61800D+03       0.14279D-03       0.41220D-01       0.43218D+00       0.11403D+00
       0.61900D+03       0.14271D-03       0.34441D-01       0.43219D+00       0.11450D+00
       0.62000D+03       0.14275D-03       0.25757D-01       0.43218D+00       0.11435D+00
       0.62100D+03       0.14272D-03       0.49195D-01       0.43218D+00       0.11425D+00
       0.62200D+03       0.14255D-03       0.24440D-02       0.43218D+00       0.11414D+00
       0.62300D+03       0.14278D-03       0.57632D-01       0.43219D+00       0.11399D+00
       0.62400D+03       0.14277D-03       0.24073D-01       0.43219D+00       0.11383D+00
       0.62500D+03       0.14264D-03       0.52575D-01       0.43218D+00       0.11371D+00
       0.62600D+03       0.14278D-03       0.25243D-01       0.43219D+00       0.11416D+00
       0.62700D+03       0.14278D-03       0.33482D-01       0.43218D+00       0.11401D+00
       0.62800D+03       0.14271D-03       0.44652D-01       0.43219D+00       0.11449D+00
       0.62900D+03       0.14250D-03       0.10979D-01       0.43218D+00       0.11440D+00
       0.63000D+03       0.14286D-03       0.59819D-01       0.43219D+00       0.11424D+00
       0.63100D+03       0.14280D-03       0.23862D-01       0.43218D+00       0.11409D+00
       0.63200D+03       0.14265D-03       0.58987D-01       0.43218D+00       0.11396D+00
       0.63300D+03       0.14302D-03       0.15820D-01       0.43219D+00       0.11389D+00
       0.63400D+03       0.14287D-03       0.41915D-01       0.43218D+00       0.11374D+00
       0.63500D+03       0.14279D-03       0.37754D-01       0.43219D+00       0.11421D+00
       0.63600D+03       0.14271D-03       0.21093D-01       0.43218D+00       0.11414D+00
       0.63700D+03       0.14295D-03       0.56364D-01       0.43219D+00       0.11517D+00
       0.63800D+03       0.14282D-03       0.24047D-01       0.43218D+00       0.11500D+00
       0.63900D+03       0.14271D-03       0.59260D-01       0.43218D+00       0.11488D+00
       0.64000D+03       0.14310D-03       0.58632D-02       0.43219D+00       0.11473D+00
       0.64100D+03       0.14288D-03       0.47123D-01       0.43218D+00       0.11456D+00
       0.64200D+03       0.14284D-03       0.28774D-01       0.43219D+00       0.11500D+00
       0.64300D+03       0.14288D-03       0.29909D-01       0.43218D+00       0.11494D+00
       0.64400D+03       0.14288D-03       0.46809D-01       0.43219D+00       0.11537D+00
       0.64500D+03       0.14283D-03       0.23864D-01       0.43218D+00       0.11520D+00
       0.64600D+03       0.14279D-03       0.54884D-01       0.43218D+00       0.11506D+00
       0.64700D+03       0.14289D-03       0.27459D-03       0.43218D+00       0.11492D+00
       0.64800D+03       0.14281D-03       0.51905D-01       0.43218D+00       0.11476D+00
       0.64900D+03       0.14280D-03       0.24075D-01       0.43219D+00       0.11461D+00
       0.65000D+03       0.14280D-03       0.40464D-01       0.43218D+00       0.11455D+00
       0.65100D+03       0.14272D-03       0.35110D-01       0.43219D+00       0.11500D+00
       0.65200D+03       0.14276D-03       0.25457D-01       0.43218D+00       0.11485D+00
       0.65300D+03       0.14273D-03       0.49493D-01       0.43218D+00       0.11476D+00
       0.65400D+03       0.14258D-03       0.20814D-02       0.43218D+00       0.11466D+00
       0.65500D+03       0.14278D-03       0.57345D-01       0.43219D+00       0.11451D+00
       0.65600D+03       0.14277D-03       0.24056D-01       0.43219D+00       0.11436D+00
       0.65700D+03       0.14266D-03       0.51961D-01       0.43218D+00       0.11425D+00
       0.65800D+03       0.14277D-03       0.25788D-01       0.43219D+00       0.11467D+00
       0.65900D+03       0.14278D-03       0.32892D-01       0.43218D+00       0.11453D+00
       0.66000D+03       0.14271D-03       0.44970D-01       0.43219D+00       0.11498D+00
       0.66100D+03       0.14251D-03       0.10334D-01       0.43218D+00       0.11490D+00
       0.66200D+03       0.14286D-03       0.59834D-01       0.43219D+00       0.11474D+00
       0.66300D+03       0.14280D-03       0.23879D-01       0.43218D+00       0.11460D+00
       0.66400D+03       0.14266D-03       0.58772D-01       0.43218D+00       0.11448D+00
       0.66500D+03       0.14300D-03       0.16470D-01       0.43219D+00       0.11441D+00
       0.66600D+03       0.14286D-03       0.41481D-01       0.43218D+00       0.11427D+00
       0.66700D+03       0.14279D-03       0.38300D-01       0.43219D+00       0.11471D+00
       0.66800D+03       0.14271D-03       0.20499D-01       0.43218D+00       0.11464D+00
       0.66900D+03       0.14294D-03       0.56771D-01       0.43219D+00       0.11449D+00
       0.67000D+03       0.14282D-03       0.24026D-01       0.43218D+00       0.11433D+00
       0.67100D+03       0.14272D-03       0.59404D-01       0.43218D+00       0.11422D+00
       0.67200D+03       0.14312D-03       0.64156D-02       0.43219D+00       0.11407D+00
       0.67300D+03       0.14291D-03       0.46847D-01       0.43218D+00       0.11391D+00
       0.67400D+03       0.14286D-03       0.29280D-01       0.43219D+00       0.11434D+00
       0.67500D+03       0.14290D-03       0.29339D-01       0.43218D+00       0.11427D+00
       0.67600D+03       0.14291D-03       0.47546D-01       0.43219D+00       0.11469D+00
       0.67700D+03       0.14286D-03       0.23886D-01       0.43218D+00       0.11453D+00
       0.67800D+03       0.14282D-03       0.55237D-01       0.43218D+00       0.11440D+00
       0.67900D+03       0.14294D-03       0.42089D-03       0.43218D+00       0.11425D+00
       0.68000D+03       0.14287D-03       0.51562D-01       0.43218D+00       0.11410D+00
       0.68100D+03       0.14286D-03       0.24180D-01       0.43219D+00       0.11398D+00
       0.68200D+03       0.14286D-03       0.39715D-01       0.43218D+00       0.11393D+00
       0.68300D+03       0.14277D-03       0.35791D-01       0.43219D+00       0.11436D+00
       0.68400D+03       0.14280D-03       0.25186D-01       0.43218D+00       0.11422D+00
       0.68500D+03       0.14277D-03       0.49797D-01       0.43218D+00       0.11413D+00
       0.68600D+03       0.14264D-03       0.17459D-02       0.43218D+00       0.11404D+00
       0.68700D+03       0.14281D-03       0.57045D-01       0.43219D+00       0.11390D+00
       0.68800D+03       0.14281D-03       0.24035D-01       0.43219D+00       0.11376D+00
       0.68900D+03       0.14271D-03       0.51325D-01       0.43218D+00       0.11365D+00
       0.69000D+03       0.14280D-03       0.26331D-01       0.43219D+00       0.11405D+00
       0.69100D+03       0.14281D-03       0.32306D-01       0.43218D+00       0.11392D+00
       0.69200D+03       0.14275D-03       0.45279D-01       0.43218D+00       0.11434D+00
       0.69300D+03       0.14256D-03       0.96951D-02       0.43218D+00       0.11426D+00
       0.69400D+03       0.14289D-03       0.59827D-01       0.43219D+00       0.11411D+00
       0.69500D+03       0.14284D-03       0.23899D-01       0.43218D+00       0.11397D+00
       0.69600D+03       0.14270D-03       0.58533D-01       0.43218D+00       0.11386D+00
       0.69700D+03       0.14302D-03       0.17115D-01       0.43219D+00       0.11382D+00
       0.69800D+03       0.14289D-03       0.41030D-01       0.43218D+00       0.11368D+00
       0.69900D+03       0.14282D-03       0.38833D-01       0.43219D+00       0.11411D+00
       0.70000D+03       0.14273D-03       0.19897D-01       0.43218D+00       0.11404D+00
       0.70100D+03       0.14297D-03       0.57152D-01       0.43219D+00       0.11390D+00
       0.70200D+03       0.14285D-03       0.24004D-01       0.43218D+00       0.11375D+00
       0.70300D+03       0.14275D-03       0.59529D-01       0.43218D+00       0.11364D+00
       0.70400D+03       0.14314D-03       0.69853D-02       0.43219D+00       0.11350D+00
       0.70500D+03       0.14294D-03       0.46570D-01       0.43218D+00       0.11335D+00
       0.70600D+03       0.14289D-03       0.29805D-01       0.43219D+00       0.11376D+00
       0.70700D+03       0.14293D-03       0.28776D-01       0.43218D+00       0.11370D+00
       0.70800D+03       0.14295D-03       0.48273D-01       0.43219D+00       0.11409D+00
       0.70900D+03       0.14289D-03       0.23913D-01       0.43218D+00       0.11394D+00
       0.71000D+03       0.14285D-03       0.55585D-01       0.43218D+00       0.11382D+00
       0.71100D+03       0.14299D-03       0.59779D-03       0.43218D+00       0.11368D+00
       0.71200D+03       0.14291D-03       0.51225D-01       0.43218D+00       0.11354D+00
       0.71300D+03       0.14290D-03       0.24308D-01       0.43219D+00       0.11343D+00
       0.71400D+03       0.14290D-03       0.38973D-01       0.43218D+00       0.11337D+00
       0.71500D+03       0.14282D-03       0.36486D-01       0.43219D+00       0.11378D+00
       0.71600D+03       0.14284D-03       0.24942D-01       0.43218D+00       0.11365D+00
       0.71700D+03       0.14281D-03       0.50107D-01       0.43218D+00       0.11357D+00
       0.71800D+03       0.14270D-03       0.14382D-02       0.43218D+00       0.11348D+00
       0.71900D+03       0.14284D-03       0.56734D-01       0.43219D+00       0.11333D+00
       0.72000D+03       0.14285D-03       0.24010D-01       0.43219D+00       0.11320D+00
       0.72100D+03       0.14276D-03       0.50670D-01       0.43218D+00       0.11309D+00
       0.72200D+03       0.14285D-03       0.26875D-01       0.43219D+00       0.11348D+00
       0.72300D+03       0.14286D-03       0.31726D-01       0.43218D+00       0.11335D+00
       0.72400D+03       0.14281D-03       0.45580D-01       0.43218D+00       0.11376D+00
       0.72500D+03       0.14262D-03       0.90659D-02       0.43218D+00       0.11368D+00
       0.72600D+03       0.14293D-03       0.59797D-01       0.43219D+00       0.11354D+00
       0.72700D+03       0.14289D-03       0.23921D-01       0.43218D+00       0.11341D+00
       0.72800D+03       0.14276D-03       0.58267D-01       0.43218D+00       0.11330D+00
       0.72900D+03       0.14305D-03       0.17753D-01       0.43219D+00       0.11326D+00
       0.73000D+03       0.14293D-03       0.40564D-01       0.43218D+00       0.11313D+00
       0.73100D+03       0.14287D-03       0.39353D-01       0.43219D+00       0.11354D+00
       0.73200D+03       0.14278D-03       0.19286D-01       0.43218D+00       0.11348D+00
       0.73300D+03       0.14301D-03       0.57507D-01       0.43219D+00       0.11336D+00
       0.73400D+03       0.14290D-03       0.23980D-01       0.43218D+00       0.11321D+00
       0.73500D+03       0.14280D-03       0.59633D-01       0.43218D+00       0.11311D+00
       0.73600D+03       0.14318D-03       0.75709D-02       0.43219D+00       0.11298D+00
       0.73700D+03       0.14298D-03       0.46289D-01       0.43218D+00       0.11283D+00
       0.73800D+03       0.14293D-03       0.30345D-01       0.43219D+00       0.11322D+00
       0.73900D+03       0.14296D-03       0.28220D-01       0.43218D+00       0.11317D+00
       0.74000D+03       0.14299D-03       0.48986D-01       0.43219D+00       0.11355D+00
       0.74100D+03       0.14294D-03       0.23941D-01       0.43218D+00       0.11341D+00
       0.74200D+03       0.14290D-03       0.55928D-01       0.43218D+00       0.11329D+00
       0.74300D+03       0.14305D-03       0.80491D-03       0.43218D+00       0.11317D+00
       0.74400D+03       0.14296D-03       0.50894D-01       0.43218D+00       0.11304D+00
       0.74500D+03       0.14294D-03       0.24460D-01       0.43219D+00       0.11293D+00
       0.74600D+03       0.14295D-03       0.38240D-01       0.43218D+00       0.11288D+00
       0.74700D+03       0.14287D-03       0.37192D-01       0.43219D+00       0.11327D+00
       0.74800D+03       0.14289D-03       0.24726D-01       0.43218D+00       0.11315D+00
       0.74900D+03       0.14286D-03       0.50423D-01       0.43218D+00       0.11307D+00
       0.75000D+03       0.14276D-03       0.11589D-02       0.43218D+00       0.11298D+00
       0.75100D+03       0.14288D-03       0.56412D-01       0.43219D+00       0.11284D+00
       0.75200D+03       0.14289D-03       0.23983D-01       0.43219D+00       0.11271D+00
       0.75300D+03       0.14281D-03       0.49996D-01       0.43218D+00       0.11261D+00
       0.75400D+03       0.14288D-03       0.27421D-01       0.43219D+00       0.11298D+00
       0.75500D+03       0.14290D-03       0.31155D-01       0.43218D+00       0.11286D+00
       0.75600D+03       0.14285D-03       0.45873D-01       0.43218D+00       0.11325D+00
       0.75700D+03       0.14266D-03       0.84475D-02       0.43218D+00       0.11317D+00
       0.75800D+03       0.14296D-03       0.59746D-01       0.43219D+00       0.11304D+00
       0.75900D+03       0.14293D-03       0.23945D-01       0.43218D+00       0.11291D+00
       0.76000D+03       0.14280D-03       0.57976D-01       0.43218D+00       0.11281D+00
       0.76100D+03       0.14307D-03       0.18384D-01       0.43219D+00       0.11278D+00
       0.76200D+03       0.14297D-03       0.40081D-01       0.43218D+00       0.11265D+00
       0.76300D+03       0.14290D-03       0.39857D-01       0.43219D+00       0.11305D+00
       0.76400D+03       0.14281D-03       0.18667D-01       0.43218D+00       0.11298D+00
       0.76500D+03       0.14303D-03       0.57836D-01       0.43219D+00       0.11287D+00
       0.76600D+03       0.14294D-03       0.23956D-01       0.43218D+00       0.11274D+00
       0.76700D+03       0.14283D-03       0.59715D-01       0.43218D+00       0.11264D+00
       0.76800D+03       0.14320D-03       0.81710D-02       0.43219D+00       0.11252D+00
       0.76900D+03       0.14301D-03       0.46004D-01       0.43218D+00       0.11239D+00
       0.77000D+03       0.14297D-03       0.30899D-01       0.43219D+00       0.11276D+00
       0.77100D+03       0.14299D-03       0.27670D-01       0.43218D+00       0.11271D+00
       0.77200D+03       0.14303D-03       0.49684D-01       0.43219D+00       0.11308D+00
       0.77300D+03       0.14297D-03       0.23970D-01       0.43218D+00       0.11294D+00
       0.77400D+03       0.14293D-03       0.56263D-01       0.43218D+00       0.11283D+00
       0.77500D+03       0.14310D-03       0.10418D-02       0.43218D+00       0.11271D+00
       0.77600D+03       0.14299D-03       0.50568D-01       0.43218D+00       0.11259D+00
       0.77700D+03       0.14298D-03       0.24637D-01       0.43219D+00       0.11249D+00
       0.77800D+03       0.14299D-03       0.37517D-01       0.43218D+00       0.11244D+00
       0.77900D+03       0.14291D-03       0.37910D-01       0.43219D+00       0.11282D+00
       0.78000D+03       0.14292D-03       0.24537D-01       0.43218D+00       0.11269D+00
       0.78100D+03       0.14290D-03       0.50745D-01       0.43218D+00       0.11259D+00
       0.78200D+03       0.14281D-03       0.90870D-03       0.43218D+00       0.11251D+00
       0.78300D+03       0.14291D-03       0.56081D-01       0.43219D+00       0.11237D+00
       0.78400D+03       0.14292D-03       0.23955D-01       0.43219D+00       0.11224D+00
       0.78500D+03       0.14286D-03       0.49305D-01       0.43218D+00       0.11215D+00
       0.78600D+03       0.14290D-03       0.27970D-01       0.43219D+00       0.11251D+00
       0.78700D+03       0.14293D-03       0.30595D-01       0.43218D+00       0.11239D+00
       0.78800D+03       0.14288D-03       0.46161D-01       0.43218D+00       0.11276D+00
       0.78900D+03       0.14270D-03       0.78414D-02       0.43218D+00       0.11269D+00
       0.79000D+03       0.14299D-03       0.59673D-01       0.43219D+00       0.11257D+00
       0.79100D+03       0.14296D-03       0.23969D-01       0.43218D+00       0.11245D+00
       0.79200D+03       0.14284D-03       0.57659D-01       0.43218D+00       0.11235D+00
       0.79300D+03       0.14308D-03       0.19006D-01       0.43219D+00       0.11232D+00
       0.79400D+03       0.14299D-03       0.39583D-01       0.43218D+00       0.11219D+00
       0.79500D+03       0.14293D-03       0.40347D-01       0.43219D+00       0.11257D+00
       0.79600D+03       0.14283D-03       0.18040D-01       0.43218D+00       0.11251D+00
       0.79700D+03       0.14305D-03       0.58139D-01       0.43219D+00       0.11241D+00
       0.79800D+03       0.14297D-03       0.23932D-01       0.43218D+00       0.11228D+00
       0.79900D+03       0.14287D-03       0.59777D-01       0.43218D+00       0.11219D+00
       0.80000D+03       0.14322D-03       0.87840D-02       0.43219D+00       0.11207D+00
       0.80100D+03       0.14304D-03       0.45714D-01       0.43218D+00       0.11195D+00
       0.80200D+03       0.14299D-03       0.31466D-01       0.43219D+00       0.11231D+00
       0.80300D+03       0.14301D-03       0.27123D-01       0.43218D+00       0.11226D+00
       0.80400D+03       0.14306D-03       0.50366D-01       0.43219D+00       0.11261D+00
       0.80500D+03       0.14300D-03       0.23998D-01       0.43218D+00       0.11248D+00
       0.80600D+03       0.14296D-03       0.56589D-01       0.43218D+00       0.11237D+00
       0.80700D+03       0.14314D-03       0.13080D-02       0.43218D+00       0.11227D+00
       0.80800D+03       0.14303D-03       0.50249D-01       0.43218D+00       0.11215D+00
       0.80900D+03       0.14301D-03       0.24841D-01       0.43219D+00       0.11205D+00
       0.81000D+03       0.14303D-03       0.36805D-01       0.43218D+00       0.11201D+00
       0.81100D+03       0.14295D-03       0.38639D-01       0.43219D+00       0.11237D+00
       0.81200D+03       0.14296D-03       0.24374D-01       0.43218D+00       0.11225D+00
       0.81300D+03       0.14293D-03       0.51074D-01       0.43218D+00       0.11215D+00
       0.81400D+03       0.14287D-03       0.68802D-03       0.43218D+00       0.11207D+00
       0.81500D+03       0.14295D-03       0.55741D-01       0.43219D+00       0.11194D+00
       0.81600D+03       0.14296D-03       0.23926D-01       0.43219D+00       0.11182D+00
       0.81700D+03       0.14290D-03       0.48598D-01       0.43218D+00       0.11173D+00
       0.81800D+03       0.14293D-03       0.28524D-01       0.43219D+00       0.11207D+00
       0.81900D+03       0.14296D-03       0.30048D-01       0.43218D+00       0.11196D+00
       0.82000D+03       0.14291D-03       0.46443D-01       0.43218D+00       0.11232D+00
       0.82100D+03       0.14274D-03       0.72490D-02       0.43218D+00       0.11225D+00
       0.82200D+03       0.14301D-03       0.59578D-01       0.43219D+00       0.11213D+00
       0.82300D+03       0.14299D-03       0.23993D-01       0.43218D+00       0.11202D+00
       0.82400D+03       0.14288D-03       0.57316D-01       0.43218D+00       0.11192D+00
       0.82500D+03       0.14310D-03       0.19621D-01       0.43219D+00       0.11180D+00
       0.82600D+03       0.14302D-03       0.39071D-01       0.43218D+00       0.11169D+00
       0.82700D+03       0.14296D-03       0.40821D-01       0.43219D+00       0.11205D+00
       0.82800D+03       0.14286D-03       0.17405D-01       0.43218D+00       0.11200D+00
       0.82900D+03       0.14308D-03       0.58415D-01       0.43219D+00       0.11189D+00
       0.83000D+03       0.14300D-03       0.23909D-01       0.43218D+00       0.11177D+00
       0.83100D+03       0.14290D-03       0.59816D-01       0.43218D+00       0.11169D+00
       0.83200D+03       0.14324D-03       0.94085D-02       0.43219D+00       0.11157D+00
       0.83300D+03       0.14307D-03       0.45417D-01       0.43218D+00       0.11145D+00
       0.83400D+03       0.14302D-03       0.32042D-01       0.43219D+00       0.11180D+00
       0.83500D+03       0.14303D-03       0.26578D-01       0.43218D+00       0.11175D+00
       0.83600D+03       0.14310D-03       0.51031D-01       0.43219D+00       0.11209D+00
       0.83700D+03       0.14304D-03       0.24024D-01       0.43218D+00       0.11197D+00
       0.83800D+03       0.14299D-03       0.56905D-01       0.43218D+00       0.11187D+00
       0.83900D+03       0.14318D-03       0.16029D-02       0.43218D+00       0.11177D+00
       0.84000D+03       0.14306D-03       0.49937D-01       0.43218D+00       0.11167D+00
       0.84100D+03       0.14304D-03       0.25072D-01       0.43219D+00       0.11158D+00
       0.84200D+03       0.14307D-03       0.36105D-01       0.43218D+00       0.11153D+00
       0.84300D+03       0.14300D-03       0.39377D-01       0.43219D+00       0.11188D+00
       0.84400D+03       0.14300D-03       0.24235D-01       0.43218D+00       0.11177D+00
       0.84500D+03       0.14298D-03       0.51409D-01       0.43218D+00       0.11167D+00
       0.84600D+03       0.14293D-03       0.49735D-03       0.43218D+00       0.11160D+00
       0.84700D+03       0.14299D-03       0.55396D-01       0.43218D+00       0.11147D+00
       0.84800D+03       0.14300D-03       0.23898D-01       0.43219D+00       0.11136D+00
       0.84900D+03       0.14295D-03       0.47877D-01       0.43218D+00       0.11127D+00
       0.85000D+03       0.14297D-03       0.29083D-01       0.43219D+00       0.11160D+00
       0.85100D+03       0.14300D-03       0.29516D-01       0.43218D+00       0.11149D+00
       0.85200D+03       0.14296D-03       0.46722D-01       0.43218D+00       0.11184D+00
       0.85300D+03       0.14279D-03       0.66720D-02       0.43218D+00       0.11175D+00
       0.85400D+03       0.14305D-03       0.59463D-01       0.43219D+00       0.11164D+00
       0.85500D+03       0.14303D-03       0.24016D-01       0.43218D+00       0.11153D+00
       0.85600D+03       0.14292D-03       0.56947D-01       0.43218D+00       0.11144D+00
       0.85700D+03       0.14312D-03       0.20227D-01       0.43219D+00       0.11133D+00
       0.85800D+03       0.14306D-03       0.38544D-01       0.43218D+00       0.11121D+00
       0.85900D+03       0.14300D-03       0.41278D-01       0.43219D+00       0.11157D+00
       0.86000D+03       0.14289D-03       0.16764D-01       0.43218D+00       0.11151D+00
       0.86100D+03       0.14312D-03       0.58667D-01       0.43219D+00       0.11141D+00
       0.86200D+03       0.14304D-03       0.23888D-01       0.43218D+00       0.11130D+00
       0.86300D+03       0.14294D-03       0.59834D-01       0.43218D+00       0.11122D+00
       0.86400D+03       0.14327D-03       0.10043D-01       0.43219D+00       0.11111D+00
       0.86500D+03       0.14311D-03       0.45112D-01       0.43218D+00       0.11099D+00
       0.86600D+03       0.14306D-03       0.32625D-01       0.43219D+00       0.11134D+00
       0.86700D+03       0.14307D-03       0.26034D-01       0.43218D+00       0.11129D+00
       0.86800D+03       0.14314D-03       0.51675D-01       0.43219D+00       0.11162D+00
       0.86900D+03       0.14306D-03       0.24047D-01       0.43218D+00       0.11150D+00
       0.87000D+03       0.14301D-03       0.57211D-01       0.43218D+00       0.11141D+00
       0.87100D+03       0.14321D-03       0.19258D-02       0.43218D+00       0.11131D+00
       0.87200D+03       0.14309D-03       0.49630D-01       0.43218D+00       0.11121D+00
       0.87300D+03       0.14307D-03       0.25331D-01       0.43219D+00       0.11112D+00
       0.87400D+03       0.14309D-03       0.35417D-01       0.43218D+00       0.11108D+00
       0.87500D+03       0.14303D-03       0.40123D-01       0.43219D+00       0.11142D+00
       0.87600D+03       0.14304D-03       0.24120D-01       0.43218D+00       0.11131D+00
       0.87700D+03       0.14302D-03       0.51749D-01       0.43218D+00       0.11122D+00
       0.87800D+03       0.14297D-03       0.33714D-03       0.43218D+00       0.11112D+00
       0.87900D+03       0.14301D-03       0.55045D-01       0.43218D+00       0.11100D+00
       0.88000D+03       0.14302D-03       0.23873D-01       0.43219D+00       0.11089D+00
       0.88100D+03       0.14297D-03       0.47145D-01       0.43218D+00       0.11081D+00
       0.88200D+03       0.14298D-03       0.29649D-01       0.43219D+00       0.11112D+00
       0.88300D+03       0.14301D-03       0.29001D-01       0.43218D+00       0.11102D+00
       0.88400D+03       0.14298D-03       0.46998D-01       0.43218D+00       0.11136D+00
       0.88500D+03       0.14282D-03       0.61116D-02       0.43218D+00       0.11129D+00
       0.88600D+03       0.14306D-03       0.59328D-01       0.43219D+00       0.11117D+00
       0.88700D+03       0.14302D-03       0.24038D-01       0.43218D+00       0.11107D+00
       0.88800D+03       0.14292D-03       0.56552D-01       0.43218D+00       0.11098D+00
       0.88900D+03       0.14310D-03       0.20825D-01       0.43219D+00       0.11129D+00
       0.89000D+03       0.14304D-03       0.38003D-01       0.43218D+00       0.11118D+00
       0.89100D+03       0.14299D-03       0.41720D-01       0.43219D+00       0.11153D+00
       0.89200D+03       0.14288D-03       0.16116D-01       0.43218D+00       0.11147D+00
       0.89300D+03       0.14310D-03       0.58893D-01       0.43219D+00       0.11136D+00
       0.89400D+03       0.14304D-03       0.23870D-01       0.43218D+00       0.11124D+00
       0.89500D+03       0.14294D-03       0.59829D-01       0.43218D+00       0.11116D+00
       0.89600D+03       0.14324D-03       0.10686D-01       0.43219D+00       0.11106D+00
       0.89700D+03       0.14309D-03       0.44798D-01       0.43218D+00       0.11094D+00
       0.89800D+03       0.14305D-03       0.33214D-01       0.43219D+00       0.11128D+00
       0.89900D+03       0.14305D-03       0.25491D-01       0.43218D+00       0.11123D+00
       0.90000D+03       0.14313D-03       0.52299D-01       0.43219D+00       0.11155D+00
       0.90100D+03       0.14305D-03       0.24066D-01       0.43218D+00       0.11143D+00
       0.90200D+03       0.14300D-03       0.57504D-01       0.43218D+00       0.11135D+00
       0.90300D+03       0.14320D-03       0.22762D-02       0.43218D+00       0.11125D+00
       0.90400D+03       0.14308D-03       0.49330D-01       0.43218D+00       0.11115D+00
       0.90500D+03       0.14306D-03       0.25617D-01       0.43219D+00       0.11105D+00
       0.90600D+03       0.14309D-03       0.34743D-01       0.43218D+00       0.11101D+00
       0.90700D+03       0.14303D-03       0.40877D-01       0.43219D+00       0.11134D+00
       0.90800D+03       0.14303D-03       0.24027D-01       0.43218D+00       0.11124D+00
       0.90900D+03       0.14301D-03       0.52095D-01       0.43218D+00       0.11115D+00
       0.91000D+03       0.14298D-03       0.20768D-03       0.43218D+00       0.11105D+00
       0.91100D+03       0.14300D-03       0.54689D-01       0.43218D+00       0.11094D+00
       0.91200D+03       0.14301D-03       0.23853D-01       0.43219D+00       0.11083D+00
       0.91300D+03       0.14297D-03       0.46402D-01       0.43218D+00       0.11075D+00
       0.91400D+03       0.14297D-03       0.30224D-01       0.43219D+00       0.11106D+00
       0.91500D+03       0.14300D-03       0.28506D-01       0.43218D+00       0.11096D+00
       0.91600D+03       0.14297D-03       0.47273D-01       0.43218D+00       0.11128D+00
       0.91700D+03       0.14282D-03       0.55691D-02       0.43218D+00       0.11122D+00
       0.91800D+03       0.14304D-03       0.59172D-01       0.43219D+00       0.11110D+00
       0.91900D+03       0.14302D-03       0.24057D-01       0.43218D+00       0.11100D+00
       0.92000D+03       0.14292D-03       0.56130D-01       0.43218D+00       0.11092D+00
       0.92100D+03       0.14308D-03       0.21414D-01       0.43219D+00       0.11122D+00
       0.92200D+03       0.14304D-03       0.37451D-01       0.43218D+00       0.11112D+00
       0.92300D+03       0.14298D-03       0.42145D-01       0.43219D+00       0.11144D+00
       0.92400D+03       0.14287D-03       0.15463D-01       0.43218D+00       0.11139D+00
       0.92500D+03       0.14309D-03       0.59094D-01       0.43219D+00       0.11128D+00
       0.92600D+03       0.14303D-03       0.23855D-01       0.43218D+00       0.11116D+00
       0.92700D+03       0.14293D-03       0.59801D-01       0.43218D+00       0.11109D+00
       0.92800D+03       0.14323D-03       0.11335D-01       0.43219D+00       0.11099D+00
       0.92900D+03       0.14308D-03       0.44473D-01       0.43218D+00       0.11088D+00
       0.93000D+03       0.14304D-03       0.33806D-01       0.43219D+00       0.11121D+00
       0.93100D+03       0.14303D-03       0.24945D-01       0.43218D+00       0.11116D+00
       0.93200D+03       0.14312D-03       0.52902D-01       0.43219D+00       0.11147D+00
       0.93300D+03       0.14305D-03       0.24080D-01       0.43218D+00       0.11135D+00
       0.93400D+03       0.14299D-03       0.57783D-01       0.43218D+00       0.11127D+00
       0.93500D+03       0.14320D-03       0.26532D-02       0.43218D+00       0.11118D+00
       0.93600D+03       0.14308D-03       0.49035D-01       0.43218D+00       0.11108D+00
       0.93700D+03       0.14305D-03       0.25932D-01       0.43219D+00       0.11139D+00
       0.93800D+03       0.14308D-03       0.34082D-01       0.43218D+00       0.11135D+00
       0.93900D+03       0.14303D-03       0.41635D-01       0.43219D+00       0.11166D+00
       0.94000D+03       0.14303D-03       0.23955D-01       0.43218D+00       0.11156D+00
       0.94100D+03       0.14301D-03       0.52445D-01       0.43218D+00       0.11148D+00
       0.94200D+03       0.14299D-03       0.10927D-03       0.43218D+00       0.11138D+00
       0.94300D+03       0.14300D-03       0.54331D-01       0.43218D+00       0.11127D+00
       0.94400D+03       0.14301D-03       0.23840D-01       0.43219D+00       0.11117D+00
       0.94500D+03       0.14298D-03       0.45651D-01       0.43218D+00       0.11109D+00
       0.94600D+03       0.14297D-03       0.30809D-01       0.43219D+00       0.11139D+00
       0.94700D+03       0.14300D-03       0.28031D-01       0.43218D+00       0.11129D+00
       0.94800D+03       0.14297D-03       0.47548D-01       0.43218D+00       0.11160D+00
       0.94900D+03       0.14282D-03       0.50460D-02       0.43218D+00       0.11154D+00
       0.95000D+03       0.14303D-03       0.58998D-01       0.43219D+00       0.11143D+00
       0.95100D+03       0.14301D-03       0.24072D-01       0.43218D+00       0.11133D+00
       0.95200D+03       0.14291D-03       0.55682D-01       0.43218D+00       0.11126D+00
       0.95300D+03       0.14307D-03       0.21994D-01       0.43219D+00       0.11155D+00
       0.95400D+03       0.14303D-03       0.36888D-01       0.43218D+00       0.11145D+00
       0.95500D+03       0.14298D-03       0.42555D-01       0.43219D+00       0.11177D+00
       0.95600D+03       0.14286D-03       0.14807D-01       0.43218D+00       0.11171D+00
       0.95700D+03       0.14308D-03       0.59270D-01       0.43219D+00       0.11160D+00
       0.95800D+03       0.14302D-03       0.23843D-01       0.43218D+00       0.11149D+00
       0.95900D+03       0.14293D-03       0.59751D-01       0.43218D+00       0.11141D+00
       0.96000D+03       0.14321D-03       0.11990D-01       0.43219D+00       0.11132D+00
       0.96100D+03       0.14307D-03       0.44137D-01       0.43218D+00       0.11121D+00
       0.96200D+03       0.14303D-03       0.34398D-01       0.43219D+00       0.11152D+00
       0.96300D+03       0.14302D-03       0.24396D-01       0.43218D+00       0.11148D+00
       0.96400D+03       0.14312D-03       0.53481D-01       0.43219D+00       0.11178D+00
       0.96500D+03       0.14304D-03       0.24089D-01       0.43218D+00       0.11167D+00
       0.96600D+03       0.14299D-03       0.58049D-01       0.43218D+00       0.11159D+00
       0.96700D+03       0.14319D-03       0.30561D-02       0.43218D+00       0.11149D+00
       0.96800D+03       0.14307D-03       0.48745D-01       0.43218D+00       0.11139D+00
       0.96900D+03       0.14305D-03       0.26274D-01       0.43219D+00       0.11168D+00
       0.97000D+03       0.14307D-03       0.33434D-01       0.43218D+00       0.11164D+00
       0.97100D+03       0.14303D-03       0.42397D-01       0.43219D+00       0.11195D+00
       0.97200D+03       0.14302D-03       0.23902D-01       0.43218D+00       0.11185D+00
       0.97300D+03       0.14300D-03       0.52798D-01       0.43218D+00       0.11177D+00
       0.97400D+03       0.14299D-03       0.42126D-04       0.43218D+00       0.11167D+00
