       0.10000D+01       0.00000D+00       0.89169D-04       0.31739D+00       0.30427D+00
       0.20000D+01       0.55777D-02      -0.93727D-02       0.32328D+00       0.30712D+00
       0.30000D+01       0.87471D-02       0.67347D-04       0.32530D+00       0.20443D+00
       0.40000D+01       0.67443D-02       0.28121D-03       0.32325D+00       0.30742D+00
       0.50000D+01       0.97087D-02      -0.93268D-02       0.32492D+00       0.30850D+00
       0.60000D+01       0.87734D-02      -0.88011D-03       0.32528D+00       0.25708D+00
       0.70000D+01       0.81030D-02      -0.25528D-03       0.32414D+00       0.30790D+00
       0.80000D+01       0.10034D-01      -0.86209D-02       0.32533D+00       0.30881D+00
       0.90000D+01       0.89287D-02      -0.21159D-02       0.32528D+00       0.27458D+00
       0.10000D+02       0.91153D-02      -0.13845D-02       0.32455D+00       0.30717D+00
       0.11000D+02       0.92457D-02      -0.64103D-02       0.32551D+00       0.30805D+00
       0.12000D+02       0.88260D-02      -0.21577D-02       0.32529D+00       0.28249D+00
       0.13000D+02       0.91525D-02      -0.27790D-02       0.32482D+00       0.30673D+00
       0.14000D+02       0.86053D-02      -0.39447D-02       0.32559D+00       0.30751D+00
       0.15000D+02       0.87666D-02      -0.20290D-02       0.32529D+00       0.30692D+00
       0.16000D+02       0.88137D-02      -0.47173D-02       0.32502D+00       0.32499D+00
       0.17000D+02       0.84444D-02      -0.22688D-02       0.32562D+00       0.32454D+00
       0.18000D+02       0.87052D-02      -0.20314D-02       0.32529D+00       0.32302D+00
       0.19000D+02       0.83987D-02      -0.72458D-02       0.32517D+00       0.32193D+00
       0.20000D+02       0.86626D-02      -0.10365D-02       0.32562D+00       0.32166D+00
       0.21000D+02       0.87099D-02      -0.16909D-02       0.32529D+00       0.32045D+00
       0.22000D+02       0.83278D-02      -0.91341D-02       0.32530D+00       0.31977D+00
       0.23000D+02       0.90170D-02      -0.16724D-03       0.32560D+00       0.31955D+00
       0.24000D+02       0.87664D-02      -0.31218D-03       0.32527D+00       0.31892D+00
       0.25000D+02       0.86740D-02      -0.94235D-02       0.32539D+00       0.31852D+00
       0.26000D+02       0.90672D-02       0.12432D-03       0.32557D+00       0.30622D+00
       0.27000D+02       0.87654D-02       0.33430D-03       0.32526D+00       0.31776D+00
       0.28000D+02       0.90773D-02      -0.93414D-02       0.32546D+00       0.31754D+00
       0.29000D+02       0.90381D-02      -0.38324D-03       0.32554D+00       0.30658D+00
       0.30000D+02       0.88128D-02       0.38728D-05       0.32526D+00       0.31683D+00
       0.31000D+02       0.93194D-02      -0.90724D-02       0.32551D+00       0.31675D+00
       0.32000D+02       0.90429D-02      -0.17714D-02       0.32552D+00       0.30687D+00
       0.33000D+02       0.90271D-02      -0.88852D-03       0.32528D+00       0.31580D+00
       0.34000D+02       0.92342D-02      -0.73587D-02       0.32555D+00       0.31581D+00
       0.35000D+02       0.90303D-02      -0.22224D-02       0.32550D+00       0.30683D+00
       0.36000D+02       0.91345D-02      -0.22334D-02       0.32531D+00       0.31493D+00
       0.37000D+02       0.89879D-02      -0.48217D-02       0.32558D+00       0.31499D+00
       0.38000D+02       0.89765D-02      -0.20615D-02       0.32548D+00       0.31459D+00
       0.39000D+02       0.90452D-02      -0.38788D-02       0.32535D+00       0.32182D+00
       0.40000D+02       0.88447D-02      -0.28004D-02       0.32560D+00       0.32171D+00
       0.41000D+02       0.89486D-02      -0.20166D-02       0.32547D+00       0.32111D+00
       0.42000D+02       0.88588D-02      -0.62803D-02       0.32539D+00       0.32064D+00
       0.43000D+02       0.88482D-02      -0.14971D-02       0.32561D+00       0.32056D+00
       0.44000D+02       0.89109D-02      -0.19563D-02       0.32546D+00       0.32001D+00
       0.45000D+02       0.87235D-02      -0.86029D-02       0.32544D+00       0.31966D+00
       0.46000D+02       0.90090D-02      -0.41313D-03       0.32560D+00       0.31957D+00
       0.47000D+02       0.89300D-02      -0.85327D-03       0.32544D+00       0.31925D+00
       0.48000D+02       0.88068D-02      -0.94403D-02       0.32548D+00       0.32523D+00
       0.49000D+02       0.90819D-02       0.73132D-04       0.32559D+00       0.31856D+00
       0.50000D+02       0.89246D-02       0.24479D-03       0.32542D+00       0.32457D+00
       0.51000D+02       0.90108D-02      -0.93506D-02       0.32551D+00       0.32430D+00
       0.52000D+02       0.90712D-02      -0.49752D-04       0.32557D+00       0.31805D+00
       0.53000D+02       0.89248D-02       0.19549D-03       0.32541D+00       0.32366D+00
       0.54000D+02       0.91861D-02      -0.92797D-02       0.32554D+00       0.32347D+00
       0.55000D+02       0.90610D-02      -0.12440D-02       0.32555D+00       0.32332D+00
       0.56000D+02       0.90030D-02      -0.46874D-03       0.32541D+00       0.32862D+00
       0.57000D+02       0.92154D-02      -0.81927D-02       0.32556D+00       0.32839D+00
       0.58000D+02       0.90677D-02      -0.22131D-02       0.32554D+00       0.32275D+00
       0.59000D+02       0.91140D-02      -0.17156D-02       0.32542D+00       0.32744D+00
       0.60000D+02       0.90858D-02      -0.57820D-02       0.32558D+00       0.32726D+00
       0.61000D+02       0.90327D-02      -0.21140D-02       0.32553D+00       0.32192D+00
       0.62000D+02       0.90940D-02      -0.31700D-02       0.32543D+00       0.32636D+00
       0.63000D+02       0.89639D-02      -0.34511D-02       0.32560D+00       0.32622D+00
       0.64000D+02       0.90138D-02      -0.20177D-02       0.32552D+00       0.32578D+00
       0.65000D+02       0.89955D-02      -0.53103D-02       0.32546D+00       0.32539D+00
       0.66000D+02       0.89255D-02      -0.19626D-02       0.32560D+00       0.32526D+00
       0.67000D+02       0.89825D-02      -0.20328D-02       0.32551D+00       0.32484D+00
       0.68000D+02       0.88752D-02      -0.78268D-02       0.32548D+00       0.32452D+00
       0.69000D+02       0.89963D-02      -0.76330D-03       0.32560D+00       0.32440D+00
       0.70000D+02       0.89831D-02      -0.14059D-02       0.32550D+00       0.32412D+00
       0.71000D+02       0.88687D-02      -0.93270D-02       0.32551D+00       0.32387D+00
       0.72000D+02       0.90816D-02      -0.52528D-04       0.32559D+00       0.32373D+00
       0.73000D+02       0.89854D-02      -0.33757D-04       0.32548D+00       0.32347D+00
       0.74000D+02       0.89860D-02      -0.93903D-02       0.32553D+00       0.32328D+00
       0.75000D+02       0.90842D-02       0.10335D-03       0.32558D+00       0.31896D+00
       0.76000D+02       0.89773D-02       0.31322D-03       0.32547D+00       0.32288D+00
       0.77000D+02       0.91195D-02      -0.93369D-02       0.32555D+00       0.32274D+00
       0.78000D+02       0.90724D-02      -0.68721D-03       0.32557D+00       0.31860D+00
       0.79000D+02       0.90005D-02      -0.15325D-03       0.32547D+00       0.32233D+00
       0.80000D+02       0.91890D-02      -0.88143D-02       0.32556D+00       0.32224D+00
       0.81000D+02       0.90774D-02      -0.20195D-02       0.32556D+00       0.31827D+00
       0.82000D+02       0.90895D-02      -0.12015D-02       0.32547D+00       0.32172D+00
       0.83000D+02       0.91303D-02      -0.67581D-02       0.32558D+00       0.32165D+00
       0.84000D+02       0.90621D-02      -0.21834D-02       0.32555D+00       0.31784D+00
       0.85000D+02       0.91090D-02      -0.25765D-02       0.32547D+00       0.32114D+00
       0.86000D+02       0.90280D-02      -0.42460D-02       0.32559D+00       0.32109D+00
       0.87000D+02       0.90415D-02      -0.20386D-02       0.32554D+00       0.32084D+00
       0.88000D+02       0.90565D-02      -0.44025D-02       0.32549D+00       0.32397D+00
       0.89000D+02       0.89757D-02      -0.24494D-02       0.32560D+00       0.32389D+00
       0.90000D+02       0.90227D-02      -0.20256D-02       0.32553D+00       0.32360D+00
       0.91000D+02       0.89635D-02      -0.69043D-02       0.32550D+00       0.32336D+00
       0.92000D+02       0.89932D-02      -0.11994D-02       0.32560D+00       0.32329D+00
       0.93000D+02       0.90091D-02      -0.18122D-02       0.32553D+00       0.32300D+00
       0.94000D+02       0.89155D-02      -0.89759D-02       0.32552D+00       0.32281D+00
       0.95000D+02       0.90708D-02      -0.24482D-03       0.32560D+00       0.32272D+00
       0.96000D+02       0.90152D-02      -0.49550D-03       0.32552D+00       0.32254D+00
       0.97000D+02       0.89748D-02      -0.94377D-02       0.32554D+00       0.32239D+00
       0.98000D+02       0.90894D-02       0.11611D-03       0.32559D+00       0.31909D+00
       0.99000D+02       0.90077D-02       0.32154D-03       0.32550D+00       0.32211D+00
       0.10000D+03       0.90779D-02      -0.93424D-02       0.32555D+00       0.32200D+00
       0.10100D+03       0.90813D-02      -0.24227D-03       0.32558D+00       0.31881D+00
       0.10200D+03       0.90104D-02       0.79939D-04       0.32550D+00       0.32171D+00
       0.10300D+03       0.91578D-02      -0.91710D-02       0.32557D+00       0.32163D+00
       0.10400D+03       0.90789D-02      -0.15963D-02       0.32557D+00       0.31854D+00
       0.10500D+03       0.90658D-02      -0.72636D-03       0.32549D+00       0.32133D+00
       0.10600D+03       0.91501D-02      -0.76764D-02       0.32558D+00       0.32128D+00
       0.10700D+03       0.90786D-02      -0.22333D-02       0.32556D+00       0.31829D+00
       0.10800D+03       0.91103D-02      -0.20469D-02       0.32550D+00       0.32089D+00
       0.10900D+03       0.90715D-02      -0.51602D-02       0.32559D+00       0.32085D+00
       0.11000D+03       0.90579D-02      -0.20779D-02       0.32556D+00       0.31795D+00
       0.11100D+03       0.90862D-02      -0.36092D-02       0.32551D+00       0.32046D+00
       0.11200D+03       0.90125D-02      -0.30179D-02       0.32560D+00       0.32043D+00
       0.11300D+03       0.90468D-02      -0.20146D-02       0.32555D+00       0.32023D+00
       0.11400D+03       0.90210D-02      -0.59291D-02       0.32552D+00       0.32006D+00
       0.11500D+03       0.90017D-02      -0.16642D-02       0.32560D+00       0.32004D+00
       0.11600D+03       0.90284D-02      -0.20006D-02       0.32554D+00       0.31983D+00
       0.11700D+03       0.89580D-02      -0.83479D-02       0.32553D+00       0.31970D+00
       0.11800D+03       0.90550D-02      -0.52639D-03       0.32560D+00       0.31966D+00
       0.11900D+03       0.90316D-02      -0.10588D-02       0.32553D+00       0.31954D+00
       0.12000D+03       0.89736D-02      -0.94206D-02       0.32554D+00       0.31944D+00
       0.12100D+03       0.90911D-02       0.35565D-04       0.32559D+00       0.31678D+00
       0.12200D+03       0.90285D-02       0.16780D-03       0.32553D+00       0.31926D+00
       0.12300D+03       0.90506D-02      -0.93612D-02       0.32556D+00       0.31919D+00
       0.12400D+03       0.90880D-02       0.24662D-04       0.32559D+00       0.31661D+00
       0.12500D+03       0.90244D-02       0.24761D-03       0.32552D+00       0.31900D+00
       0.12600D+03       0.91278D-02      -0.93117D-02       0.32557D+00       0.31896D+00
       0.12700D+03       0.90819D-02      -0.10388D-02       0.32558D+00       0.31645D+00
       0.12800D+03       0.90490D-02      -0.34396D-03       0.32551D+00       0.31876D+00
       0.12900D+03       0.91529D-02      -0.84449D-02       0.32558D+00       0.31873D+00
       0.13000D+03       0.90852D-02      -0.21699D-02       0.32557D+00       0.31629D+00
       0.13100D+03       0.91019D-02      -0.15300D-02       0.32551D+00       0.31845D+00
       0.13200D+03       0.91020D-02      -0.61342D-02       0.32559D+00       0.31844D+00
       0.13300D+03       0.90705D-02      -0.21377D-02       0.32557D+00       0.31606D+00
       0.13400D+03       0.90999D-02      -0.29459D-02       0.32552D+00       0.31816D+00
       0.13500D+03       0.90413D-02      -0.37201D-02       0.32559D+00       0.31815D+00
       0.13600D+03       0.90598D-02      -0.20231D-02       0.32556D+00       0.32019D+00
       0.13700D+03       0.90578D-02      -0.49740D-02       0.32553D+00       0.32004D+00
       0.13800D+03       0.90161D-02      -0.21321D-02       0.32560D+00       0.32002D+00
       0.13900D+03       0.90447D-02      -0.20344D-02       0.32555D+00       0.31985D+00
       0.14000D+03       0.89966D-02      -0.75071D-02       0.32554D+00       0.31973D+00
       0.14100D+03       0.90409D-02      -0.91274D-03       0.32560D+00       0.31971D+00
       0.14200D+03       0.90403D-02      -0.15753D-02       0.32555D+00       0.31954D+00
       0.14300D+03       0.89803D-02      -0.92327D-02       0.32555D+00       0.31944D+00
       0.14400D+03       0.90866D-02      -0.11328D-03       0.32559D+00       0.31941D+00
       0.14500D+03       0.90415D-02      -0.18101D-03       0.32554D+00       0.31931D+00
       0.14600D+03       0.90313D-02      -0.94093D-02       0.32556D+00       0.31924D+00
       0.14700D+03       0.90909D-02       0.12126D-03       0.32559D+00       0.31706D+00
       0.14800D+03       0.90359D-02       0.33133D-03       0.32553D+00       0.31909D+00
       0.14900D+03       0.90997D-02      -0.93406D-02       0.32557D+00       0.31904D+00
       0.15000D+03       0.90845D-02      -0.50949D-03       0.32558D+00       0.31691D+00
       0.15100D+03       0.90425D-02      -0.61708D-04       0.32553D+00       0.31888D+00
       0.15200D+03       0.91437D-02      -0.89724D-02       0.32558D+00       0.31885D+00
       0.15300D+03       0.90857D-02      -0.18920D-02       0.32558D+00       0.31677D+00
       0.15400D+03       0.90868D-02      -0.10233D-02       0.32553D+00       0.31862D+00
       0.15500D+03       0.91216D-02      -0.70986D-02       0.32559D+00       0.31860D+00
       0.15600D+03       0.90801D-02      -0.22073D-02       0.32557D+00       0.31657D+00
       0.15700D+03       0.91046D-02      -0.23823D-02       0.32553D+00       0.31836D+00
       0.15800D+03       0.90657D-02      -0.45631D-02       0.32559D+00       0.31835D+00
       0.15900D+03       0.90672D-02      -0.20505D-02       0.32557D+00       0.31823D+00
       0.16000D+03       0.90800D-02      -0.41028D-02       0.32553D+00       0.31997D+00
       0.16100D+03       0.90319D-02      -0.26406D-02       0.32560D+00       0.31996D+00
       0.16200D+03       0.90576D-02      -0.20199D-02       0.32556D+00       0.31982D+00
       0.16300D+03       0.90295D-02      -0.65563D-02       0.32554D+00       0.31971D+00
       0.16400D+03       0.90342D-02      -0.13656D-02       0.32560D+00       0.31969D+00
       0.16500D+03       0.90471D-02      -0.19040D-02       0.32556D+00       0.31955D+00
       0.16600D+03       0.89943D-02      -0.87809D-02       0.32555D+00       0.31946D+00
       0.16700D+03       0.90769D-02      -0.33393D-03       0.32560D+00       0.31943D+00
       0.16800D+03       0.90502D-02      -0.69262D-03       0.32555D+00       0.31934D+00
       0.16900D+03       0.90195D-02      -0.94440D-02       0.32556D+00       0.31928D+00
       0.17000D+03       0.90926D-02       0.96130D-04       0.32559D+00       0.31739D+00
       0.17100D+03       0.90459D-02       0.28774D-03       0.32554D+00       0.31915D+00
       0.17200D+03       0.90777D-02      -0.93455D-02       0.32557D+00       0.31910D+00
       0.17300D+03       0.90885D-02      -0.12495D-03       0.32559D+00       0.31726D+00
       0.17400D+03       0.90450D-02       0.14796D-03       0.32554D+00       0.31897D+00
       0.17500D+03       0.91283D-02      -0.92412D-02       0.32558D+00       0.31894D+00
       0.17600D+03       0.90856D-02      -0.14032D-02       0.32558D+00       0.31713D+00
       0.17700D+03       0.90719D-02      -0.57670D-03       0.32553D+00       0.31879D+00
       0.17800D+03       0.91323D-02      -0.79748D-02       0.32558D+00       0.31877D+00
       0.17900D+03       0.90868D-02      -0.22297D-02       0.32558D+00       0.31700D+00
       0.18000D+03       0.91037D-02      -0.18614D-02       0.32554D+00       0.31857D+00
       0.18100D+03       0.90878D-02      -0.55065D-02       0.32559D+00       0.31856D+00
       0.18200D+03       0.90741D-02      -0.20970D-02       0.32557D+00       0.31682D+00
       0.18300D+03       0.90934D-02      -0.33568D-02       0.32554D+00       0.31835D+00
       0.18400D+03       0.90484D-02      -0.32531D-02       0.32559D+00       0.31834D+00
       0.18500D+03       0.90673D-02      -0.20153D-02       0.32557D+00       0.31823D+00
       0.18600D+03       0.90565D-02      -0.55804D-02       0.32555D+00       0.31814D+00
       0.18700D+03       0.90368D-02      -0.18310D-02       0.32560D+00       0.31813D+00
       0.18800D+03       0.90552D-02      -0.20246D-02       0.32556D+00       0.31802D+00
       0.18900D+03       0.90139D-02      -0.80652D-02       0.32555D+00       0.31794D+00
       0.19000D+03       0.90648D-02      -0.65381D-03       0.32560D+00       0.31793D+00
       0.19100D+03       0.90555D-02      -0.12584D-02       0.32556D+00       0.31786D+00
       0.19200D+03       0.90152D-02      -0.93788D-02       0.32556D+00       0.31780D+00
       0.19300D+03       0.90920D-02      -0.10553D-04       0.32559D+00       0.31778D+00
       0.19400D+03       0.90542D-02       0.65009D-04       0.32555D+00       0.31771D+00
       0.19500D+03       0.90601D-02      -0.93762D-02       0.32557D+00       0.31767D+00
       0.19600D+03       0.90914D-02       0.76702D-04       0.32559D+00       0.31605D+00
       0.19700D+03       0.90504D-02       0.28912D-03       0.32555D+00       0.31757D+00
       0.19800D+03       0.91103D-02      -0.93297D-02       0.32558D+00       0.31755D+00
       0.19900D+03       0.90869D-02      -0.83783D-03       0.32558D+00       0.31595D+00
       0.20000D+03       0.90615D-02      -0.23250D-03       0.32554D+00       0.31744D+00
       0.20100D+03       0.91334D-02      -0.86652D-02       0.32558D+00       0.31742D+00
       0.20200D+03       0.90891D-02      -0.20979D-02       0.32558D+00       0.31586D+00
       0.20300D+03       0.90967D-02      -0.13451D-02       0.32554D+00       0.31726D+00
       0.20400D+03       0.91058D-02      -0.64851D-02       0.32559D+00       0.31726D+00
       0.20500D+03       0.90811D-02      -0.21632D-02       0.32558D+00       0.31572D+00
       0.20600D+03       0.91005D-02      -0.27349D-02       0.32554D+00       0.31709D+00
       0.20700D+03       0.90645D-02      -0.40077D-02       0.32559D+00       0.31709D+00
       0.20800D+03       0.90730D-02      -0.20308D-02       0.32557D+00       0.31700D+00
       0.20900D+03       0.90760D-02      -0.46488D-02       0.32555D+00       0.31833D+00
       0.21000D+03       0.90444D-02      -0.23067D-02       0.32560D+00       0.31833D+00
       0.21100D+03       0.90637D-02      -0.20303D-02       0.32557D+00       0.31823D+00
       0.21200D+03       0.90352D-02      -0.71735D-02       0.32556D+00       0.31815D+00
       0.21300D+03       0.90550D-02      -0.10709D-02       0.32560D+00       0.31815D+00
       0.21400D+03       0.90587D-02      -0.17193D-02       0.32556D+00       0.31804D+00
       0.21500D+03       0.90177D-02      -0.91034D-02       0.32556D+00       0.31799D+00
       0.21600D+03       0.90875D-02      -0.18295D-03       0.32559D+00       0.31797D+00
       0.21700D+03       0.90602D-02      -0.34996D-03       0.32556D+00       0.31791D+00
       0.21800D+03       0.90469D-02      -0.94270D-02       0.32557D+00       0.31787D+00
       0.21900D+03       0.90931D-02       0.12364D-03       0.32559D+00       0.31641D+00
       0.22000D+03       0.90562D-02       0.33320D-03       0.32555D+00       0.31778D+00
       0.22100D+03       0.90928D-02      -0.93415D-02       0.32558D+00       0.31775D+00
       0.22200D+03       0.90891D-02      -0.35117D-03       0.32559D+00       0.31632D+00
       0.22300D+03       0.90582D-02       0.20817D-04       0.32555D+00       0.31765D+00
       0.22400D+03       0.91268D-02      -0.90961D-02       0.32558D+00       0.31764D+00
       0.22500D+03       0.90888D-02      -0.17359D-02       0.32558D+00       0.31623D+00
       0.22600D+03       0.90854D-02      -0.85290D-03       0.32555D+00       0.31749D+00
       0.22700D+03       0.91180D-02      -0.74280D-02       0.32559D+00       0.31749D+00
       0.22800D+03       0.90866D-02      -0.22256D-02       0.32558D+00       0.31610D+00
       0.22900D+03       0.91026D-02      -0.21933D-02       0.32555D+00       0.31733D+00
       0.23000D+03       0.90802D-02      -0.48933D-02       0.32559D+00       0.31733D+00
       0.23100D+03       0.90770D-02      -0.20648D-02       0.32558D+00       0.31726D+00
       0.23200D+03       0.90886D-02      -0.38197D-02       0.32555D+00       0.31846D+00
       0.23300D+03       0.90539D-02      -0.28456D-02       0.32559D+00       0.31846D+00
       0.23400D+03       0.90710D-02      -0.20159D-02       0.32557D+00       0.31837D+00
       0.23500D+03       0.90553D-02      -0.62051D-02       0.32556D+00       0.31829D+00
       0.23600D+03       0.90510D-02      -0.15329D-02       0.32560D+00       0.31829D+00
       0.23700D+03       0.90623D-02      -0.19677D-02       0.32557D+00       0.31820D+00
       0.23800D+03       0.90264D-02      -0.85509D-02       0.32556D+00       0.31814D+00
       0.23900D+03       0.90789D-02      -0.43615D-03       0.32560D+00       0.31813D+00
       0.24000D+03       0.90640D-02      -0.89734D-03       0.32556D+00       0.31807D+00
       0.24100D+03       0.90380D-02      -0.94377D-02       0.32557D+00       0.31927D+00
       0.24200D+03       0.90935D-02       0.65853D-04       0.32559D+00       0.31794D+00
       0.24300D+03       0.90614D-02       0.23046D-03       0.32556D+00       0.31918D+00
       0.24400D+03       0.90774D-02      -0.93525D-02       0.32558D+00       0.31914D+00
       0.24500D+03       0.90913D-02      -0.31868D-04       0.32559D+00       0.31784D+00
       0.24600D+03       0.90596D-02       0.20746D-03       0.32555D+00       0.31905D+00
       0.24700D+03       0.91153D-02      -0.92880D-02       0.32558D+00       0.31903D+00
       0.24800D+03       0.90887D-02      -0.12001D-02       0.32558D+00       0.31901D+00
       0.24900D+03       0.90747D-02      -0.44089D-03       0.32555D+00       0.32022D+00
       0.25000D+03       0.91240D-02      -0.82492D-02       0.32559D+00       0.32020D+00
       0.25100D+03       0.90900D-02      -0.22061D-02       0.32558D+00       0.31893D+00
       0.25200D+03       0.91003D-02      -0.16759D-02       0.32555D+00       0.32004D+00
       0.25300D+03       0.90950D-02      -0.58573D-02       0.32559D+00       0.32003D+00
       0.25400D+03       0.90815D-02      -0.21188D-02       0.32558D+00       0.31878D+00
       0.25500D+03       0.90963D-02      -0.31209D-02       0.32555D+00       0.31987D+00
       0.25600D+03       0.90645D-02      -0.35070D-02       0.32559D+00       0.31986D+00
       0.25700D+03       0.90761D-02      -0.20187D-02       0.32557D+00       0.31978D+00
       0.25800D+03       0.90721D-02      -0.52376D-02       0.32556D+00       0.31970D+00
       0.25900D+03       0.90530D-02      -0.19986D-02       0.32560D+00       0.31969D+00
       0.26000D+03       0.90674D-02      -0.20338D-02       0.32557D+00       0.31960D+00
       0.26100D+03       0.90396D-02      -0.77598D-02       0.32556D+00       0.31954D+00
       0.26200D+03       0.90693D-02      -0.79438D-03       0.32560D+00       0.31952D+00
       0.26300D+03       0.90663D-02      -0.14440D-02       0.32557D+00       0.31947D+00
       0.26400D+03       0.90348D-02      -0.93096D-02       0.32557D+00       0.31942D+00
       0.26500D+03       0.90923D-02      -0.64817D-04       0.32559D+00       0.31940D+00
       0.26600D+03       0.90662D-02      -0.63279D-04       0.32556D+00       0.31934D+00
       0.26700D+03       0.90649D-02      -0.93943D-02       0.32558D+00       0.31931D+00
       0.26800D+03       0.90932D-02       0.10861D-03       0.32559D+00       0.31811D+00
       0.26900D+03       0.90630D-02       0.31833D-03       0.32556D+00       0.31922D+00
       0.27000D+03       0.91021D-02      -0.93381D-02       0.32558D+00       0.31920D+00
       0.27100D+03       0.90897D-02      -0.64776D-03       0.32559D+00       0.31802D+00
       0.27200D+03       0.90683D-02      -0.13285D-03       0.32556D+00       0.31910D+00
       0.27300D+03       0.91236D-02      -0.88511D-02       0.32558D+00       0.31909D+00
       0.27400D+03       0.90909D-02      -0.19948D-02       0.32558D+00       0.31793D+00
       0.27500D+03       0.90938D-02      -0.11628D-02       0.32556D+00       0.31896D+00
       0.27600D+03       0.91076D-02      -0.68317D-02       0.32559D+00       0.31895D+00
       0.27700D+03       0.90864D-02      -0.21888D-02       0.32558D+00       0.31780D+00
       0.27800D+03       0.91006D-02      -0.25344D-02       0.32556D+00       0.31881D+00
       0.27900D+03       0.90763D-02      -0.43126D-02       0.32559D+00       0.31880D+00
       0.28000D+03       0.90796D-02      -0.20409D-02       0.32558D+00       0.31873D+00
       0.28100D+03       0.90848D-02      -0.43371D-02       0.32556D+00       0.31972D+00
       0.28200D+03       0.90588D-02      -0.24893D-02       0.32559D+00       0.31971D+00
       0.28300D+03       0.90734D-02      -0.20243D-02       0.32557D+00       0.31963D+00
       0.28400D+03       0.90549D-02      -0.68303D-02       0.32556D+00       0.31957D+00
       0.28500D+03       0.90627D-02      -0.12348D-02       0.32560D+00       0.31956D+00
       0.28600D+03       0.90682D-02      -0.18343D-02       0.32557D+00       0.31948D+00
       0.28700D+03       0.90373D-02      -0.89373D-02       0.32557D+00       0.31943D+00
       0.28800D+03       0.90876D-02      -0.26285D-03       0.32559D+00       0.31941D+00
       0.28900D+03       0.90696D-02      -0.53670D-03       0.32557D+00       0.31936D+00
       0.29000D+03       0.90550D-02      -0.94398D-02       0.32557D+00       0.31932D+00
       0.29100D+03       0.90943D-02       0.11277D-03       0.32559D+00       0.31822D+00
       0.29200D+03       0.90666D-02       0.31616D-03       0.32556D+00       0.31925D+00
       0.29300D+03       0.90893D-02      -0.93428D-02       0.32558D+00       0.31922D+00
       0.29400D+03       0.90915D-02      -0.21515D-03       0.32559D+00       0.31813D+00
       0.29500D+03       0.90667D-02       0.95166D-04       0.32556D+00       0.31914D+00
       0.29600D+03       0.91174D-02      -0.91882D-02       0.32558D+00       0.31912D+00
       0.29700D+03       0.90903D-02      -0.15563D-02       0.32559D+00       0.31805D+00
       0.29800D+03       0.90849D-02      -0.69324D-03       0.32556D+00       0.31903D+00
       0.29900D+03       0.91161D-02      -0.77420D-02       0.32559D+00       0.31902D+00
       0.30000D+03       0.90903D-02      -0.22339D-02       0.32558D+00       0.31796D+00
       0.30100D+03       0.91014D-02      -0.20071D-02       0.32556D+00       0.31890D+00
       0.30200D+03       0.90883D-02      -0.52337D-02       0.32559D+00       0.31889D+00
       0.30300D+03       0.90826D-02      -0.20818D-02       0.32558D+00       0.31784D+00
       0.30400D+03       0.90932D-02      -0.35538D-02       0.32556D+00       0.31876D+00
       0.30500D+03       0.90661D-02      -0.30667D-02       0.32559D+00       0.31876D+00
       0.30600D+03       0.90784D-02      -0.20145D-02       0.32558D+00       0.31869D+00
       0.30700D+03       0.90694D-02      -0.58542D-02       0.32557D+00       0.31863D+00
       0.30800D+03       0.90609D-02      -0.16999D-02       0.32560D+00       0.31862D+00
       0.30900D+03       0.90711D-02      -0.20072D-02       0.32557D+00       0.31855D+00
       0.31000D+03       0.90447D-02      -0.82896D-02       0.32557D+00       0.31851D+00
       0.31100D+03       0.90800D-02      -0.55247D-03       0.32559D+00       0.31850D+00
       0.31200D+03       0.90718D-02      -0.11023D-02       0.32557D+00       0.31845D+00
       0.31300D+03       0.90488D-02      -0.94137D-02       0.32557D+00       0.31842D+00
       0.31400D+03       0.90943D-02       0.26398D-04       0.32559D+00       0.31740D+00
       0.31500D+03       0.90703D-02       0.14799D-03       0.32557D+00       0.31836D+00
       0.31600D+03       0.90777D-02      -0.93641D-02       0.32558D+00       0.31833D+00
       0.31700D+03       0.90933D-02       0.37603D-04       0.32559D+00       0.31732D+00
       0.31800D+03       0.90682D-02       0.25743D-03       0.32556D+00       0.31826D+00
       0.31900D+03       0.91081D-02      -0.93166D-02       0.32558D+00       0.31825D+00
       0.32000D+03       0.90907D-02      -0.99521D-03       0.32559D+00       0.31725D+00
       0.32100D+03       0.90770D-02      -0.31905D-03       0.32556D+00       0.31817D+00
       0.32200D+03       0.91193D-02      -0.84948D-02       0.32559D+00       0.31816D+00
       0.32300D+03       0.90920D-02      -0.21570D-02       0.32558D+00       0.31718D+00
       0.32400D+03       0.90984D-02      -0.14903D-02       0.32556D+00       0.31805D+00
       0.32500D+03       0.90995D-02      -0.62094D-02       0.32559D+00       0.31805D+00
       0.32600D+03       0.90861D-02      -0.21431D-02       0.32558D+00       0.31708D+00
       0.32700D+03       0.90982D-02      -0.28997D-02       0.32556D+00       0.31794D+00
       0.32800D+03       0.90743D-02      -0.37801D-02       0.32559D+00       0.31794D+00
       0.32900D+03       0.90815D-02      -0.20245D-02       0.32558D+00       0.31878D+00
       0.33000D+03       0.90811D-02      -0.49035D-02       0.32557D+00       0.31872D+00
       0.33100D+03       0.90631D-02      -0.21690D-02       0.32559D+00       0.31872D+00
       0.33200D+03       0.90750D-02      -0.20338D-02       0.32558D+00       0.31865D+00
       0.33300D+03       0.90551D-02      -0.74368D-02       0.32557D+00       0.31860D+00
       0.33400D+03       0.90724D-02      -0.94595D-03       0.32560D+00       0.31859D+00
       0.33500D+03       0.90726D-02      -0.16084D-02       0.32557D+00       0.31853D+00
       0.33600D+03       0.90468D-02      -0.92081D-02       0.32557D+00       0.31849D+00
       0.33700D+03       0.90920D-02      -0.12739D-03       0.32559D+00       0.31848D+00
       0.33800D+03       0.90730D-02      -0.21544D-03       0.32557D+00       0.31844D+00
       0.33900D+03       0.90677D-02      -0.94133D-02       0.32558D+00       0.31841D+00
       0.34000D+03       0.90942D-02       0.12299D-03       0.32559D+00       0.31747D+00
       0.34100D+03       0.90703D-02       0.33318D-03       0.32557D+00       0.31835D+00
       0.34200D+03       0.90972D-02      -0.93409D-02       0.32558D+00       0.31833D+00
       0.34300D+03       0.90914D-02      -0.47388D-03       0.32559D+00       0.31740D+00
       0.34400D+03       0.90726D-02      -0.43341D-04       0.32556D+00       0.31826D+00
       0.34500D+03       0.91172D-02      -0.90017D-02       0.32559D+00       0.31825D+00
       0.34600D+03       0.90918D-02      -0.18609D-02       0.32559D+00       0.31733D+00
       0.34700D+03       0.90916D-02      -0.98606D-03       0.32556D+00       0.31815D+00
       0.34800D+03       0.91084D-02      -0.71702D-02       0.32559D+00       0.31815D+00
       0.34900D+03       0.90894D-02      -0.22118D-02       0.32558D+00       0.31724D+00
       0.35000D+03       0.91003D-02      -0.23415D-02       0.32556D+00       0.31804D+00
       0.35100D+03       0.90833D-02      -0.46327D-02       0.32559D+00       0.31804D+00
       0.35200D+03       0.90834D-02      -0.20533D-02       0.32558D+00       0.31799D+00
       0.35300D+03       0.90896D-02      -0.40409D-02       0.32557D+00       0.31878D+00
       0.35400D+03       0.90674D-02      -0.26832D-02       0.32559D+00       0.31877D+00
       0.35500D+03       0.90790D-02      -0.20188D-02       0.32558D+00       0.31871D+00
       0.35600D+03       0.90666D-02      -0.64813D-02       0.32557D+00       0.31866D+00
       0.35700D+03       0.90676D-02      -0.14014D-02       0.32560D+00       0.31866D+00
       0.35800D+03       0.90738D-02      -0.19199D-02       0.32558D+00       0.31860D+00
       0.35900D+03       0.90494D-02      -0.87345D-02       0.32557D+00       0.31856D+00
       0.36000D+03       0.90869D-02      -0.35465D-03       0.32559D+00       0.31855D+00
       0.36100D+03       0.90750D-02      -0.73601D-03       0.32557D+00       0.31851D+00
       0.36200D+03       0.90599D-02      -0.94438D-02       0.32558D+00       0.31848D+00
       0.36300D+03       0.90947D-02       0.90473D-04       0.32559D+00       0.31760D+00
       0.36400D+03       0.90728D-02       0.27753D-03       0.32557D+00       0.31843D+00
       0.36500D+03       0.90868D-02      -0.93466D-02       0.32558D+00       0.31841D+00
       0.36600D+03       0.90928D-02      -0.10301D-03       0.32559D+00       0.31753D+00
       0.36700D+03       0.90720D-02       0.16142D-03       0.32557D+00       0.31835D+00
       0.36800D+03       0.91111D-02      -0.92530D-02       0.32559D+00       0.31833D+00
       0.36900D+03       0.90914D-02      -0.13603D-02       0.32559D+00       0.31747D+00
       0.37000D+03       0.90841D-02      -0.54647D-03       0.32557D+00       0.31827D+00
       0.37100D+03       0.91140D-02      -0.80357D-02       0.32559D+00       0.31826D+00
       0.37200D+03       0.90919D-02      -0.22266D-02       0.32558D+00       0.31741D+00
       0.37300D+03       0.90998D-02      -0.18218D-02       0.32557D+00       0.31816D+00
       0.37400D+03       0.90930D-02      -0.55812D-02       0.32559D+00       0.31816D+00
       0.37500D+03       0.90858D-02      -0.21015D-02       0.32558D+00       0.31731D+00
       0.37600D+03       0.90954D-02      -0.33050D-02       0.32557D+00       0.31806D+00
       0.37700D+03       0.90734D-02      -0.33058D-02       0.32559D+00       0.31806D+00
       0.37800D+03       0.90824D-02      -0.20158D-02       0.32558D+00       0.31800D+00
       0.37900D+03       0.90776D-02      -0.55065D-02       0.32557D+00       0.31796D+00
       0.38000D+03       0.90671D-02      -0.18668D-02       0.32559D+00       0.31795D+00
       0.38100D+03       0.90763D-02      -0.20276D-02       0.32558D+00       0.31790D+00
       0.38200D+03       0.90561D-02      -0.80016D-02       0.32557D+00       0.31786D+00
       0.38300D+03       0.90802D-02      -0.68283D-03       0.32559D+00       0.31786D+00
       0.38400D+03       0.90761D-02      -0.12996D-02       0.32558D+00       0.31782D+00
       0.38500D+03       0.90556D-02      -0.93665D-02       0.32558D+00       0.31779D+00
       0.38600D+03       0.90942D-02      -0.21481D-04       0.32559D+00       0.31778D+00
       0.38700D+03       0.90754D-02       0.39673D-04       0.32557D+00       0.31775D+00
       0.38800D+03       0.90775D-02      -0.93799D-02       0.32558D+00       0.31773D+00
       0.38900D+03       0.90940D-02       0.85129D-04       0.32559D+00       0.31691D+00
       0.39000D+03       0.90733D-02       0.29646D-03       0.32557D+00       0.31768D+00
       0.39100D+03       0.91029D-02      -0.93321D-02       0.32558D+00       0.31766D+00
       0.39200D+03       0.90917D-02      -0.79607D-03       0.32559D+00       0.31685D+00
       0.39300D+03       0.90783D-02      -0.21025D-03       0.32557D+00       0.31761D+00
       0.39400D+03       0.91154D-02      -0.87079D-02       0.32559D+00       0.31760D+00
       0.39500D+03       0.90927D-02      -0.20785D-02       0.32559D+00       0.31680D+00
       0.39600D+03       0.90963D-02      -0.13058D-02       0.32557D+00       0.31752D+00
       0.39700D+03       0.91020D-02      -0.65597D-02       0.32559D+00       0.31751D+00
       0.39800D+03       0.90888D-02      -0.21687D-02       0.32558D+00       0.31672D+00
       0.39900D+03       0.90988D-02      -0.26912D-02       0.32557D+00       0.31742D+00
       0.40000D+03       0.90805D-02      -0.40715D-02       0.32559D+00       0.31742D+00
       0.40100D+03       0.90845D-02      -0.20328D-02       0.32558D+00       0.31738D+00
       0.40200D+03       0.90864D-02      -0.45809D-02       0.32557D+00       0.31807D+00
       0.40300D+03       0.90695D-02      -0.23449D-02       0.32559D+00       0.31807D+00
       0.40400D+03       0.90796D-02      -0.20291D-02       0.32558D+00       0.31802D+00
       0.40500D+03       0.90651D-02      -0.71008D-02       0.32557D+00       0.31798D+00
       0.40600D+03       0.90743D-02      -0.11056D-02       0.32559D+00       0.31797D+00
       0.40700D+03       0.90766D-02      -0.17464D-02       0.32558D+00       0.31792D+00
       0.40800D+03       0.90549D-02      -0.90710D-02       0.32558D+00       0.31789D+00
       0.40900D+03       0.90915D-02      -0.19913D-03       0.32559D+00       0.31788D+00
       0.41000D+03       0.90774D-02      -0.38857D-03       0.32557D+00       0.31785D+00
       0.41100D+03       0.90695D-02      -0.94303D-02       0.32558D+00       0.31783D+00
       0.41200D+03       0.90948D-02       0.12236D-03       0.32559D+00       0.31705D+00
       0.41300D+03       0.90751D-02       0.33123D-03       0.32557D+00       0.31778D+00
       0.41400D+03       0.90939D-02      -0.93417D-02       0.32558D+00       0.31777D+00
       0.41500D+03       0.90926D-02      -0.32013D-03       0.32559D+00       0.31700D+00
       0.41600D+03       0.90758D-02       0.37390D-04       0.32557D+00       0.31771D+00
       0.41700D+03       0.91125D-02      -0.91184D-02       0.32559D+00       0.31771D+00
       0.41800D+03       0.90923D-02      -0.16992D-02       0.32559D+00       0.31695D+00
       0.41900D+03       0.90900D-02      -0.81776D-03       0.32557D+00       0.31763D+00
       0.42000D+03       0.91086D-02      -0.74966D-02       0.32559D+00       0.31762D+00
       0.42100D+03       0.90913D-02      -0.22284D-02       0.32559D+00       0.31687D+00
       0.42200D+03       0.90998D-02      -0.21534D-02       0.32557D+00       0.31754D+00
       0.42300D+03       0.90882D-02      -0.49654D-02       0.32559D+00       0.31754D+00
       0.42400D+03       0.90860D-02      -0.20682D-02       0.32558D+00       0.31679D+00
       0.42500D+03       0.90926D-02      -0.37614D-02       0.32557D+00       0.31745D+00
       0.42600D+03       0.90735D-02      -0.28914D-02       0.32559D+00       0.31745D+00
       0.42700D+03       0.90827D-02      -0.20154D-02       0.32558D+00       0.31741D+00
       0.42800D+03       0.90745D-02      -0.61299D-02       0.32557D+00       0.31737D+00
       0.42900D+03       0.90713D-02      -0.15686D-02       0.32559D+00       0.31737D+00
       0.43000D+03       0.90777D-02      -0.19781D-02       0.32558D+00       0.31732D+00
       0.43100D+03       0.90580D-02      -0.84975D-02       0.32558D+00       0.31729D+00
       0.43200D+03       0.90863D-02      -0.45983D-03       0.32559D+00       0.31728D+00
       0.43300D+03       0.90785D-02      -0.94143D-03       0.32558D+00       0.31725D+00
       0.43400D+03       0.90635D-02      -0.94342D-02       0.32558D+00       0.31792D+00
       0.43500D+03       0.90948D-02       0.58150D-04       0.32559D+00       0.31719D+00
       0.43600D+03       0.90770D-02       0.21498D-03       0.32557D+00       0.31788D+00
       0.43700D+03       0.90852D-02      -0.93546D-02       0.32558D+00       0.31786D+00
       0.43800D+03       0.90937D-02      -0.15071D-04       0.32559D+00       0.31713D+00
       0.43900D+03       0.90758D-02       0.21899D-03       0.32557D+00       0.31781D+00
       0.44000D+03       0.91066D-02      -0.92954D-02       0.32559D+00       0.31780D+00
       0.44100D+03       0.90921D-02      -0.11562D-02       0.32559D+00       0.31780D+00
       0.44200D+03       0.90837D-02      -0.41367D-03       0.32557D+00       0.31848D+00
       0.44300D+03       0.91122D-02      -0.83043D-02       0.32559D+00       0.31847D+00
       0.44400D+03       0.90929D-02      -0.21979D-02       0.32559D+00       0.31776D+00
       0.44500D+03       0.90984D-02      -0.16362D-02       0.32557D+00       0.31839D+00
       0.44600D+03       0.90962D-02      -0.59326D-02       0.32559D+00       0.31839D+00
       0.44700D+03       0.90881D-02      -0.21238D-02       0.32558D+00       0.31768D+00
       0.44800D+03       0.90966D-02      -0.30724D-02       0.32557D+00       0.31831D+00
       0.44900D+03       0.90786D-02      -0.35639D-02       0.32559D+00       0.31830D+00
       0.45000D+03       0.90849D-02      -0.20197D-02       0.32558D+00       0.31892D+00
       0.45100D+03       0.90830D-02      -0.51653D-02       0.32557D+00       0.31887D+00
       0.45200D+03       0.90716D-02      -0.20347D-02       0.32559D+00       0.31887D+00
       0.45300D+03       0.90799D-02      -0.20344D-02       0.32558D+00       0.31882D+00
       0.45400D+03       0.90642D-02      -0.76920D-02       0.32558D+00       0.31879D+00
       0.45500D+03       0.90803D-02      -0.82596D-03       0.32559D+00       0.31878D+00
       0.45600D+03       0.90789D-02      -0.14812D-02       0.32558D+00       0.31873D+00
       0.45700D+03       0.90604D-02      -0.92907D-02       0.32558D+00       0.31871D+00
       0.45800D+03       0.90936D-02      -0.77488D-04       0.32559D+00       0.31870D+00
       0.45900D+03       0.90787D-02      -0.93902D-04       0.32558D+00       0.31866D+00
       0.46000D+03       0.90772D-02      -0.93984D-02       0.32558D+00       0.31864D+00
       0.46100D+03       0.90943D-02       0.11307D-03       0.32559D+00       0.31795D+00
       0.46200D+03       0.90767D-02       0.32279D-03       0.32557D+00       0.31860D+00
       0.46300D+03       0.90989D-02      -0.93390D-02       0.32559D+00       0.31858D+00
       0.46400D+03       0.90922D-02      -0.60906D-03       0.32559D+00       0.31790D+00
       0.46500D+03       0.90794D-02      -0.11291D-03       0.32557D+00       0.31853D+00
       0.46600D+03       0.91119D-02      -0.88862D-02       0.32559D+00       0.31852D+00
       0.46700D+03       0.90928D-02      -0.19687D-02       0.32559D+00       0.31784D+00
       0.46800D+03       0.90942D-02      -0.11245D-02       0.32557D+00       0.31845D+00
       0.46900D+03       0.91032D-02      -0.69049D-02       0.32559D+00       0.31845D+00
       0.47000D+03       0.90904D-02      -0.21940D-02       0.32559D+00       0.31777D+00
       0.47100D+03       0.90987D-02      -0.24926D-02       0.32557D+00       0.31837D+00
       0.47200D+03       0.90847D-02      -0.43799D-02       0.32559D+00       0.31836D+00
       0.47300D+03       0.90862D-02      -0.20434D-02       0.32558D+00       0.31832D+00
       0.47400D+03       0.90896D-02      -0.42724D-02       0.32557D+00       0.31891D+00
       0.47500D+03       0.90739D-02      -0.25297D-02       0.32559D+00       0.31891D+00
       0.47600D+03       0.90826D-02      -0.20230D-02       0.32558D+00       0.31886D+00
       0.47700D+03       0.90719D-02      -0.67560D-02       0.32558D+00       0.31882D+00
       0.47800D+03       0.90757D-02      -0.12703D-02       0.32559D+00       0.31882D+00
       0.47900D+03       0.90793D-02      -0.18551D-02       0.32558D+00       0.31877D+00
       0.48000D+03       0.90608D-02      -0.88969D-02       0.32558D+00       0.31874D+00
       0.48100D+03       0.90905D-02      -0.28144D-03       0.32559D+00       0.31874D+00
       0.48200D+03       0.90801D-02      -0.57848D-03       0.32558D+00       0.31871D+00
       0.48300D+03       0.90707D-02      -0.94416D-02       0.32558D+00       0.31869D+00
       0.48400D+03       0.90949D-02       0.10891D-03       0.32559D+00       0.31802D+00
       0.48500D+03       0.90783D-02       0.30980D-03       0.32558D+00       0.31864D+00
       0.48600D+03       0.90912D-02      -0.93433D-02       0.32558D+00       0.31863D+00
       0.48700D+03       0.90932D-02      -0.18913D-03       0.32559D+00       0.31797D+00
       0.48800D+03       0.90781D-02       0.11003D-03       0.32557D+00       0.31858D+00
       0.48900D+03       0.91085D-02      -0.92042D-02       0.32559D+00       0.31857D+00
       0.49000D+03       0.90924D-02      -0.15155D-02       0.32559D+00       0.31792D+00
       0.49100D+03       0.90887D-02      -0.66070D-03       0.32557D+00       0.31852D+00
       0.49200D+03       0.91084D-02      -0.78067D-02       0.32559D+00       0.31851D+00
       0.49300D+03       0.90925D-02      -0.22339D-02       0.32559D+00       0.31787D+00
       0.49400D+03       0.90991D-02      -0.19675D-02       0.32557D+00       0.31844D+00
       0.49500D+03       0.90917D-02      -0.53076D-02       0.32559D+00       0.31844D+00
       0.49600D+03       0.90878D-02      -0.20857D-02       0.32559D+00       0.31780D+00
       0.49700D+03       0.90944D-02      -0.34992D-02       0.32557D+00       0.31836D+00
       0.49800D+03       0.90778D-02      -0.31163D-02       0.32559D+00       0.31836D+00
       0.49900D+03       0.90851D-02      -0.20145D-02       0.32558D+00       0.31832D+00
       0.50000D+03       0.90800D-02      -0.57794D-02       0.32558D+00       0.31828D+00
       0.50100D+03       0.90741D-02      -0.17356D-02       0.32559D+00       0.31828D+00
       0.50200D+03       0.90805D-02      -0.20130D-02       0.32558D+00       0.31824D+00
       0.50300D+03       0.90644D-02      -0.82301D-02       0.32558D+00       0.31821D+00
       0.50400D+03       0.90855D-02      -0.57920D-03       0.32559D+00       0.31820D+00
       0.50500D+03       0.90808D-02      -0.11454D-02       0.32558D+00       0.31818D+00
       0.50600D+03       0.90662D-02      -0.94057D-02       0.32558D+00       0.31815D+00
       0.50700D+03       0.90947D-02       0.16844D-04       0.32559D+00       0.31752D+00
       0.50800D+03       0.90799D-02       0.12699D-03       0.32558D+00       0.31812D+00
       0.50900D+03       0.90839D-02      -0.93672D-02       0.32558D+00       0.31810D+00
       0.51000D+03       0.90941D-02       0.49538D-04       0.32559D+00       0.31748D+00
       0.51100D+03       0.90785D-02       0.26675D-03       0.32557D+00       0.31806D+00
       0.51200D+03       0.91029D-02      -0.93209D-02       0.32559D+00       0.31805D+00
       0.51300D+03       0.90925D-02      -0.95190D-03       0.32559D+00       0.31743D+00
       0.51400D+03       0.90835D-02      -0.29473D-03       0.32557D+00       0.31801D+00
       0.51500D+03       0.91104D-02      -0.85432D-02       0.32559D+00       0.31800D+00
       0.51600D+03       0.90933D-02      -0.21428D-02       0.32559D+00       0.31739D+00
       0.51700D+03       0.90970D-02      -0.14507D-02       0.32557D+00       0.31793D+00
       0.51800D+03       0.90985D-02      -0.62846D-02       0.32559D+00       0.31793D+00
       0.51900D+03       0.90898D-02      -0.21485D-02       0.32559D+00       0.31732D+00
       0.52000D+03       0.90974D-02      -0.28542D-02       0.32557D+00       0.31786D+00
       0.52100D+03       0.90825D-02      -0.38409D-02       0.32559D+00       0.31786D+00
       0.52200D+03       0.90867D-02      -0.20261D-02       0.32558D+00       0.31839D+00
       0.52300D+03       0.90869D-02      -0.48334D-02       0.32558D+00       0.31835D+00
       0.52400D+03       0.90751D-02      -0.22060D-02       0.32559D+00       0.31835D+00
       0.52500D+03       0.90827D-02      -0.20331D-02       0.32558D+00       0.31831D+00
       0.52600D+03       0.90704D-02      -0.73658D-02       0.32558D+00       0.31828D+00
       0.52700D+03       0.90805D-02      -0.97953D-03       0.32559D+00       0.31828D+00
       0.52800D+03       0.90810D-02      -0.16403D-02       0.32558D+00       0.31824D+00
       0.52900D+03       0.90644D-02      -0.91818D-02       0.32558D+00       0.31821D+00
       0.53000D+03       0.90931D-02      -0.14193D-03       0.32559D+00       0.31821D+00
       0.53100D+03       0.90813D-02      -0.25084D-03       0.32558D+00       0.31818D+00
       0.53200D+03       0.90773D-02      -0.94172D-02       0.32558D+00       0.31816D+00
       0.53300D+03       0.90947D-02       0.12403D-03       0.32559D+00       0.31756D+00
       0.53400D+03       0.90795D-02       0.33426D-03       0.32558D+00       0.31812D+00
       0.53500D+03       0.90961D-02      -0.93411D-02       0.32559D+00       0.31811D+00
       0.53600D+03       0.90929D-02      -0.43920D-03       0.32559D+00       0.31752D+00
       0.53700D+03       0.90807D-02      -0.25370D-04       0.32557D+00       0.31807D+00
       0.53800D+03       0.91093D-02      -0.90294D-02       0.32559D+00       0.31806D+00
       0.53900D+03       0.90931D-02      -0.18285D-02       0.32559D+00       0.31748D+00
       0.54000D+03       0.90926D-02      -0.94925D-03       0.32557D+00       0.31800D+00
       0.54100D+03       0.91042D-02      -0.72411D-02       0.32559D+00       0.31800D+00
       0.54200D+03       0.90917D-02      -0.22160D-02       0.32559D+00       0.31741D+00
       0.54300D+03       0.90986D-02      -0.23010D-02       0.32557D+00       0.31793D+00
       0.54400D+03       0.90881D-02      -0.47029D-02       0.32559D+00       0.31793D+00
       0.54500D+03       0.90877D-02      -0.20563D-02       0.32559D+00       0.31790D+00
       0.54600D+03       0.90920D-02      -0.39796D-02       0.32558D+00       0.31841D+00
       0.54700D+03       0.90775D-02      -0.27265D-02       0.32559D+00       0.31840D+00
       0.54800D+03       0.90849D-02      -0.20179D-02       0.32558D+00       0.31837D+00
       0.54900D+03       0.90772D-02      -0.64063D-02       0.32558D+00       0.31834D+00
       0.55000D+03       0.90772D-02      -0.14371D-02       0.32559D+00       0.31833D+00
       0.55100D+03       0.90814D-02      -0.19345D-02       0.32558D+00       0.31829D+00
       0.55200D+03       0.90656D-02      -0.86866D-02       0.32558D+00       0.31827D+00
       0.55300D+03       0.90896D-02      -0.37598D-03       0.32559D+00       0.31826D+00
       0.55400D+03       0.90821D-02      -0.77968D-03       0.32558D+00       0.31824D+00
       0.55500D+03       0.90719D-02      -0.94431D-02       0.32558D+00       0.31822D+00
       0.55600D+03       0.90949D-02       0.84359D-04       0.32559D+00       0.31764D+00
       0.55700D+03       0.90807D-02       0.26622D-03       0.32558D+00       0.31818D+00
       0.55800D+03       0.90893D-02      -0.93479D-02       0.32559D+00       0.31817D+00
       0.55900D+03       0.90938D-02      -0.82178D-04       0.32559D+00       0.31760D+00
       0.56000D+03       0.90801D-02       0.17450D-03       0.32558D+00       0.31813D+00
       0.56100D+03       0.91054D-02      -0.92637D-02       0.32559D+00       0.31812D+00
       0.56200D+03       0.90928D-02      -0.13171D-02       0.32559D+00       0.31756D+00
       0.56300D+03       0.90876D-02      -0.51687D-03       0.32557D+00       0.31808D+00
       0.56400D+03       0.91079D-02      -0.80954D-02       0.32559D+00       0.31808D+00
       0.56500D+03       0.90932D-02      -0.22224D-02       0.32559D+00       0.31752D+00
       0.56600D+03       0.90983D-02      -0.17821D-02       0.32557D+00       0.31801D+00
       0.56700D+03       0.90943D-02      -0.56562D-02       0.32559D+00       0.31801D+00
       0.56800D+03       0.90892D-02      -0.21060D-02       0.32559D+00       0.31746D+00
       0.56900D+03       0.90956D-02      -0.32540D-02       0.32558D+00       0.31795D+00
       0.57000D+03       0.90812D-02      -0.33594D-02       0.32559D+00       0.31795D+00
       0.57100D+03       0.90869D-02      -0.20164D-02       0.32558D+00       0.31791D+00
       0.57200D+03       0.90841D-02      -0.54329D-02       0.32558D+00       0.31788D+00
       0.57300D+03       0.90766D-02      -0.19025D-02       0.32559D+00       0.31788D+00
       0.57400D+03       0.90828D-02      -0.20300D-02       0.32558D+00       0.31784D+00
       0.57500D+03       0.90696D-02      -0.79370D-02       0.32558D+00       0.31782D+00
       0.57600D+03       0.90849D-02      -0.71244D-03       0.32559D+00       0.31781D+00
       0.57700D+03       0.90826D-02      -0.13400D-02       0.32558D+00       0.31779D+00
       0.57800D+03       0.90687D-02      -0.93529D-02       0.32558D+00       0.31777D+00
       0.57900D+03       0.90945D-02      -0.32779D-04       0.32559D+00       0.31777D+00
       0.58000D+03       0.90822D-02       0.13180D-04       0.32558D+00       0.31774D+00
       0.58100D+03       0.90830D-02      -0.93837D-02       0.32559D+00       0.31773D+00
       0.58200D+03       0.90946D-02       0.92663D-04       0.32559D+00       0.31718D+00
       0.58300D+03       0.90807D-02       0.30323D-03       0.32558D+00       0.31769D+00
       0.58400D+03       0.91000D-02      -0.93342D-02       0.32559D+00       0.31769D+00
       0.58500D+03       0.90930D-02      -0.75485D-03       0.32559D+00       0.31714D+00
       0.58600D+03       0.90837D-02      -0.18852D-03       0.32558D+00       0.31765D+00
       0.58700D+03       0.91089D-02      -0.87490D-02       0.32559D+00       0.31764D+00
       0.58800D+03       0.90936D-02      -0.20577D-02       0.32559D+00       0.31710D+00
       0.58900D+03       0.90958D-02      -0.12666D-02       0.32558D+00       0.31759D+00
       0.59000D+03       0.91003D-02      -0.66341D-02       0.32559D+00       0.31758D+00
       0.59100D+03       0.90911D-02      -0.21743D-02       0.32559D+00       0.31705D+00
       0.59200D+03       0.90979D-02      -0.26480D-02       0.32558D+00       0.31752D+00
       0.59300D+03       0.90857D-02      -0.41361D-02       0.32559D+00       0.31752D+00
       0.59400D+03       0.90881D-02      -0.20349D-02       0.32559D+00       0.31749D+00
       0.59500D+03       0.90898D-02      -0.45137D-02       0.32558D+00       0.31796D+00
       0.59600D+03       0.90781D-02      -0.23836D-02       0.32559D+00       0.31796D+00
       0.59700D+03       0.90849D-02      -0.20278D-02       0.32558D+00       0.31792D+00
       0.59800D+03       0.90753D-02      -0.70277D-02       0.32558D+00       0.31790D+00
       0.59900D+03       0.90809D-02      -0.11405D-02       0.32559D+00       0.31790D+00
       0.60000D+03       0.90827D-02      -0.17721D-02       0.32558D+00       0.31786D+00
       0.60100D+03       0.90679D-02      -0.90369D-02       0.32558D+00       0.31784D+00
       0.60200D+03       0.90926D-02      -0.21579D-03       0.32559D+00       0.31783D+00
       0.60300D+03       0.90832D-02      -0.42795D-03       0.32558D+00       0.31781D+00
       0.60400D+03       0.90774D-02      -0.94333D-02       0.32558D+00       0.31780D+00
       0.60500D+03       0.90950D-02       0.12049D-03       0.32559D+00       0.31727D+00
       0.60600D+03       0.90817D-02       0.32838D-03       0.32558D+00       0.31777D+00
       0.60700D+03       0.90940D-02      -0.93419D-02       0.32559D+00       0.31775D+00
       0.60800D+03       0.90936D-02      -0.29014D-03       0.32559D+00       0.31723D+00
       0.60900D+03       0.90820D-02       0.53601D-04       0.32558D+00       0.31772D+00
       0.61000D+03       0.91069D-02      -0.91392D-02       0.32559D+00       0.31771D+00
       0.61100D+03       0.90933D-02      -0.16615D-02       0.32559D+00       0.31719D+00
       0.61200D+03       0.90916D-02      -0.78314D-03       0.32558D+00       0.31767D+00
       0.61300D+03       0.91050D-02      -0.75645D-02       0.32559D+00       0.31767D+00
       0.61400D+03       0.90930D-02      -0.22307D-02       0.32559D+00       0.31716D+00
       0.61500D+03       0.90987D-02      -0.21135D-02       0.32558D+00       0.31761D+00
       0.61600D+03       0.90911D-02      -0.50379D-02       0.32559D+00       0.31761D+00
       0.61700D+03       0.90893D-02      -0.20717D-02       0.32559D+00       0.31710D+00
       0.61800D+03       0.90940D-02      -0.37039D-02       0.32558D+00       0.31755D+00
       0.61900D+03       0.90808D-02      -0.29381D-02       0.32559D+00       0.31755D+00
       0.62000D+03       0.90870D-02      -0.20150D-02       0.32559D+00       0.31752D+00
       0.62100D+03       0.90817D-02      -0.60548D-02       0.32558D+00       0.31749D+00
       0.62200D+03       0.90789D-02      -0.16044D-02       0.32559D+00       0.31749D+00
       0.62300D+03       0.90835D-02      -0.19873D-02       0.32558D+00       0.31746D+00
       0.62400D+03       0.90700D-02      -0.84427D-02       0.32558D+00       0.31744D+00
       0.62500D+03       0.90890D-02      -0.48416D-03       0.32559D+00       0.31744D+00
       0.62600D+03       0.90840D-02      -0.98545D-03       0.32558D+00       0.31742D+00
       0.62700D+03       0.90733D-02      -0.94299D-02       0.32558D+00       0.31740D+00
       0.62800D+03       0.90953D-02       0.50041D-04       0.32559D+00       0.31689D+00
       0.62900D+03       0.90830D-02       0.19833D-03       0.32558D+00       0.31737D+00
       0.63000D+03       0.90881D-02      -0.93569D-02       0.32559D+00       0.31736D+00
       0.63100D+03       0.90945D-02       0.66096D-06       0.32559D+00       0.31686D+00
       0.63200D+03       0.90820D-02       0.23007D-03       0.32558D+00       0.31733D+00
       0.63300D+03       0.91031D-02      -0.93021D-02       0.32559D+00       0.31732D+00
       0.63400D+03       0.90933D-02      -0.11122D-02       0.32559D+00       0.31732D+00
       0.63500D+03       0.90872D-02      -0.38709D-03       0.32558D+00       0.31780D+00
       0.63600D+03       0.91075D-02      -0.83580D-02       0.32559D+00       0.31779D+00
       0.63700D+03       0.90939D-02      -0.21885D-02       0.32559D+00       0.31729D+00
       0.63800D+03       0.90976D-02      -0.15965D-02       0.32558D+00       0.31774D+00
       0.63900D+03       0.90967D-02      -0.60079D-02       0.32559D+00       0.31774D+00
       0.64000D+03       0.90907D-02      -0.21290D-02       0.32559D+00       0.31724D+00
       0.64100D+03       0.90967D-02      -0.30246D-02       0.32558D+00       0.31768D+00
       0.64200D+03       0.90842D-02      -0.36215D-02       0.32559D+00       0.31768D+00
       0.64300D+03       0.90884D-02      -0.20209D-02       0.32559D+00       0.31811D+00
       0.64400D+03       0.90874D-02      -0.50934D-02       0.32558D+00       0.31808D+00
       0.64500D+03       0.90790D-02      -0.20710D-02       0.32559D+00       0.31808D+00
       0.64600D+03       0.90849D-02      -0.20347D-02       0.32558D+00       0.31805D+00
       0.64700D+03       0.90741D-02      -0.76235D-02       0.32558D+00       0.31802D+00
       0.64800D+03       0.90847D-02      -0.85803D-03       0.32559D+00       0.31802D+00
       0.64900D+03       0.90840D-02      -0.15173D-02       0.32558D+00       0.31799D+00
       0.65000D+03       0.90709D-02      -0.92703D-02       0.32558D+00       0.31797D+00
       0.65100D+03       0.90943D-02      -0.90539D-04       0.32559D+00       0.31796D+00
       0.65200D+03       0.90840D-02      -0.12559D-03       0.32558D+00       0.31794D+00
       0.65300D+03       0.90824D-02      -0.94025D-02       0.32559D+00       0.31793D+00
       0.65400D+03       0.90949D-02       0.11675D-03       0.32559D+00       0.31744D+00
       0.65500D+03       0.90825D-02       0.32657D-03       0.32558D+00       0.31790D+00
       0.65600D+03       0.90977D-02      -0.93397D-02       0.32559D+00       0.31789D+00
       0.65700D+03       0.90935D-02      -0.57113D-03       0.32559D+00       0.31741D+00
       0.65800D+03       0.90842D-02      -0.93409D-04       0.32558D+00       0.31786D+00
       0.65900D+03       0.91073D-02      -0.89198D-02       0.32559D+00       0.31785D+00
       0.66000D+03       0.90938D-02      -0.19412D-02       0.32559D+00       0.31737D+00
       0.66100D+03       0.90945D-02      -0.10864D-02       0.32558D+00       0.31780D+00
       0.66200D+03       0.91015D-02      -0.69777D-02       0.32559D+00       0.31780D+00
       0.66300D+03       0.90922D-02      -0.21991D-02       0.32559D+00       0.31732D+00
       0.66400D+03       0.90981D-02      -0.24511D-02       0.32558D+00       0.31774D+00
       0.66500D+03       0.90884D-02      -0.44478D-02       0.32559D+00       0.31774D+00
       0.66600D+03       0.90892D-02      -0.20459D-02       0.32559D+00       0.31772D+00
       0.66700D+03       0.90918D-02      -0.42084D-02       0.32558D+00       0.31813D+00
       0.66800D+03       0.90805D-02      -0.25707D-02       0.32559D+00       0.31813D+00
       0.66900D+03       0.90866D-02      -0.20218D-02       0.32559D+00       0.31810D+00
       0.67000D+03       0.90793D-02      -0.66815D-02       0.32558D+00       0.31808D+00
       0.67100D+03       0.90814D-02      -0.13058D-02       0.32559D+00       0.31807D+00
       0.67200D+03       0.90841D-02      -0.18745D-02       0.32558D+00       0.31804D+00
       0.67300D+03       0.90710D-02      -0.88549D-02       0.32558D+00       0.31802D+00
       0.67400D+03       0.90919D-02      -0.30057D-03       0.32559D+00       0.31802D+00
       0.67500D+03       0.90847D-02      -0.62077D-03       0.32558D+00       0.31800D+00
       0.67600D+03       0.90776D-02      -0.94429D-02       0.32559D+00       0.31798D+00
       0.67700D+03       0.90953D-02       0.10454D-03       0.32559D+00       0.31751D+00
       0.67800D+03       0.90834D-02       0.30243D-03       0.32558D+00       0.31796D+00
       0.67900D+03       0.90922D-02      -0.93440D-02       0.32559D+00       0.31795D+00
       0.68000D+03       0.90941D-02      -0.16421D-03       0.32559D+00       0.31748D+00
       0.68100D+03       0.90832D-02       0.12452D-03       0.32558D+00       0.31791D+00
       0.68200D+03       0.91048D-02      -0.92190D-02       0.32559D+00       0.31791D+00
       0.68300D+03       0.90935D-02      -0.14740D-02       0.32559D+00       0.31744D+00
       0.68400D+03       0.90905D-02      -0.62878D-03       0.32558D+00       0.31787D+00
       0.68500D+03       0.91052D-02      -0.78704D-02       0.32559D+00       0.31787D+00
       0.68600D+03       0.90936D-02      -0.22330D-02       0.32559D+00       0.31741D+00
       0.68700D+03       0.90982D-02      -0.19278D-02       0.32558D+00       0.31782D+00
       0.68800D+03       0.90933D-02      -0.53817D-02       0.32559D+00       0.31782D+00
       0.68900D+03       0.90902D-02      -0.20898D-02       0.32559D+00       0.31736D+00
       0.69000D+03       0.90951D-02      -0.34453D-02       0.32558D+00       0.31776D+00
       0.69100D+03       0.90831D-02      -0.31667D-02       0.32559D+00       0.31776D+00
       0.69200D+03       0.90883D-02      -0.20147D-02       0.32559D+00       0.31773D+00
       0.69300D+03       0.90849D-02      -0.57049D-02       0.32558D+00       0.31771D+00
       0.69400D+03       0.90802D-02      -0.17713D-02       0.32559D+00       0.31771D+00
       0.69500D+03       0.90850D-02      -0.20179D-02       0.32558D+00       0.31768D+00
       0.69600D+03       0.90734D-02      -0.81694D-02       0.32558D+00       0.31766D+00
       0.69700D+03       0.90881D-02      -0.60656D-03       0.32559D+00       0.31766D+00
       0.69800D+03       0.90850D-02      -0.11881D-02       0.32558D+00       0.31764D+00
       0.69900D+03       0.90743D-02      -0.93967D-02       0.32558D+00       0.31762D+00
       0.70000D+03       0.90951D-02       0.69151D-05       0.32559D+00       0.31717D+00
       0.70100D+03       0.90844D-02       0.10481D-03       0.32558D+00       0.31760D+00
       0.70200D+03       0.90868D-02      -0.93704D-02       0.32559D+00       0.31759D+00
       0.70300D+03       0.90947D-02       0.60494D-04       0.32559D+00       0.31713D+00
       0.70400D+03       0.90833D-02       0.27556D-03       0.32558D+00       0.31756D+00
       0.70500D+03       0.91007D-02      -0.93246D-02       0.32559D+00       0.31755D+00
       0.70600D+03       0.90935D-02      -0.90891D-03       0.32559D+00       0.31710D+00
       0.70700D+03       0.90867D-02      -0.27099D-03       0.32558D+00       0.31752D+00
       0.70800D+03       0.91066D-02      -0.85901D-02       0.32559D+00       0.31752D+00
       0.70900D+03       0.90941D-02      -0.21272D-02       0.32559D+00       0.31707D+00
       0.71000D+03       0.90966D-02      -0.14111D-02       0.32558D+00       0.31747D+00
       0.71100D+03       0.90983D-02      -0.63597D-02       0.32559D+00       0.31747D+00
       0.71200D+03       0.90916D-02      -0.21540D-02       0.32559D+00       0.31702D+00
       0.71300D+03       0.90972D-02      -0.28091D-02       0.32558D+00       0.31742D+00
       0.71400D+03       0.90865D-02      -0.39026D-02       0.32559D+00       0.31742D+00
       0.71500D+03       0.90893D-02      -0.20278D-02       0.32559D+00       0.31781D+00
       0.71600D+03       0.90897D-02      -0.47639D-02       0.32558D+00       0.31778D+00
       0.71700D+03       0.90809D-02      -0.22434D-02       0.32559D+00       0.31778D+00
       0.71800D+03       0.90864D-02      -0.20321D-02       0.32559D+00       0.31775D+00
       0.71900D+03       0.90776D-02      -0.72944D-02       0.32558D+00       0.31773D+00
       0.72000D+03       0.90844D-02      -0.10134D-02       0.32559D+00       0.31773D+00
       0.72100D+03       0.90851D-02      -0.16709D-02       0.32558D+00       0.31770D+00
       0.72200D+03       0.90729D-02      -0.91539D-02       0.32558D+00       0.31768D+00
       0.72300D+03       0.90938D-02      -0.15689D-03       0.32559D+00       0.31768D+00
       0.72400D+03       0.90853D-02      -0.28715D-03       0.32558D+00       0.31766D+00
       0.72500D+03       0.90819D-02      -0.94210D-02       0.32559D+00       0.31765D+00
       0.72600D+03       0.90952D-02       0.12442D-03       0.32559D+00       0.31721D+00
       0.72700D+03       0.90840D-02       0.33456D-03       0.32558D+00       0.31762D+00
       0.72800D+03       0.90958D-02      -0.93413D-02       0.32559D+00       0.31761D+00
       0.72900D+03       0.90939D-02      -0.40546D-03       0.32559D+00       0.31718D+00
       0.73000D+03       0.90847D-02      -0.77849D-05       0.32558D+00       0.31758D+00
       0.73100D+03       0.91057D-02      -0.90556D-02       0.32559D+00       0.31758D+00
       0.73200D+03       0.90939D-02      -0.17948D-02       0.32559D+00       0.31715D+00
       0.73300D+03       0.90933D-02      -0.91285D-03       0.32558D+00       0.31753D+00
       0.73400D+03       0.91024D-02      -0.73115D-02       0.32559D+00       0.31753D+00
       0.73500D+03       0.90930D-02      -0.22200D-02       0.32559D+00       0.31710D+00
       0.73600D+03       0.90981D-02      -0.22606D-02       0.32558D+00       0.31748D+00
       0.73700D+03       0.90906D-02      -0.47736D-02       0.32559D+00       0.31748D+00
       0.73800D+03       0.90900D-02      -0.20594D-02       0.32559D+00       0.31746D+00
       0.73900D+03       0.90934D-02      -0.39192D-02       0.32558D+00       0.31784D+00
       0.74000D+03       0.90826D-02      -0.27704D-02       0.32559D+00       0.31784D+00
       0.74100D+03       0.90880D-02      -0.20171D-02       0.32559D+00       0.31781D+00
       0.74200D+03       0.90826D-02      -0.63311D-02       0.32558D+00       0.31779D+00
       0.74300D+03       0.90820D-02      -0.14729D-02       0.32559D+00       0.31779D+00
       0.74400D+03       0.90853D-02      -0.19479D-02       0.32559D+00       0.31776D+00
       0.74500D+03       0.90737D-02      -0.86371D-02       0.32558D+00       0.31774D+00
       0.74600D+03       0.90910D-02      -0.39794D-03       0.32559D+00       0.31774D+00
       0.74700D+03       0.90858D-02      -0.82355D-03       0.32558D+00       0.31772D+00
       0.74800D+03       0.90779D-02      -0.94417D-02       0.32559D+00       0.31810D+00
       0.74900D+03       0.90953D-02       0.77805D-04       0.32559D+00       0.31768D+00
       0.75000D+03       0.90848D-02       0.25381D-03       0.32558D+00       0.31808D+00
       0.75100D+03       0.90907D-02      -0.93495D-02       0.32559D+00       0.31807D+00
       0.75200D+03       0.90945D-02      -0.62450D-04       0.32559D+00       0.31765D+00
       0.75300D+03       0.90842D-02       0.18717D-03       0.32558D+00       0.31804D+00
       0.75400D+03       0.91028D-02      -0.92735D-02       0.32559D+00       0.31803D+00
       0.75500D+03       0.90937D-02      -0.12735D-02       0.32559D+00       0.31761D+00
       0.75600D+03       0.90895D-02      -0.48792D-03       0.32558D+00       0.31800D+00
       0.75700D+03       0.91051D-02      -0.81539D-02       0.32559D+00       0.31800D+00
       0.75800D+03       0.90940D-02      -0.22172D-02       0.32559D+00       0.31758D+00
       0.75900D+03       0.90977D-02      -0.17424D-02       0.32558D+00       0.31795D+00
       0.76000D+03       0.90952D-02      -0.57313D-02       0.32559D+00       0.31795D+00
       0.76100D+03       0.90911D-02      -0.21107D-02       0.32559D+00       0.31754D+00
       0.76200D+03       0.90960D-02      -0.32036D-02       0.32558D+00       0.31790D+00
       0.76300D+03       0.90852D-02      -0.34138D-02       0.32559D+00       0.31790D+00
       0.76400D+03       0.90893D-02      -0.20171D-02       0.32559D+00       0.31788D+00
       0.76500D+03       0.90875D-02      -0.53596D-02       0.32558D+00       0.31785D+00
       0.76600D+03       0.90816D-02      -0.19384D-02       0.32559D+00       0.31785D+00
       0.76700D+03       0.90863D-02      -0.20318D-02       0.32559D+00       0.31782D+00
       0.76800D+03       0.90765D-02      -0.78715D-02       0.32558D+00       0.31781D+00
       0.76900D+03       0.90875D-02      -0.74261D-03       0.32559D+00       0.31780D+00
       0.77000D+03       0.90860D-02      -0.13796D-02       0.32558D+00       0.31779D+00
       0.77100D+03       0.90754D-02      -0.93379D-02       0.32559D+00       0.31777D+00
       0.77200D+03       0.90949D-02      -0.44442D-04       0.32559D+00       0.31777D+00
