       0.10000D+01       0.41704D-04       0.87666D-01       0.46555D+00       0.28952D-01
       0.20000D+01       0.13609D-03       0.40011D-01       0.46611D+00       0.27934D-01
       0.30000D+01       0.22287D-03       0.76584D-01       0.46402D+00       0.54990D-01
       0.40000D+01       0.22421D-03       0.55507D-01       0.46637D+00       0.14558D+00
       0.50000D+01       0.29491D-03       0.40745D-01       0.46498D+00       0.12327D+00
       0.60000D+01       0.28830D-03       0.79347D-01       0.46551D+00       0.17662D+00
       0.70000D+01       0.26308D-03       0.75157D-02       0.46518D+00       0.22209D+00
       0.80000D+01       0.32353D-03       0.99170D-01       0.46554D+00       0.19701D+00
       0.90000D+01       0.34284D-03       0.46015D-01       0.46547D+00       0.17752D+00
       0.10000D+02       0.32335D-03       0.98421D-01       0.46503D+00       0.16724D+00
       0.11000D+02       0.35723D-03       0.45680D-01       0.46570D+00       0.15279D+00
       0.12000D+02       0.36529D-03       0.58085D-01       0.46521D+00       0.14253D+00
       0.13000D+02       0.35657D-03       0.74585D-01       0.46551D+00       0.16636D+00
       0.14000D+02       0.34030D-03       0.27221D-01       0.46521D+00       0.16196D+00
       0.15000D+02       0.37585D-03       0.10488D+00       0.46555D+00       0.15415D+00
       0.16000D+02       0.36766D-03       0.46210D-01       0.46539D+00       0.14646D+00
       0.17000D+02       0.35304D-03       0.10498D+00       0.46524D+00       0.14097D+00
       0.18000D+02       0.38669D-03       0.30094D-01       0.46554D+00       0.13404D+00
       0.19000D+02       0.37347D-03       0.73437D-01       0.46531D+00       0.12848D+00
       0.20000D+02       0.36744D-03       0.60745D-01       0.46550D+00       0.14448D+00
       0.21000D+02       0.36977D-03       0.44239D-01       0.46523D+00       0.14323D+00
       0.22000D+02       0.38368D-03       0.10022D+00       0.46555D+00       0.13883D+00
       0.23000D+02       0.37579D-03       0.46289D-01       0.46536D+00       0.13305D+00
       0.24000D+02       0.37195D-03       0.10040D+00       0.46533D+00       0.13077D+00
       0.25000D+02       0.39725D-03       0.96579D-02       0.46546D+00       0.12709D+00
       0.26000D+02       0.38310D-03       0.78748D-01       0.46536D+00       0.12415D+00
       0.27000D+02       0.38042D-03       0.42354D-01       0.46547D+00       0.13557D+00
       0.28000D+02       0.38509D-03       0.53767D-01       0.46525D+00       0.13529D+00
       0.29000D+02       0.38421D-03       0.80093D-01       0.46553D+00       0.14519D+00
       0.30000D+02       0.38080D-03       0.40970D-01       0.46535D+00       0.14092D+00
       0.31000D+02       0.38041D-03       0.89272D-01       0.46538D+00       0.13783D+00
       0.32000D+02       0.38237D-03       0.13821D-03       0.46540D+00       0.13535D+00
       0.33000D+02       0.37797D-03       0.86133D-01       0.46539D+00       0.13228D+00
       0.34000D+02       0.37838D-03       0.39179D-01       0.46544D+00       0.12897D+00
       0.35000D+02       0.37691D-03       0.73097D-01       0.46527D+00       0.12661D+00
       0.36000D+02       0.37379D-03       0.57522D-01       0.46550D+00       0.13468D+00
       0.37000D+02       0.37677D-03       0.39508D-01       0.46534D+00       0.13174D+00
       0.38000D+02       0.37503D-03       0.80045D-01       0.46541D+00       0.13277D+00
       0.39000D+02       0.36775D-03       0.56263D-02       0.46536D+00       0.13279D+00
       0.40000D+02       0.37684D-03       0.97815D-01       0.46542D+00       0.13013D+00
       0.41000D+02       0.38055D-03       0.45585D-01       0.46541D+00       0.12767D+00
       0.42000D+02       0.37496D-03       0.96297D-01       0.46530D+00       0.12641D+00
       0.43000D+02       0.38175D-03       0.46969D-01       0.46547D+00       0.12362D+00
       0.44000D+02       0.38370D-03       0.55360D-01       0.46534D+00       0.12146D+00
       0.45000D+02       0.38120D-03       0.75529D-01       0.46542D+00       0.12860D+00
       0.46000D+02       0.37473D-03       0.24281D-01       0.46534D+00       0.12805D+00
       0.47000D+02       0.38510D-03       0.10461D+00       0.46544D+00       0.12626D+00
       0.48000D+02       0.38374D-03       0.46250D-01       0.46539D+00       0.12448D+00
       0.49000D+02       0.37832D-03       0.10488D+00       0.46534D+00       0.12304D+00
       0.50000D+02       0.38995D-03       0.32848D-01       0.46545D+00       0.12083D+00
       0.51000D+02       0.38560D-03       0.72062D-01       0.46536D+00       0.11899D+00
       0.52000D+02       0.38312D-03       0.63285D-01       0.46543D+00       0.12535D+00
       0.53000D+02       0.38282D-03       0.42606D-01       0.46533D+00       0.12518D+00
       0.54000D+02       0.38887D-03       0.10169D+00       0.46545D+00       0.12376D+00
       0.55000D+02       0.38546D-03       0.46426D-01       0.46538D+00       0.12162D+00
       0.56000D+02       0.38323D-03       0.10151D+00       0.46536D+00       0.12072D+00
       0.57000D+02       0.39530D-03       0.12033D-01       0.46542D+00       0.11926D+00
       0.58000D+02       0.38892D-03       0.78212D-01       0.46538D+00       0.11769D+00
       0.59000D+02       0.38751D-03       0.44300D-01       0.46543D+00       0.12304D+00
       0.60000D+02       0.38964D-03       0.52263D-01       0.46533D+00       0.12309D+00
       0.61000D+02       0.39004D-03       0.83545D-01       0.46546D+00       0.12801D+00
       0.62000D+02       0.38787D-03       0.41984D-01       0.46537D+00       0.12621D+00
       0.63000D+02       0.38769D-03       0.90918D-01       0.46539D+00       0.12493D+00
       0.64000D+02       0.38987D-03       0.55305D-03       0.46540D+00       0.12389D+00
       0.65000D+02       0.38661D-03       0.84702D-01       0.46539D+00       0.12241D+00
       0.66000D+02       0.38654D-03       0.38546D-01       0.46542D+00       0.12087D+00
       0.67000D+02       0.38605D-03       0.69710D-01       0.46533D+00       0.12105D+00
       0.68000D+02       0.38388D-03       0.59832D-01       0.46545D+00       0.12559D+00
       0.69000D+02       0.38490D-03       0.38660D-01       0.46536D+00       0.12413D+00
       0.70000D+02       0.38397D-03       0.80867D-01       0.46540D+00       0.12482D+00
       0.71000D+02       0.37972D-03       0.40027D-02       0.46538D+00       0.12456D+00
       0.72000D+02       0.38369D-03       0.96353D-01       0.46540D+00       0.12322D+00
       0.73000D+02       0.38586D-03       0.44988D-01       0.46540D+00       0.12193D+00
       0.74000D+02       0.38278D-03       0.93848D-01       0.46534D+00       0.12129D+00
       0.75000D+02       0.38596D-03       0.48156D-01       0.46544D+00       0.12505D+00
       0.76000D+02       0.38735D-03       0.52632D-01       0.46536D+00       0.12377D+00
       0.77000D+02       0.38596D-03       0.76303D-01       0.46541D+00       0.12792D+00
       0.78000D+02       0.38165D-03       0.21332D-01       0.46536D+00       0.12716D+00
       0.79000D+02       0.38793D-03       0.10416D+00       0.46542D+00       0.12598D+00
       0.80000D+02       0.38763D-03       0.46319D-01       0.46539D+00       0.12493D+00
       0.81000D+02       0.38424D-03       0.10456D+00       0.46536D+00       0.12407D+00
       0.82000D+02       0.39075D-03       0.35438D-01       0.46543D+00       0.12267D+00
       0.83000D+02       0.38853D-03       0.70448D-01       0.46537D+00       0.12151D+00
       0.84000D+02       0.38695D-03       0.65658D-01       0.46542D+00       0.12542D+00
       0.85000D+02       0.38620D-03       0.40754D-01       0.46535D+00       0.12530D+00
       0.86000D+02       0.39030D-03       0.10287D+00       0.46543D+00       0.12443D+00
       0.87000D+02       0.38815D-03       0.46459D-01       0.46539D+00       0.12307D+00
       0.88000D+02       0.38641D-03       0.10247D+00       0.46537D+00       0.12249D+00
       0.89000D+02       0.39427D-03       0.14613D-01       0.46541D+00       0.12153D+00
       0.90000D+02       0.39010D-03       0.77698D-01       0.46538D+00       0.12047D+00
       0.91000D+02       0.38914D-03       0.46533D-01       0.46542D+00       0.12392D+00
       0.92000D+02       0.39052D-03       0.50941D-01       0.46535D+00       0.12393D+00
       0.93000D+02       0.39136D-03       0.86863D-01       0.46543D+00       0.12715D+00
       0.94000D+02       0.38968D-03       0.42985D-01       0.46538D+00       0.12591D+00
       0.95000D+02       0.38951D-03       0.92572D-01       0.46539D+00       0.12517D+00
       0.96000D+02       0.39217D-03       0.12450D-02       0.46540D+00       0.12447D+00
       0.97000D+02       0.38943D-03       0.83396D-01       0.46539D+00       0.12346D+00
       0.98000D+02       0.38925D-03       0.38178D-01       0.46541D+00       0.12242D+00
       0.99000D+02       0.38919D-03       0.66491D-01       0.46535D+00       0.12252D+00
       0.10000D+03       0.38751D-03       0.62442D-01       0.46543D+00       0.12559D+00
       0.10100D+03       0.38788D-03       0.38204D-01       0.46537D+00       0.12459D+00
       0.10200D+03       0.38728D-03       0.81829D-01       0.46540D+00       0.12507D+00
       0.10300D+03       0.38451D-03       0.26521D-02       0.46538D+00       0.12488D+00
       0.10400D+03       0.38652D-03       0.94804D-01       0.46540D+00       0.12395D+00
       0.10500D+03       0.38802D-03       0.44234D-01       0.46540D+00       0.12304D+00
       0.10600D+03       0.38601D-03       0.91093D-01       0.46536D+00       0.12258D+00
       0.10700D+03       0.38773D-03       0.49303D-01       0.46543D+00       0.12533D+00
       0.10800D+03       0.38891D-03       0.49968D-01       0.46537D+00       0.12451D+00
       0.10900D+03       0.38798D-03       0.76945D-01       0.46540D+00       0.12744D+00
       0.11000D+03       0.38478D-03       0.18430D-01       0.46537D+00       0.12690D+00
       0.11100D+03       0.38926D-03       0.10356D+00       0.46541D+00       0.12588D+00
       0.11200D+03       0.38937D-03       0.46396D-01       0.46539D+00       0.12505D+00
       0.11300D+03       0.38690D-03       0.10402D+00       0.46536D+00       0.12444D+00
       0.11400D+03       0.39125D-03       0.37828D-01       0.46542D+00       0.12344D+00
       0.11500D+03       0.39011D-03       0.68591D-01       0.46538D+00       0.12267D+00
       0.11600D+03       0.38895D-03       0.67830D-01       0.46541D+00       0.12550D+00
       0.11700D+03       0.38800D-03       0.38672D-01       0.46537D+00       0.12539D+00
       0.11800D+03       0.39123D-03       0.10376D+00       0.46542D+00       0.12478D+00
       0.11900D+03       0.38970D-03       0.46421D-01       0.46539D+00       0.12378D+00
       0.12000D+03       0.38819D-03       0.10329D+00       0.46538D+00       0.12338D+00
       0.12100D+03       0.39398D-03       0.17360D-01       0.46541D+00       0.12262D+00
       0.12200D+03       0.39091D-03       0.77163D-01       0.46538D+00       0.12170D+00
       0.12300D+03       0.39013D-03       0.48994D-01       0.46541D+00       0.12425D+00
       0.12400D+03       0.39116D-03       0.49739D-01       0.46536D+00       0.12424D+00
       0.12500D+03       0.39221D-03       0.89981D-01       0.46542D+00       0.12663D+00
       0.12600D+03       0.39082D-03       0.43913D-01       0.46538D+00       0.12572D+00
       0.12700D+03       0.39063D-03       0.94202D-01       0.46539D+00       0.12518D+00
       0.12800D+03       0.39338D-03       0.22145D-02       0.46540D+00       0.12461D+00
       0.12900D+03       0.39095D-03       0.82230D-01       0.46539D+00       0.12392D+00
       0.13000D+03       0.39068D-03       0.38130D-01       0.46541D+00       0.12359D+00
       0.13100D+03       0.39084D-03       0.63501D-01       0.46536D+00       0.12365D+00
       0.13200D+03       0.38955D-03       0.65334D-01       0.46542D+00       0.12597D+00
       0.13300D+03       0.38959D-03       0.38120D-01       0.46538D+00       0.12520D+00
       0.13400D+03       0.38917D-03       0.82939D-01       0.46539D+00       0.12525D+00
       0.13500D+03       0.38730D-03       0.15780D-02       0.46539D+00       0.12463D+00
       0.13600D+03       0.38857D-03       0.93192D-01       0.46540D+00       0.12390D+00
       0.13700D+03       0.38936D-03       0.43346D-01       0.46540D+00       0.12320D+00
       0.13800D+03       0.38796D-03       0.88065D-01       0.46536D+00       0.12284D+00
       0.13900D+03       0.38886D-03       0.50477D-01       0.46542D+00       0.12495D+00
       0.14000D+03       0.38977D-03       0.47438D-01       0.46538D+00       0.12432D+00
       0.14100D+03       0.38911D-03       0.77502D-01       0.46540D+00       0.12658D+00
       0.14200D+03       0.38660D-03       0.15632D-01       0.46538D+00       0.12638D+00
       0.14300D+03       0.39001D-03       0.10280D+00       0.46540D+00       0.12577D+00
       0.14400D+03       0.39034D-03       0.46451D-01       0.46539D+00       0.12512D+00
       0.14500D+03       0.38840D-03       0.10323D+00       0.46537D+00       0.12465D+00
       0.14600D+03       0.39154D-03       0.39996D-01       0.46541D+00       0.12387D+00
       0.14700D+03       0.39094D-03       0.66502D-01       0.46538D+00       0.12325D+00
       0.14800D+03       0.39003D-03       0.69776D-01       0.46540D+00       0.12547D+00
       0.14900D+03       0.38891D-03       0.36364D-01       0.46537D+00       0.12537D+00
       0.15000D+03       0.39161D-03       0.10439D+00       0.46541D+00       0.12467D+00
       0.15100D+03       0.39047D-03       0.46349D-01       0.46539D+00       0.12388D+00
       0.15200D+03       0.38913D-03       0.10395D+00       0.46538D+00       0.12342D+00
       0.15300D+03       0.39363D-03       0.20229D-01       0.46541D+00       0.12275D+00
       0.15400D+03       0.39127D-03       0.76558D-01       0.46538D+00       0.12202D+00
       0.15500D+03       0.39060D-03       0.51616D-01       0.46541D+00       0.12404D+00
       0.15600D+03       0.39133D-03       0.48590D-01       0.46537D+00       0.12403D+00
       0.15700D+03       0.39238D-03       0.92843D-01       0.46542D+00       0.12587D+00
       0.15800D+03       0.39128D-03       0.44721D-01       0.46539D+00       0.12512D+00
       0.15900D+03       0.39108D-03       0.95778D-01       0.46539D+00       0.12471D+00
       0.16000D+03       0.39379D-03       0.34611D-02       0.46540D+00       0.12424D+00
       0.16100D+03       0.39167D-03       0.81212D-01       0.46539D+00       0.12374D+00
       0.16200D+03       0.39138D-03       0.38443D-01       0.46540D+00       0.12349D+00
       0.16300D+03       0.39167D-03       0.60782D-01       0.46537D+00       0.12353D+00
       0.16400D+03       0.39071D-03       0.68472D-01       0.46542D+00       0.12540D+00
       0.16500D+03       0.39056D-03       0.38373D-01       0.46538D+00       0.12479D+00
       0.16600D+03       0.39025D-03       0.84194D-01       0.46539D+00       0.12483D+00
       0.16700D+03       0.38910D-03       0.78141D-03       0.46539D+00       0.12432D+00
       0.16800D+03       0.38965D-03       0.91543D-01       0.46539D+00       0.12380D+00
       0.16900D+03       0.39003D-03       0.42367D-01       0.46540D+00       0.12323D+00
       0.17000D+03       0.38903D-03       0.84815D-01       0.46537D+00       0.12315D+00
       0.17100D+03       0.38941D-03       0.51746D-01       0.46541D+00       0.12487D+00
       0.17200D+03       0.39015D-03       0.45112D-01       0.46538D+00       0.12435D+00
       0.17300D+03       0.38963D-03       0.78018D-01       0.46540D+00       0.12619D+00
       0.17400D+03       0.38759D-03       0.12984D-01       0.46538D+00       0.12603D+00
       0.17500D+03       0.39025D-03       0.10189D+00       0.46540D+00       0.12554D+00
       0.17600D+03       0.39073D-03       0.46449D-01       0.46539D+00       0.12501D+00
       0.17700D+03       0.38917D-03       0.10217D+00       0.46537D+00       0.12463D+00
       0.17800D+03       0.39152D-03       0.41934D-01       0.46541D+00       0.12399D+00
       0.17900D+03       0.39126D-03       0.64201D-01       0.46538D+00       0.12347D+00
       0.18000D+03       0.39053D-03       0.71482D-01       0.46540D+00       0.12529D+00
       0.18100D+03       0.38939D-03       0.33846D-01       0.46538D+00       0.12521D+00
       0.18200D+03       0.39179D-03       0.10478D+00       0.46541D+00       0.12462D+00
       0.18300D+03       0.39094D-03       0.46274D-01       0.46539D+00       0.12396D+00
       0.18400D+03       0.38969D-03       0.10446D+00       0.46538D+00       0.12386D+00
       0.18500D+03       0.39324D-03       0.23167D-01       0.46541D+00       0.12346D+00
       0.18600D+03       0.39138D-03       0.75839D-01       0.46538D+00       0.12292D+00
       0.18700D+03       0.39078D-03       0.54328D-01       0.46540D+00       0.12460D+00
       0.18800D+03       0.39122D-03       0.47425D-01       0.46537D+00       0.12458D+00
       0.18900D+03       0.39232D-03       0.95411D-01       0.46541D+00       0.12406D+00
       0.19000D+03       0.39135D-03       0.45379D-01       0.46539D+00       0.12344D+00
       0.19100D+03       0.39112D-03       0.97275D-01       0.46539D+00       0.12311D+00
       0.19200D+03       0.39378D-03       0.49824D-02       0.46540D+00       0.12266D+00
       0.19300D+03       0.39186D-03       0.80339D-01       0.46539D+00       0.12224D+00
       0.19400D+03       0.39166D-03       0.39142D-01       0.46540D+00       0.12204D+00
       0.19500D+03       0.39203D-03       0.58358D-01       0.46537D+00       0.12209D+00
       0.19600D+03       0.39135D-03       0.71804D-01       0.46541D+00       0.12361D+00
       0.19700D+03       0.39108D-03       0.38913D-01       0.46538D+00       0.12307D+00
       0.19800D+03       0.39084D-03       0.85580D-01       0.46539D+00       0.12311D+00
       0.19900D+03       0.39019D-03       0.26213D-03       0.46539D+00       0.12269D+00
       0.20000D+03       0.39025D-03       0.89890D-01       0.46539D+00       0.12226D+00
       0.20100D+03       0.39053D-03       0.41350D-01       0.46540D+00       0.12179D+00
       0.20200D+03       0.38982D-03       0.81406D-01       0.46537D+00       0.12173D+00
       0.20300D+03       0.38985D-03       0.53175D-01       0.46541D+00       0.12318D+00
       0.20400D+03       0.39045D-03       0.43051D-01       0.46538D+00       0.12275D+00
       0.20500D+03       0.39004D-03       0.78540D-01       0.46540D+00       0.12431D+00
       0.20600D+03       0.38836D-03       0.10528D-01       0.46538D+00       0.12613D+00
       0.20700D+03       0.39047D-03       0.10084D+00       0.46540D+00       0.12573D+00
       0.20800D+03       0.39104D-03       0.46355D-01       0.46539D+00       0.12528D+00
       0.20900D+03       0.38974D-03       0.10081D+00       0.46538D+00       0.12504D+00
       0.21000D+03       0.39157D-03       0.43648D-01       0.46541D+00       0.12449D+00
       0.21100D+03       0.39154D-03       0.61720D-01       0.46538D+00       0.12405D+00
       0.21200D+03       0.39094D-03       0.72946D-01       0.46540D+00       0.12560D+00
       0.21300D+03       0.38979D-03       0.31149D-01       0.46538D+00       0.12551D+00
       0.21400D+03       0.39194D-03       0.10496D+00       0.46540D+00       0.12509D+00
       0.21500D+03       0.39109D-03       0.46221D-01       0.46539D+00       0.12453D+00
       0.21600D+03       0.38993D-03       0.10480D+00       0.46538D+00       0.12433D+00
       0.21700D+03       0.39281D-03       0.26117D-01       0.46540D+00       0.12384D+00
       0.21800D+03       0.39139D-03       0.74963D-01       0.46539D+00       0.12341D+00
       0.21900D+03       0.39086D-03       0.57062D-01       0.46540D+00       0.12489D+00
       0.22000D+03       0.39111D-03       0.46182D-01       0.46538D+00       0.12487D+00
       0.22100D+03       0.39223D-03       0.97659D-01       0.46541D+00       0.12442D+00
       0.22200D+03       0.39137D-03       0.45872D-01       0.46539D+00       0.12389D+00
       0.22300D+03       0.39108D-03       0.98673D-01       0.46539D+00       0.12362D+00
       0.22400D+03       0.39351D-03       0.67727D-02       0.46540D+00       0.12314D+00
       0.22500D+03       0.39193D-03       0.79597D-01       0.46539D+00       0.12282D+00
       0.22600D+03       0.39172D-03       0.40234D-01       0.46540D+00       0.12419D+00
       0.22700D+03       0.39213D-03       0.56233D-01       0.46537D+00       0.12421D+00
       0.22800D+03       0.39171D-03       0.75263D-01       0.46541D+00       0.12552D+00
       0.22900D+03       0.39136D-03       0.39678D-01       0.46539D+00       0.12504D+00
       0.23000D+03       0.39124D-03       0.87078D-01       0.46539D+00       0.12469D+00
       0.23100D+03       0.39097D-03       0.19655D-04       0.46539D+00       0.12439D+00
       0.23200D+03       0.39070D-03       0.88265D-01       0.46539D+00       0.12400D+00
       0.23300D+03       0.39088D-03       0.40361D-01       0.46540D+00       0.12358D+00
       0.23400D+03       0.39040D-03       0.77909D-01       0.46537D+00       0.12352D+00
       0.23500D+03       0.39019D-03       0.54821D-01       0.46541D+00       0.12477D+00
       0.23600D+03       0.39066D-03       0.41310D-01       0.46538D+00       0.12439D+00
       0.23700D+03       0.39033D-03       0.79111D-01       0.46540D+00       0.12573D+00
       0.23800D+03       0.38890D-03       0.82947D-02       0.46539D+00       0.12729D+00
       0.23900D+03       0.39055D-03       0.99650D-01       0.46540D+00       0.12685D+00
       0.24000D+03       0.39100D-03       0.46136D-01       0.46539D+00       0.12641D+00
       0.24100D+03       0.38991D-03       0.99137D-01       0.46538D+00       0.12619D+00
       0.24200D+03       0.39133D-03       0.45157D-01       0.46541D+00       0.12572D+00
       0.24300D+03       0.39145D-03       0.59099D-01       0.46538D+00       0.12532D+00
       0.24400D+03       0.39095D-03       0.74177D-01       0.46540D+00       0.12666D+00
       0.24500D+03       0.38982D-03       0.28315D-01       0.46538D+00       0.12657D+00
       0.24600D+03       0.39180D-03       0.10494D+00       0.46540D+00       0.12620D+00
       0.24700D+03       0.39116D-03       0.46205D-01       0.46539D+00       0.12582D+00
       0.24800D+03       0.39008D-03       0.10496D+00       0.46538D+00       0.12552D+00
       0.24900D+03       0.39243D-03       0.29022D-01       0.46540D+00       0.12508D+00
       0.25000D+03       0.39132D-03       0.73895D-01       0.46539D+00       0.12470D+00
       0.25100D+03       0.39083D-03       0.59753D-01       0.46540D+00       0.12599D+00
       0.25200D+03       0.39092D-03       0.44803D-01       0.46538D+00       0.12596D+00
       0.25300D+03       0.39203D-03       0.99578D-01       0.46541D+00       0.12564D+00
       0.25400D+03       0.39128D-03       0.46203D-01       0.46539D+00       0.12517D+00
       0.25500D+03       0.39092D-03       0.99954D-01       0.46539D+00       0.12494D+00
       0.25600D+03       0.39325D-03       0.88214D-02       0.46540D+00       0.12455D+00
       0.25700D+03       0.39185D-03       0.78964D-01       0.46539D+00       0.12426D+00
       0.25800D+03       0.39157D-03       0.41706D-01       0.46540D+00       0.12546D+00
       0.25900D+03       0.39200D-03       0.54393D-01       0.46538D+00       0.12547D+00
       0.26000D+03       0.39181D-03       0.78772D-01       0.46541D+00       0.12661D+00
       0.26100D+03       0.39140D-03       0.40598D-01       0.46539D+00       0.12619D+00
       0.26200D+03       0.39133D-03       0.88660D-01       0.46539D+00       0.12588D+00
       0.26300D+03       0.39140D-03       0.53633D-04       0.46539D+00       0.12562D+00
       0.26400D+03       0.39091D-03       0.86701D-01       0.46539D+00       0.12530D+00
       0.26500D+03       0.39100D-03       0.39473D-01       0.46540D+00       0.12492D+00
       0.26600D+03       0.39069D-03       0.74405D-01       0.46538D+00       0.12487D+00
       0.26700D+03       0.39032D-03       0.56728D-01       0.46541D+00       0.12596D+00
       0.26800D+03       0.39067D-03       0.39929D-01       0.46538D+00       0.12562D+00
       0.26900D+03       0.39040D-03       0.79769D-01       0.46539D+00       0.12562D+00
       0.27000D+03       0.38922D-03       0.63081D-02       0.46539D+00       0.12566D+00
       0.27100D+03       0.39047D-03       0.98339D-01       0.46540D+00       0.12527D+00
       0.27200D+03       0.39097D-03       0.45766D-01       0.46539D+00       0.12488D+00
       0.27300D+03       0.39004D-03       0.97136D-01       0.46538D+00       0.12470D+00
       0.27400D+03       0.39113D-03       0.46498D-01       0.46540D+00       0.12427D+00
       0.27500D+03       0.39135D-03       0.56392D-01       0.46538D+00       0.12392D+00
       0.27600D+03       0.39093D-03       0.75195D-01       0.46540D+00       0.12507D+00
       0.27700D+03       0.38982D-03       0.25394D-01       0.46538D+00       0.12500D+00
       0.27800D+03       0.39151D-03       0.10473D+00       0.46540D+00       0.12470D+00
       0.27900D+03       0.39121D-03       0.46231D-01       0.46539D+00       0.12440D+00
       0.28000D+03       0.39024D-03       0.10494D+00       0.46538D+00       0.12414D+00
       0.28100D+03       0.39232D-03       0.31827D-01       0.46540D+00       0.12376D+00
       0.28200D+03       0.39147D-03       0.72608D-01       0.46539D+00       0.12342D+00
       0.28300D+03       0.39101D-03       0.62344D-01       0.46540D+00       0.12457D+00
       0.28400D+03       0.39097D-03       0.43247D-01       0.46538D+00       0.12454D+00
       0.28500D+03       0.39206D-03       0.10117D+00       0.46540D+00       0.12427D+00
       0.28600D+03       0.39139D-03       0.46389D-01       0.46539D+00       0.12386D+00
       0.28700D+03       0.39097D-03       0.10111D+00       0.46539D+00       0.12370D+00
       0.28800D+03       0.39331D-03       0.11112D-01       0.46540D+00       0.12341D+00
       0.28900D+03       0.39204D-03       0.78409D-01       0.46539D+00       0.12308D+00
       0.29000D+03       0.39177D-03       0.43530D-01       0.46540D+00       0.12415D+00
       0.29100D+03       0.39218D-03       0.52806D-01       0.46538D+00       0.12416D+00
       0.29200D+03       0.39219D-03       0.82255D-01       0.46541D+00       0.12518D+00
       0.29300D+03       0.39174D-03       0.41600D-01       0.46539D+00       0.12481D+00
       0.29400D+03       0.39169D-03       0.90295D-01       0.46539D+00       0.12454D+00
       0.29500D+03       0.39204D-03       0.36408D-03       0.46539D+00       0.12432D+00
       0.29600D+03       0.39139D-03       0.85229D-01       0.46539D+00       0.12399D+00
       0.29700D+03       0.39138D-03       0.38757D-01       0.46540D+00       0.12364D+00
       0.29800D+03       0.39121D-03       0.70971D-01       0.46538D+00       0.12338D+00
       0.29900D+03       0.39075D-03       0.58926D-01       0.46541D+00       0.12440D+00
       0.30000D+03       0.39098D-03       0.38934D-01       0.46539D+00       0.12407D+00
       0.30100D+03       0.39075D-03       0.80541D-01       0.46539D+00       0.12423D+00
       0.30200D+03       0.38967D-03       0.45832D-02       0.46539D+00       0.12417D+00
       0.30300D+03       0.39067D-03       0.96916D-01       0.46540D+00       0.12385D+00
       0.30400D+03       0.39117D-03       0.45232D-01       0.46539D+00       0.12354D+00
       0.30500D+03       0.39038D-03       0.94809D-01       0.46538D+00       0.12338D+00
       0.30600D+03       0.39121D-03       0.47716D-01       0.46540D+00       0.12300D+00
       0.30700D+03       0.39150D-03       0.53657D-01       0.46538D+00       0.12269D+00
       0.30800D+03       0.39114D-03       0.76029D-01       0.46540D+00       0.12373D+00
       0.30900D+03       0.39004D-03       0.22441D-01       0.46538D+00       0.12355D+00
       0.31000D+03       0.39161D-03       0.10435D+00       0.46540D+00       0.12326D+00
       0.31100D+03       0.39147D-03       0.46291D-01       0.46539D+00       0.12300D+00
       0.31200D+03       0.39058D-03       0.10471D+00       0.46538D+00       0.12278D+00
       0.31300D+03       0.39232D-03       0.34483D-01       0.46540D+00       0.12241D+00
       0.31400D+03       0.39167D-03       0.71085D-01       0.46539D+00       0.12211D+00
       0.31500D+03       0.39125D-03       0.64785D-01       0.46540D+00       0.12315D+00
       0.31600D+03       0.39108D-03       0.41479D-01       0.46538D+00       0.12313D+00
       0.31700D+03       0.39214D-03       0.10246D+00       0.46540D+00       0.12289D+00
       0.31800D+03       0.39154D-03       0.46457D-01       0.46539D+00       0.12253D+00
       0.31900D+03       0.39109D-03       0.10212D+00       0.46539D+00       0.12237D+00
       0.32000D+03       0.39324D-03       0.13618D-01       0.46540D+00       0.12210D+00
       0.32100D+03       0.39208D-03       0.77892D-01       0.46539D+00       0.12180D+00
       0.32200D+03       0.39181D-03       0.45661D-01       0.46540D+00       0.12277D+00
       0.32300D+03       0.39219D-03       0.51422D-01       0.46538D+00       0.12278D+00
       0.32400D+03       0.39237D-03       0.85632D-01       0.46540D+00       0.12371D+00
       0.32500D+03       0.39190D-03       0.42613D-01       0.46539D+00       0.12338D+00
       0.32600D+03       0.39185D-03       0.91950D-01       0.46539D+00       0.12314D+00
       0.32700D+03       0.39243D-03       0.95148D-03       0.46539D+00       0.12294D+00
       0.32800D+03       0.39167D-03       0.83873D-01       0.46539D+00       0.12265D+00
       0.32900D+03       0.39163D-03       0.38282D-01       0.46540D+00       0.12234D+00
       0.33000D+03       0.39156D-03       0.67681D-01       0.46538D+00       0.12237D+00
       0.33100D+03       0.39107D-03       0.61424D-01       0.46540D+00       0.12330D+00
       0.33200D+03       0.39120D-03       0.38331D-01       0.46539D+00       0.12300D+00
       0.33300D+03       0.39100D-03       0.81449D-01       0.46539D+00       0.12315D+00
       0.33400D+03       0.39009D-03       0.31291D-02       0.46539D+00       0.12310D+00
       0.33500D+03       0.39078D-03       0.95397D-01       0.46539D+00       0.12282D+00
       0.33600D+03       0.39124D-03       0.44536D-01       0.46539D+00       0.12254D+00
       0.33700D+03       0.39057D-03       0.92166D-01       0.46538D+00       0.12239D+00
       0.33800D+03       0.39117D-03       0.48871D-01       0.46540D+00       0.12326D+00
       0.33900D+03       0.39151D-03       0.50960D-01       0.46539D+00       0.12301D+00
       0.34000D+03       0.39120D-03       0.76716D-01       0.46540D+00       0.12395D+00
       0.34100D+03       0.39017D-03       0.19515D-01       0.46539D+00       0.12379D+00
       0.34200D+03       0.39161D-03       0.10381D+00       0.46540D+00       0.12353D+00
       0.34300D+03       0.39160D-03       0.46368D-01       0.46539D+00       0.12327D+00
       0.34400D+03       0.39078D-03       0.10426D+00       0.46538D+00       0.12307D+00
       0.34500D+03       0.39224D-03       0.36952D-01       0.46540D+00       0.12275D+00
       0.34600D+03       0.39178D-03       0.69320D-01       0.46539D+00       0.12247D+00
       0.34700D+03       0.39139D-03       0.67036D-01       0.46540D+00       0.12341D+00
       0.34800D+03       0.39110D-03       0.39485D-01       0.46538D+00       0.12338D+00
       0.34900D+03       0.39216D-03       0.10345D+00       0.46540D+00       0.12318D+00
       0.35000D+03       0.39163D-03       0.46441D-01       0.46539D+00       0.12284D+00
       0.35100D+03       0.39113D-03       0.10300D+00       0.46539D+00       0.12270D+00
       0.35200D+03       0.39311D-03       0.16307D-01       0.46540D+00       0.12246D+00
       0.35300D+03       0.39205D-03       0.77370D-01       0.46539D+00       0.12215D+00
       0.35400D+03       0.39179D-03       0.48044D-01       0.46540D+00       0.12303D+00
       0.35500D+03       0.39213D-03       0.50182D-01       0.46538D+00       0.12303D+00
       0.35600D+03       0.39244D-03       0.88832D-01       0.46540D+00       0.12387D+00
       0.35700D+03       0.39197D-03       0.43575D-01       0.46539D+00       0.12356D+00
       0.35800D+03       0.39191D-03       0.93592D-01       0.46539D+00       0.12337D+00
       0.35900D+03       0.39280D-03       0.18163D-02       0.46539D+00       0.12318D+00
       0.36000D+03       0.39197D-03       0.82653D-01       0.46539D+00       0.12293D+00
       0.36100D+03       0.39189D-03       0.38107D-01       0.46540D+00       0.12265D+00
       0.36200D+03       0.39191D-03       0.64599D-01       0.46538D+00       0.12268D+00
       0.36300D+03       0.39144D-03       0.64212D-01       0.46540D+00       0.12353D+00
       0.36400D+03       0.39147D-03       0.38109D-01       0.46539D+00       0.12325D+00
       0.36500D+03       0.39131D-03       0.82503D-01       0.46539D+00       0.12339D+00
       0.36600D+03       0.39057D-03       0.19505D-02       0.46539D+00       0.12329D+00
       0.36700D+03       0.39111D-03       0.93806D-01       0.46539D+00       0.12302D+00
       0.36800D+03       0.39140D-03       0.43694D-01       0.46539D+00       0.12276D+00
       0.36900D+03       0.39085D-03       0.89236D-01       0.46538D+00       0.12263D+00
       0.37000D+03       0.39124D-03       0.50027D-01       0.46540D+00       0.12342D+00
       0.37100D+03       0.39157D-03       0.48372D-01       0.46539D+00       0.12319D+00
       0.37200D+03       0.39131D-03       0.77299D-01       0.46540D+00       0.12405D+00
       0.37300D+03       0.39035D-03       0.16672D-01       0.46539D+00       0.12390D+00
       0.37400D+03       0.39165D-03       0.10310D+00       0.46540D+00       0.12367D+00
       0.37500D+03       0.39174D-03       0.46435D-01       0.46539D+00       0.12342D+00
       0.37600D+03       0.39099D-03       0.10356D+00       0.46538D+00       0.12325D+00
       0.37700D+03       0.39223D-03       0.39205D-01       0.46540D+00       0.12295D+00
       0.37800D+03       0.39195D-03       0.67316D-01       0.46539D+00       0.12271D+00
       0.37900D+03       0.39160D-03       0.69070D-01       0.46540D+00       0.12358D+00
       0.38000D+03       0.39119D-03       0.37260D-01       0.46538D+00       0.12355D+00
       0.38100D+03       0.39223D-03       0.10418D+00       0.46540D+00       0.12327D+00
       0.38200D+03       0.39176D-03       0.46378D-01       0.46539D+00       0.12297D+00
       0.38300D+03       0.39125D-03       0.10372D+00       0.46539D+00       0.12284D+00
       0.38400D+03       0.39305D-03       0.19136D-01       0.46540D+00       0.12261D+00
       0.38500D+03       0.39209D-03       0.76797D-01       0.46539D+00       0.12232D+00
       0.38600D+03       0.39183D-03       0.50613D-01       0.46540D+00       0.12313D+00
       0.38700D+03       0.39213D-03       0.49021D-01       0.46538D+00       0.12313D+00
       0.38800D+03       0.39255D-03       0.91797D-01       0.46540D+00       0.12390D+00
       0.38900D+03       0.39208D-03       0.44433D-01       0.46539D+00       0.12361D+00
       0.39000D+03       0.39200D-03       0.95192D-01       0.46539D+00       0.12345D+00
       0.39100D+03       0.39303D-03       0.29586D-02       0.46539D+00       0.12326D+00
       0.39200D+03       0.39220D-03       0.81579D-01       0.46539D+00       0.12306D+00
       0.39300D+03       0.39209D-03       0.38280D-01       0.46540D+00       0.12295D+00
       0.39400D+03       0.39218D-03       0.61774D-01       0.46538D+00       0.12298D+00
       0.39500D+03       0.39176D-03       0.67263D-01       0.46540D+00       0.12375D+00
       0.39600D+03       0.39173D-03       0.38241D-01       0.46539D+00       0.12350D+00
       0.39700D+03       0.39159D-03       0.83705D-01       0.46539D+00       0.12352D+00
       0.39800D+03       0.39105D-03       0.10492D-02       0.46539D+00       0.12331D+00
       0.39900D+03       0.39135D-03       0.92167D-01       0.46539D+00       0.12310D+00
       0.40000D+03       0.39159D-03       0.42744D-01       0.46539D+00       0.12286D+00
       0.40100D+03       0.39113D-03       0.86063D-01       0.46538D+00       0.12283D+00
       0.40200D+03       0.39135D-03       0.51252D-01       0.46540D+00       0.12356D+00
       0.40300D+03       0.39166D-03       0.45961D-01       0.46539D+00       0.12334D+00
       0.40400D+03       0.39143D-03       0.77825D-01       0.46539D+00       0.12413D+00
       0.40500D+03       0.39054D-03       0.13962D-01       0.46539D+00       0.12407D+00
       0.40600D+03       0.39170D-03       0.10225D+00       0.46540D+00       0.12386D+00
       0.40700D+03       0.39187D-03       0.46459D-01       0.46539D+00       0.12363D+00
       0.40800D+03       0.39119D-03       0.10261D+00       0.46538D+00       0.12347D+00
       0.40900D+03       0.39224D-03       0.41231D-01       0.46540D+00       0.12320D+00
       0.41000D+03       0.39209D-03       0.65092D-01       0.46539D+00       0.12298D+00
       0.41100D+03       0.39177D-03       0.70867D-01       0.46540D+00       0.12377D+00
       0.41200D+03       0.39129D-03       0.34818D-01       0.46538D+00       0.12374D+00
       0.41300D+03       0.39231D-03       0.10466D+00       0.46540D+00       0.12347D+00
       0.41400D+03       0.39192D-03       0.46301D-01       0.46539D+00       0.12318D+00
       0.41500D+03       0.39138D-03       0.10429D+00       0.46539D+00       0.12314D+00
       0.41600D+03       0.39300D-03       0.22054D-01       0.46540D+00       0.12295D+00
       0.41700D+03       0.39215D-03       0.76126D-01       0.46539D+00       0.12271D+00
       0.41800D+03       0.39189D-03       0.53299D-01       0.46540D+00       0.12346D+00
       0.41900D+03       0.39211D-03       0.47870D-01       0.46538D+00       0.12346D+00
       0.42000D+03       0.39256D-03       0.94479D-01       0.46540D+00       0.12322D+00
       0.42100D+03       0.39214D-03       0.45150D-01       0.46539D+00       0.12295D+00
       0.42200D+03       0.39204D-03       0.96721D-01       0.46539D+00       0.12280D+00
       0.42300D+03       0.39318D-03       0.43767D-02       0.46539D+00       0.12259D+00
       0.42400D+03       0.39234D-03       0.80652D-01       0.46539D+00       0.12241D+00
       0.42500D+03       0.39225D-03       0.38832D-01       0.46540D+00       0.12231D+00
       0.42600D+03       0.39240D-03       0.59237D-01       0.46538D+00       0.12233D+00
       0.42700D+03       0.39206D-03       0.70529D-01       0.46540D+00       0.12305D+00
       0.42800D+03       0.39196D-03       0.38679D-01       0.46539D+00       0.12282D+00
       0.42900D+03       0.39184D-03       0.85043D-01       0.46539D+00       0.12284D+00
       0.43000D+03       0.39148D-03       0.42541D-03       0.46539D+00       0.12265D+00
       0.43100D+03       0.39158D-03       0.90512D-01       0.46539D+00       0.12245D+00
       0.43200D+03       0.39171D-03       0.41734D-01       0.46539D+00       0.12223D+00
       0.43300D+03       0.39135D-03       0.82706D-01       0.46538D+00       0.12220D+00
       0.43400D+03       0.39141D-03       0.52613D-01       0.46540D+00       0.12288D+00
       0.43500D+03       0.39170D-03       0.43793D-01       0.46539D+00       0.12268D+00
       0.43600D+03       0.39150D-03       0.78340D-01       0.46539D+00       0.12341D+00
       0.43700D+03       0.39069D-03       0.11429D-01       0.46539D+00       0.12335D+00
       0.43800D+03       0.39171D-03       0.10125D+00       0.46540D+00       0.12316D+00
       0.43900D+03       0.39195D-03       0.46404D-01       0.46539D+00       0.12296D+00
       0.44000D+03       0.39133D-03       0.10136D+00       0.46538D+00       0.12276D+00
       0.44100D+03       0.39223D-03       0.43027D-01       0.46540D+00       0.12251D+00
       0.44200D+03       0.39218D-03       0.62674D-01       0.46539D+00       0.12231D+00
       0.44300D+03       0.39188D-03       0.72422D-01       0.46540D+00       0.12305D+00
       0.44400D+03       0.39136D-03       0.32185D-01       0.46539D+00       0.12302D+00
       0.44500D+03       0.39237D-03       0.10492D+00       0.46540D+00       0.12282D+00
       0.44600D+03       0.39204D-03       0.46237D-01       0.46539D+00       0.12255D+00
       0.44700D+03       0.39150D-03       0.10469D+00       0.46539D+00       0.12251D+00
       0.44800D+03       0.39291D-03       0.25007D-01       0.46540D+00       0.12234D+00
       0.44900D+03       0.39220D-03       0.75314D-01       0.46539D+00       0.12213D+00
       0.45000D+03       0.39194D-03       0.56033D-01       0.46540D+00       0.12283D+00
       0.45100D+03       0.39209D-03       0.46664D-01       0.46538D+00       0.12283D+00
       0.45200D+03       0.39260D-03       0.96849D-01       0.46540D+00       0.12261D+00
       0.45300D+03       0.39218D-03       0.45706D-01       0.46539D+00       0.12236D+00
       0.45400D+03       0.39205D-03       0.98158D-01       0.46539D+00       0.12222D+00
       0.45500D+03       0.39320D-03       0.60664D-02       0.46539D+00       0.12200D+00
       0.45600D+03       0.39244D-03       0.79863D-01       0.46539D+00       0.12184D+00
       0.45700D+03       0.39234D-03       0.39776D-01       0.46540D+00       0.12177D+00
       0.45800D+03       0.39252D-03       0.57000D-01       0.46538D+00       0.12179D+00
       0.45900D+03       0.39228D-03       0.73948D-01       0.46540D+00       0.12244D+00
       0.46000D+03       0.39212D-03       0.39368D-01       0.46539D+00       0.12221D+00
       0.46100D+03       0.39204D-03       0.86502D-01       0.46539D+00       0.12218D+00
       0.46200D+03       0.39185D-03       0.78623D-04       0.46539D+00       0.12204D+00
       0.46300D+03       0.39177D-03       0.88872D-01       0.46539D+00       0.12185D+00
       0.46400D+03       0.39187D-03       0.40726D-01       0.46539D+00       0.12165D+00
       0.46500D+03       0.39160D-03       0.79233D-01       0.46538D+00       0.12162D+00
       0.46600D+03       0.39153D-03       0.54172D-01       0.46540D+00       0.12226D+00
       0.46700D+03       0.39178D-03       0.41926D-01       0.46539D+00       0.12207D+00
       0.46800D+03       0.39161D-03       0.78888D-01       0.46539D+00       0.12275D+00
       0.46900D+03       0.39086D-03       0.91089D-02       0.46539D+00       0.12355D+00
       0.47000D+03       0.39174D-03       0.10011D+00       0.46539D+00       0.12334D+00
       0.47100D+03       0.39194D-03       0.46235D-01       0.46539D+00       0.12313D+00
       0.47200D+03       0.39137D-03       0.99806D-01       0.46538D+00       0.12303D+00
       0.47300D+03       0.39213D-03       0.44610D-01       0.46540D+00       0.12279D+00
       0.47400D+03       0.39216D-03       0.60101D-01       0.46539D+00       0.12259D+00
       0.47500D+03       0.39190D-03       0.73739D-01       0.46540D+00       0.12329D+00
       0.47600D+03       0.39133D-03       0.29397D-01       0.46539D+00       0.12325D+00
       0.47700D+03       0.39233D-03       0.10497D+00       0.46540D+00       0.12307D+00
       0.47800D+03       0.39198D-03       0.46206D-01       0.46539D+00       0.12282D+00
       0.47900D+03       0.39143D-03       0.10492D+00       0.46539D+00       0.12273D+00
       0.48000D+03       0.39268D-03       0.27935D-01       0.46540D+00       0.12251D+00
       0.48100D+03       0.39208D-03       0.74323D-01       0.46539D+00       0.12231D+00
       0.48200D+03       0.39183D-03       0.58747D-01       0.46540D+00       0.12299D+00
       0.48300D+03       0.39190D-03       0.45342D-01       0.46538D+00       0.12298D+00
       0.48400D+03       0.39245D-03       0.98893D-01       0.46540D+00       0.12282D+00
       0.48500D+03       0.39206D-03       0.46097D-01       0.46539D+00       0.12258D+00
       0.48600D+03       0.39189D-03       0.99485D-01       0.46539D+00       0.12246D+00
       0.48700D+03       0.39308D-03       0.80194D-02       0.46540D+00       0.12224D+00
       0.48800D+03       0.39232D-03       0.79192D-01       0.46539D+00       0.12209D+00
       0.48900D+03       0.39221D-03       0.41107D-01       0.46540D+00       0.12273D+00
       0.49000D+03       0.39242D-03       0.55055D-01       0.46538D+00       0.12274D+00
       0.49100D+03       0.39229D-03       0.77448D-01       0.46540D+00       0.12335D+00
       0.49200D+03       0.39209D-03       0.40238D-01       0.46539D+00       0.12313D+00
       0.49300D+03       0.39205D-03       0.88055D-01       0.46539D+00       0.12298D+00
       0.49400D+03       0.39202D-03       0.83483D-05       0.46539D+00       0.12285D+00
       0.49500D+03       0.39180D-03       0.87282D-01       0.46539D+00       0.12266D+00
       0.49600D+03       0.39186D-03       0.39792D-01       0.46539D+00       0.12246D+00
       0.49700D+03       0.39167D-03       0.75722D-01       0.46538D+00       0.12244D+00
       0.49800D+03       0.39150D-03       0.55976D-01       0.46540D+00       0.12303D+00
       0.49900D+03       0.39170D-03       0.40406D-01       0.46539D+00       0.12285D+00
       0.50000D+03       0.39155D-03       0.79509D-01       0.46539D+00       0.12349D+00
       0.50100D+03       0.39090D-03       0.70272D-02       0.46539D+00       0.12423D+00
       0.50200D+03       0.39161D-03       0.98848D-01       0.46539D+00       0.12402D+00
       0.50300D+03       0.39186D-03       0.45925D-01       0.46539D+00       0.12381D+00
       0.50400D+03       0.39135D-03       0.97930D-01       0.46538D+00       0.12372D+00
       0.50500D+03       0.39197D-03       0.46009D-01       0.46540D+00       0.12348D+00
       0.50600D+03       0.39207D-03       0.57419D-01       0.46539D+00       0.12330D+00
       0.50700D+03       0.39184D-03       0.74835D-01       0.46539D+00       0.12395D+00
       0.50800D+03       0.39125D-03       0.26502D-01       0.46539D+00       0.12391D+00
       0.50900D+03       0.39224D-03       0.10483D+00       0.46540D+00       0.12375D+00
       0.51000D+03       0.39197D-03       0.46217D-01       0.46539D+00       0.12357D+00
       0.51100D+03       0.39142D-03       0.10497D+00       0.46539D+00       0.12343D+00
       0.51200D+03       0.39252D-03       0.30784D-01       0.46540D+00       0.12323D+00
       0.51300D+03       0.39202D-03       0.73121D-01       0.46539D+00       0.12304D+00
       0.51400D+03       0.39177D-03       0.61382D-01       0.46540D+00       0.12367D+00
       0.51500D+03       0.39177D-03       0.43857D-01       0.46539D+00       0.12366D+00
       0.51600D+03       0.39235D-03       0.10061D+00       0.46540D+00       0.12351D+00
       0.51700D+03       0.39198D-03       0.46334D-01       0.46539D+00       0.12329D+00
       0.51800D+03       0.39177D-03       0.10069D+00       0.46539D+00       0.12320D+00
       0.51900D+03       0.39304D-03       0.10221D-01       0.46540D+00       0.12304D+00
       0.52000D+03       0.39235D-03       0.78612D-01       0.46539D+00       0.12292D+00
       0.52100D+03       0.39220D-03       0.42803D-01       0.46540D+00       0.12351D+00
       0.52200D+03       0.39242D-03       0.53378D-01       0.46538D+00       0.12352D+00
       0.52300D+03       0.39239D-03       0.80950D-01       0.46540D+00       0.12409D+00
       0.52400D+03       0.39216D-03       0.41217D-01       0.46539D+00       0.12389D+00
       0.52500D+03       0.39213D-03       0.89674D-01       0.46539D+00       0.12374D+00
       0.52600D+03       0.39226D-03       0.21451D-03       0.46539D+00       0.12361D+00
       0.52700D+03       0.39193D-03       0.85771D-01       0.46539D+00       0.12343D+00
       0.52800D+03       0.39194D-03       0.39002D-01       0.46539D+00       0.12324D+00
       0.52900D+03       0.39182D-03       0.72252D-01       0.46538D+00       0.12309D+00
       0.53000D+03       0.39158D-03       0.58062D-01       0.46540D+00       0.12365D+00
       0.53100D+03       0.39172D-03       0.39263D-01       0.46539D+00       0.12346D+00
       0.53200D+03       0.39159D-03       0.80235D-01       0.46539D+00       0.12355D+00
       0.53300D+03       0.39096D-03       0.52023D-02       0.46539D+00       0.12352D+00
       0.53400D+03       0.39157D-03       0.97465D-01       0.46539D+00       0.12334D+00
       0.53500D+03       0.39184D-03       0.45453D-01       0.46539D+00       0.12316D+00
       0.53600D+03       0.39138D-03       0.95725D-01       0.46538D+00       0.12307D+00
       0.53700D+03       0.39188D-03       0.47268D-01       0.46540D+00       0.12285D+00
       0.53800D+03       0.39202D-03       0.54687D-01       0.46539D+00       0.12268D+00
       0.53900D+03       0.39181D-03       0.75734D-01       0.46539D+00       0.12327D+00
       0.54000D+03       0.39122D-03       0.23555D-01       0.46539D+00       0.12323D+00
       0.54100D+03       0.39210D-03       0.10452D+00       0.46540D+00       0.12311D+00
       0.54200D+03       0.39199D-03       0.46265D-01       0.46539D+00       0.12296D+00
       0.54300D+03       0.39148D-03       0.10482D+00       0.46539D+00       0.12283D+00
       0.54400D+03       0.39251D-03       0.33501D-01       0.46540D+00       0.12263D+00
       0.54500D+03       0.39211D-03       0.71688D-01       0.46539D+00       0.12245D+00
       0.54600D+03       0.39187D-03       0.63885D-01       0.46540D+00       0.12305D+00
       0.54700D+03       0.39180D-03       0.42172D-01       0.46539D+00       0.12304D+00
       0.54800D+03       0.39239D-03       0.10201D+00       0.46540D+00       0.12290D+00
       0.54900D+03       0.39204D-03       0.46443D-01       0.46539D+00       0.12269D+00
       0.55000D+03       0.39179D-03       0.10176D+00       0.46539D+00       0.12260D+00
       0.55100D+03       0.39303D-03       0.12650D-01       0.46540D+00       0.12244D+00
       0.55200D+03       0.39236D-03       0.78085D-01       0.46539D+00       0.12227D+00
       0.55300D+03       0.39221D-03       0.44825D-01       0.46540D+00       0.12284D+00
       0.55400D+03       0.39243D-03       0.51923D-01       0.46539D+00       0.12284D+00
       0.55500D+03       0.39249D-03       0.84375D-01       0.46540D+00       0.12338D+00
       0.55600D+03       0.39223D-03       0.42234D-01       0.46539D+00       0.12319D+00
       0.55700D+03       0.39221D-03       0.91325D-01       0.46539D+00       0.12305D+00
       0.55800D+03       0.39249D-03       0.69742D-03       0.46539D+00       0.12293D+00
       0.55900D+03       0.39208D-03       0.84369D-01       0.46539D+00       0.12276D+00
       0.56000D+03       0.39206D-03       0.38429D-01       0.46539D+00       0.12258D+00
       0.56100D+03       0.39200D-03       0.68900D-01       0.46538D+00       0.12260D+00
       0.56200D+03       0.39172D-03       0.60446D-01       0.46540D+00       0.12315D+00
       0.56300D+03       0.39181D-03       0.38512D-01       0.46539D+00       0.12297D+00
       0.56400D+03       0.39169D-03       0.81090D-01       0.46539D+00       0.12306D+00
       0.56500D+03       0.39113D-03       0.36452D-02       0.46539D+00       0.12303D+00
       0.56600D+03       0.39158D-03       0.95980D-01       0.46539D+00       0.12286D+00
       0.56700D+03       0.39185D-03       0.44817D-01       0.46539D+00       0.12270D+00
       0.56800D+03       0.39144D-03       0.93198D-01       0.46539D+00       0.12261D+00
       0.56900D+03       0.39183D-03       0.48439D-01       0.46540D+00       0.12310D+00
       0.57000D+03       0.39202D-03       0.51968D-01       0.46539D+00       0.12295D+00
       0.57100D+03       0.39184D-03       0.76471D-01       0.46539D+00       0.12352D+00
       0.57200D+03       0.39122D-03       0.20612D-01       0.46539D+00       0.12342D+00
       0.57300D+03       0.39208D-03       0.10403D+00       0.46540D+00       0.12326D+00
       0.57400D+03       0.39205D-03       0.46338D-01       0.46539D+00       0.12312D+00
       0.57500D+03       0.39156D-03       0.10445D+00       0.46539D+00       0.12301D+00
       0.57600D+03       0.39246D-03       0.36045D-01       0.46540D+00       0.12281D+00
       0.57700D+03       0.39215D-03       0.70014D-01       0.46539D+00       0.12264D+00
       0.57800D+03       0.39192D-03       0.66212D-01       0.46540D+00       0.12321D+00
       0.57900D+03       0.39178D-03       0.40264D-01       0.46539D+00       0.12319D+00
       0.58000D+03       0.39239D-03       0.10311D+00       0.46540D+00       0.12307D+00
       0.58100D+03       0.39207D-03       0.46454D-01       0.46539D+00       0.12287D+00
       0.58200D+03       0.39179D-03       0.10269D+00       0.46539D+00       0.12278D+00
       0.58300D+03       0.39298D-03       0.15274D-01       0.46540D+00       0.12263D+00
       0.58400D+03       0.39234D-03       0.77571D-01       0.46539D+00       0.12247D+00
       0.58500D+03       0.39219D-03       0.47120D-01       0.46540D+00       0.12300D+00
       0.58600D+03       0.39239D-03       0.50637D-01       0.46539D+00       0.12300D+00
       0.58700D+03       0.39255D-03       0.87650D-01       0.46540D+00       0.12352D+00
       0.58800D+03       0.39227D-03       0.43222D-01       0.46539D+00       0.12332D+00
       0.58900D+03       0.39224D-03       0.92976D-01       0.46539D+00       0.12321D+00
       0.59000D+03       0.39272D-03       0.14576D-02       0.46539D+00       0.12309D+00
       0.59100D+03       0.39225D-03       0.83096D-01       0.46539D+00       0.12293D+00
       0.59200D+03       0.39220D-03       0.38135D-01       0.46539D+00       0.12276D+00
       0.59300D+03       0.39219D-03       0.65733D-01       0.46539D+00       0.12277D+00
       0.59400D+03       0.39191D-03       0.63128D-01       0.46540D+00       0.12329D+00
       0.59500D+03       0.39195D-03       0.38150D-01       0.46539D+00       0.12312D+00
       0.59600D+03       0.39184D-03       0.82088D-01       0.46539D+00       0.12321D+00
       0.59700D+03       0.39135D-03       0.23624D-02       0.46539D+00       0.12318D+00
       0.59800D+03       0.39166D-03       0.94413D-01       0.46539D+00       0.12301D+00
       0.59900D+03       0.39192D-03       0.44027D-01       0.46539D+00       0.12286D+00
       0.60000D+03       0.39156D-03       0.90372D-01       0.46539D+00       0.12277D+00
       0.60100D+03       0.39184D-03       0.49587D-01       0.46540D+00       0.12326D+00
       0.60200D+03       0.39204D-03       0.49331D-01       0.46539D+00       0.12312D+00
       0.60300D+03       0.39188D-03       0.77088D-01       0.46539D+00       0.12365D+00
       0.60400D+03       0.39128D-03       0.17731D-01       0.46539D+00       0.12356D+00
       0.60500D+03       0.39209D-03       0.10339D+00       0.46540D+00       0.12338D+00
       0.60600D+03       0.39212D-03       0.46412D-01       0.46539D+00       0.12323D+00
       0.60700D+03       0.39166D-03       0.10385D+00       0.46539D+00       0.12312D+00
       0.60800D+03       0.39245D-03       0.38382D-01       0.46540D+00       0.12293D+00
       0.60900D+03       0.39225D-03       0.68099D-01       0.46539D+00       0.12279D+00
       0.61000D+03       0.39203D-03       0.68330D-01       0.46540D+00       0.12332D+00
       0.61100D+03       0.39182D-03       0.38126D-01       0.46539D+00       0.12331D+00
       0.61200D+03       0.39245D-03       0.10394D+00       0.46540D+00       0.12318D+00
       0.61300D+03       0.39215D-03       0.46405D-01       0.46539D+00       0.12298D+00
       0.61400D+03       0.39185D-03       0.10347D+00       0.46539D+00       0.12291D+00
       0.61500D+03       0.39298D-03       0.18056D-01       0.46540D+00       0.12276D+00
       0.61600D+03       0.39237D-03       0.77022D-01       0.46539D+00       0.12258D+00
       0.61700D+03       0.39221D-03       0.49626D-01       0.46540D+00       0.12308D+00
       0.61800D+03       0.39241D-03       0.49454D-01       0.46539D+00       0.12308D+00
       0.61900D+03       0.39264D-03       0.90710D-01       0.46540D+00       0.12357D+00
       0.62000D+03       0.39235D-03       0.44124D-01       0.46539D+00       0.12339D+00
       0.62100D+03       0.39231D-03       0.94596D-01       0.46539D+00       0.12328D+00
       0.62200D+03       0.39291D-03       0.24953D-02       0.46539D+00       0.12317D+00
       0.62300D+03       0.39240D-03       0.81967D-01       0.46539D+00       0.12304D+00
       0.62400D+03       0.39234D-03       0.38172D-01       0.46539D+00       0.12298D+00
       0.62500D+03       0.39238D-03       0.62807D-01       0.46539D+00       0.12299D+00
       0.62600D+03       0.39211D-03       0.66085D-01       0.46540D+00       0.12348D+00
       0.62700D+03       0.39210D-03       0.38152D-01       0.46539D+00       0.12332D+00
       0.62800D+03       0.39201D-03       0.83235D-01       0.46539D+00       0.12333D+00
       0.62900D+03       0.39163D-03       0.13565D-02       0.46539D+00       0.12320D+00
       0.63000D+03       0.39187D-03       0.92788D-01       0.46539D+00       0.12307D+00
       0.63100D+03       0.39201D-03       0.43112D-01       0.46539D+00       0.12292D+00
       0.63200D+03       0.39171D-03       0.87285D-01       0.46539D+00       0.12284D+00
       0.63300D+03       0.39188D-03       0.50778D-01       0.46540D+00       0.12330D+00
       0.63400D+03       0.39208D-03       0.46845D-01       0.46539D+00       0.12317D+00
       0.63500D+03       0.39193D-03       0.77630D-01       0.46539D+00       0.12367D+00
       0.63600D+03       0.39136D-03       0.14965D-01       0.46539D+00       0.12363D+00
       0.63700D+03       0.39211D-03       0.10259D+00       0.46539D+00       0.12350D+00
       0.63800D+03       0.39220D-03       0.46457D-01       0.46539D+00       0.12335D+00
       0.63900D+03       0.39176D-03       0.10300D+00       0.46539D+00       0.12325D+00
       0.64000D+03       0.39245D-03       0.40494D-01       0.46540D+00       0.12307D+00
       0.64100D+03       0.39233D-03       0.65955D-01       0.46539D+00       0.12293D+00
       0.64200D+03       0.39212D-03       0.70218D-01       0.46539D+00       0.12345D+00
       0.64300D+03       0.39184D-03       0.35764D-01       0.46539D+00       0.12343D+00
       0.64400D+03       0.39248D-03       0.10451D+00       0.46540D+00       0.12325D+00
       0.64500D+03       0.39222D-03       0.46329D-01       0.46539D+00       0.12307D+00
       0.64600D+03       0.39189D-03       0.10409D+00       0.46539D+00       0.12304D+00
       0.64700D+03       0.39294D-03       0.20947D-01       0.46540D+00       0.12292D+00
       0.64800D+03       0.39238D-03       0.76394D-01       0.46539D+00       0.12275D+00
       0.64900D+03       0.39222D-03       0.52277D-01       0.46540D+00       0.12323D+00
       0.65000D+03       0.39237D-03       0.48307D-01       0.46539D+00       0.12323D+00
       0.65100D+03       0.39264D-03       0.93503D-01       0.46540D+00       0.12367D+00
       0.65200D+03       0.39237D-03       0.44898D-01       0.46539D+00       0.12349D+00
       0.65300D+03       0.39232D-03       0.96154D-01       0.46539D+00       0.12339D+00
       0.65400D+03       0.39301D-03       0.38097D-02       0.46539D+00       0.12326D+00
       0.65500D+03       0.39248D-03       0.80985D-01       0.46539D+00       0.12313D+00
       0.65600D+03       0.39240D-03       0.38578D-01       0.46539D+00       0.12307D+00
       0.65700D+03       0.39248D-03       0.60158D-01       0.46539D+00       0.12308D+00
       0.65800D+03       0.39225D-03       0.69276D-01       0.46540D+00       0.12355D+00
       0.65900D+03       0.39220D-03       0.38481D-01       0.46539D+00       0.12340D+00
       0.66000D+03       0.39212D-03       0.84523D-01       0.46539D+00       0.12341D+00
       0.66100D+03       0.39185D-03       0.62810D-03       0.46539D+00       0.12329D+00
       0.66200D+03       0.39195D-03       0.91136D-01       0.46539D+00       0.12316D+00
       0.66300D+03       0.39204D-03       0.42118D-01       0.46539D+00       0.12301D+00
       0.66400D+03       0.39179D-03       0.83989D-01       0.46539D+00       0.12299D+00
       0.66500D+03       0.39187D-03       0.52080D-01       0.46540D+00       0.12343D+00
       0.66600D+03       0.39205D-03       0.44578D-01       0.46539D+00       0.12330D+00
       0.66700D+03       0.39192D-03       0.78144D-01       0.46539D+00       0.12378D+00
       0.66800D+03       0.39138D-03       0.12361D-01       0.46539D+00       0.12374D+00
       0.66900D+03       0.39207D-03       0.10164D+00       0.46539D+00       0.12362D+00
       0.67000D+03       0.39220D-03       0.46436D-01       0.46539D+00       0.12348D+00
       0.67100D+03       0.39179D-03       0.10186D+00       0.46539D+00       0.12338D+00
       0.67200D+03       0.39240D-03       0.42376D-01       0.46540D+00       0.12321D+00
       0.67300D+03       0.39234D-03       0.63607D-01       0.46539D+00       0.12308D+00
       0.67400D+03       0.39215D-03       0.71864D-01       0.46539D+00       0.12357D+00
       0.67500D+03       0.39182D-03       0.33198D-01       0.46539D+00       0.12355D+00
       0.67600D+03       0.39247D-03       0.10485D+00       0.46540D+00       0.12339D+00
       0.67700D+03       0.39225D-03       0.46258D-01       0.46539D+00       0.12321D+00
       0.67800D+03       0.39190D-03       0.10456D+00       0.46539D+00       0.12319D+00
       0.67900D+03       0.39285D-03       0.23893D-01       0.46540D+00       0.12308D+00
       0.68000D+03       0.39237D-03       0.75640D-01       0.46539D+00       0.12294D+00
       0.68100D+03       0.39220D-03       0.55001D-01       0.46540D+00       0.12340D+00
       0.68200D+03       0.39231D-03       0.47129D-01       0.46539D+00       0.12340D+00
       0.68300D+03       0.39263D-03       0.95993D-01       0.46540D+00       0.12326D+00
       0.68400D+03       0.39235D-03       0.45516D-01       0.46539D+00       0.12309D+00
       0.68500D+03       0.39228D-03       0.97629D-01       0.46539D+00       0.12300D+00
       0.68600D+03       0.39305D-03       0.53978D-02       0.46539D+00       0.12287D+00
       0.68700D+03       0.39250D-03       0.80145D-01       0.46539D+00       0.12275D+00
       0.68800D+03       0.39244D-03       0.39374D-01       0.46539D+00       0.12270D+00
       0.68900D+03       0.39255D-03       0.57808D-01       0.46539D+00       0.12271D+00
       0.69000D+03       0.39237D-03       0.72645D-01       0.46540D+00       0.12314D+00
       0.69100D+03       0.39228D-03       0.39083D-01       0.46539D+00       0.12298D+00
       0.69200D+03       0.39222D-03       0.85939D-01       0.46539D+00       0.12300D+00
       0.69300D+03       0.39205D-03       0.17689D-03       0.46539D+00       0.12288D+00
       0.69400D+03       0.39204D-03       0.89486D-01       0.46539D+00       0.12275D+00
       0.69500D+03       0.39211D-03       0.41102D-01       0.46539D+00       0.12262D+00
       0.69600D+03       0.39191D-03       0.80551D-01       0.46539D+00       0.12260D+00
       0.69700D+03       0.39190D-03       0.53557D-01       0.46540D+00       0.12302D+00
       0.69800D+03       0.39207D-03       0.42592D-01       0.46539D+00       0.12289D+00
       0.69900D+03       0.39195D-03       0.78675D-01       0.46539D+00       0.12335D+00
       0.70000D+03       0.39146D-03       0.99571D-02       0.46539D+00       0.12389D+00
       0.70100D+03       0.39206D-03       0.10056D+00       0.46539D+00       0.12376D+00
       0.70200D+03       0.39224D-03       0.46314D-01       0.46539D+00       0.12363D+00
       0.70300D+03       0.39185D-03       0.10043D+00       0.46539D+00       0.12356D+00
       0.70400D+03       0.39238D-03       0.44037D-01       0.46540D+00       0.12340D+00
       0.70500D+03       0.39239D-03       0.61086D-01       0.46539D+00       0.12327D+00
       0.70600D+03       0.39221D-03       0.73270D-01       0.46539D+00       0.12374D+00
       0.70700D+03       0.39184D-03       0.30463D-01       0.46539D+00       0.12371D+00
       0.70800D+03       0.39250D-03       0.10497D+00       0.46540D+00       0.12359D+00
       0.70900D+03       0.39225D-03       0.46213D-01       0.46539D+00       0.12342D+00
       0.71000D+03       0.39189D-03       0.10486D+00       0.46539D+00       0.12336D+00
       0.71100D+03       0.39275D-03       0.26837D-01       0.46540D+00       0.12321D+00
       0.71200D+03       0.39233D-03       0.74720D-01       0.46539D+00       0.12308D+00
       0.71300D+03       0.39216D-03       0.57730D-01       0.46540D+00       0.12354D+00
       0.71400D+03       0.39223D-03       0.45857D-01       0.46539D+00       0.12353D+00
       0.71500D+03       0.39258D-03       0.98161D-01       0.46540D+00       0.12341D+00
       0.71600D+03       0.39232D-03       0.45968D-01       0.46539D+00       0.12324D+00
       0.71700D+03       0.39222D-03       0.98999D-01       0.46539D+00       0.12316D+00
       0.71800D+03       0.39300D-03       0.72528D-02       0.46539D+00       0.12301D+00
       0.71900D+03       0.39249D-03       0.79433D-01       0.46539D+00       0.12291D+00
       0.72000D+03       0.39242D-03       0.40561D-01       0.46539D+00       0.12334D+00
       0.72100D+03       0.39256D-03       0.55756D-01       0.46539D+00       0.12335D+00
       0.72200D+03       0.39244D-03       0.76123D-01       0.46540D+00       0.12376D+00
       0.72300D+03       0.39232D-03       0.39893D-01       0.46539D+00       0.12362D+00
       0.72400D+03       0.39228D-03       0.87460D-01       0.46539D+00       0.12351D+00
       0.72500D+03       0.39222D-03       0.23819D-05       0.46539D+00       0.12341D+00
       0.72600D+03       0.39211D-03       0.87874D-01       0.46539D+00       0.12329D+00
       0.72700D+03       0.39216D-03       0.40131D-01       0.46539D+00       0.12316D+00
       0.72800D+03       0.39202D-03       0.77045D-01       0.46539D+00       0.12314D+00
       0.72900D+03       0.39193D-03       0.55264D-01       0.46540D+00       0.12354D+00
       0.73000D+03       0.39207D-03       0.40936D-01       0.46539D+00       0.12342D+00
       0.73100D+03       0.39197D-03       0.79264D-01       0.46539D+00       0.12386D+00
       0.73200D+03       0.39150D-03       0.77829D-02       0.46539D+00       0.12436D+00
       0.73300D+03       0.39202D-03       0.99339D-01       0.46539D+00       0.12422D+00
       0.73400D+03       0.39218D-03       0.46060D-01       0.46539D+00       0.12408D+00
       0.73500D+03       0.39182D-03       0.98676D-01       0.46539D+00       0.12402D+00
       0.73600D+03       0.39227D-03       0.45501D-01       0.46540D+00       0.12386D+00
       0.73700D+03       0.39232D-03       0.58440D-01       0.46539D+00       0.12373D+00
       0.73800D+03       0.39216D-03       0.74446D-01       0.46539D+00       0.12418D+00
       0.73900D+03       0.39177D-03       0.27603D-01       0.46539D+00       0.12415D+00
       0.74000D+03       0.39243D-03       0.10491D+00       0.46540D+00       0.12404D+00
       0.74100D+03       0.39223D-03       0.46208D-01       0.46539D+00       0.12392D+00
       0.74200D+03       0.39186D-03       0.10498D+00       0.46539D+00       0.12382D+00
       0.74300D+03       0.39264D-03       0.29722D-01       0.46540D+00       0.12368D+00
       0.74400D+03       0.39227D-03       0.73600D-01       0.46539D+00       0.12355D+00
       0.74500D+03       0.39211D-03       0.60402D-01       0.46539D+00       0.12399D+00
       0.74600D+03       0.39212D-03       0.44439D-01       0.46539D+00       0.12398D+00
       0.74700D+03       0.39251D-03       0.10000D+00       0.46540D+00       0.12387D+00
       0.74800D+03       0.39225D-03       0.46261D-01       0.46539D+00       0.12372D+00
       0.74900D+03       0.39212D-03       0.10025D+00       0.46539D+00       0.12364D+00
       0.75000D+03       0.39292D-03       0.93628D-02       0.46539D+00       0.12351D+00
       0.75100D+03       0.39244D-03       0.78822D-01       0.46539D+00       0.12341D+00
       0.75200D+03       0.39234D-03       0.42123D-01       0.46539D+00       0.12382D+00
       0.75300D+03       0.39249D-03       0.53982D-01       0.46539D+00       0.12383D+00
       0.75400D+03       0.39245D-03       0.79634D-01       0.46540D+00       0.12422D+00
       0.75500D+03       0.39229D-03       0.40839D-01       0.46539D+00       0.12408D+00
       0.75600D+03       0.39227D-03       0.89058D-01       0.46539D+00       0.12398D+00
       0.75700D+03       0.39232D-03       0.10430D-03       0.46539D+00       0.12389D+00
       0.75800D+03       0.39212D-03       0.86329D-01       0.46539D+00       0.12377D+00
       0.75900D+03       0.39214D-03       0.39278D-01       0.46539D+00       0.12364D+00
       0.76000D+03       0.39203D-03       0.73551D-01       0.46539D+00       0.12362D+00
       0.76100D+03       0.39189D-03       0.57241D-01       0.46540D+00       0.12400D+00
       0.76200D+03       0.39200D-03       0.39648D-01       0.46539D+00       0.12387D+00
       0.76300D+03       0.39190D-03       0.79947D-01       0.46539D+00       0.12388D+00
       0.76400D+03       0.39149D-03       0.58594D-02       0.46539D+00       0.12389D+00
       0.76500D+03       0.39191D-03       0.97999D-01       0.46539D+00       0.12375D+00
       0.76600D+03       0.39210D-03       0.45651D-01       0.46539D+00       0.12362D+00
       0.76700D+03       0.39177D-03       0.96594D-01       0.46539D+00       0.12355D+00
       0.76800D+03       0.39214D-03       0.46807D-01       0.46540D+00       0.12340D+00
       0.76900D+03       0.39223D-03       0.55720D-01       0.46539D+00       0.12328D+00
       0.77000D+03       0.39208D-03       0.75416D-01       0.46539D+00       0.12369D+00
       0.77100D+03       0.39167D-03       0.24669D-01       0.46539D+00       0.12367D+00
       0.77200D+03       0.39228D-03       0.10466D+00       0.46539D+00       0.12356D+00
       0.77300D+03       0.39218D-03       0.46243D-01       0.46539D+00       0.12346D+00
       0.77400D+03       0.39183D-03       0.10490D+00       0.46539D+00       0.12337D+00
       0.77500D+03       0.39257D-03       0.32495D-01       0.46540D+00       0.12322D+00
       0.77600D+03       0.39227D-03       0.72256D-01       0.46539D+00       0.12310D+00
       0.77700D+03       0.39210D-03       0.62960D-01       0.46539D+00       0.12352D+00
       0.77800D+03       0.39207D-03       0.42832D-01       0.46539D+00       0.12351D+00
       0.77900D+03       0.39248D-03       0.10152D+00       0.46540D+00       0.12341D+00
       0.78000D+03       0.39223D-03       0.46415D-01       0.46539D+00       0.12326D+00
       0.78100D+03       0.39207D-03       0.10137D+00       0.46539D+00       0.12320D+00
       0.78200D+03       0.39293D-03       0.11709D-01       0.46539D+00       0.12309D+00
       0.78300D+03       0.39246D-03       0.78280D-01       0.46539D+00       0.12297D+00
       0.78400D+03       0.39236D-03       0.44027D-01       0.46539D+00       0.12336D+00
       0.78500D+03       0.39251D-03       0.52449D-01       0.46539D+00       0.12336D+00
       0.78600D+03       0.39253D-03       0.83097D-01       0.46540D+00       0.12375D+00
       0.78700D+03       0.39236D-03       0.41850D-01       0.46539D+00       0.12361D+00
       0.78800D+03       0.39234D-03       0.90701D-01       0.46539D+00       0.12351D+00
       0.78900D+03       0.39249D-03       0.48279D-03       0.46539D+00       0.12343D+00
       0.79000D+03       0.39223D-03       0.84884D-01       0.46539D+00       0.12331D+00
       0.79100D+03       0.39222D-03       0.38615D-01       0.46539D+00       0.12318D+00
       0.79200D+03       0.39217D-03       0.70146D-01       0.46539D+00       0.12308D+00
       0.79300D+03       0.39198D-03       0.59512D-01       0.46540D+00       0.12347D+00
       0.79400D+03       0.39206D-03       0.38749D-01       0.46539D+00       0.12334D+00
       0.79500D+03       0.39197D-03       0.80751D-01       0.46539D+00       0.12340D+00
       0.79600D+03       0.39157D-03       0.42004D-02       0.46539D+00       0.12338D+00
       0.79700D+03       0.39193D-03       0.96551D-01       0.46539D+00       0.12326D+00
       0.79800D+03       0.39212D-03       0.45076D-01       0.46539D+00       0.12314D+00
       0.79900D+03       0.39182D-03       0.94187D-01       0.46539D+00       0.12308D+00
       0.80000D+03       0.39212D-03       0.48004D-01       0.46540D+00       0.12294D+00
       0.80100D+03       0.39224D-03       0.52988D-01       0.46539D+00       0.12282D+00
       0.80200D+03       0.39210D-03       0.76210D-01       0.46539D+00       0.12322D+00
       0.80300D+03       0.39167D-03       0.21717D-01       0.46539D+00       0.12315D+00
       0.80400D+03       0.39228D-03       0.10423D+00       0.46539D+00       0.12304D+00
       0.80500D+03       0.39224D-03       0.46309D-01       0.46539D+00       0.12294D+00
       0.80600D+03       0.39189D-03       0.10462D+00       0.46539D+00       0.12286D+00
       0.80700D+03       0.39255D-03       0.35108D-01       0.46540D+00       0.12271D+00
       0.80800D+03       0.39231D-03       0.70674D-01       0.46539D+00       0.12259D+00
       0.80900D+03       0.39214D-03       0.65357D-01       0.46539D+00       0.12300D+00
       0.81000D+03       0.39206D-03       0.41010D-01       0.46539D+00       0.12299D+00
       0.81100D+03       0.39249D-03       0.10273D+00       0.46540D+00       0.12290D+00
       0.81200D+03       0.39225D-03       0.46459D-01       0.46539D+00       0.12276D+00
       0.81300D+03       0.39206D-03       0.10235D+00       0.46539D+00       0.12269D+00
       0.81400D+03       0.39291D-03       0.14264D-01       0.46539D+00       0.12259D+00
       0.81500D+03       0.39246D-03       0.77766D-01       0.46539D+00       0.12247D+00
       0.81600D+03       0.39235D-03       0.46226D-01       0.46539D+00       0.12285D+00
       0.81700D+03       0.39250D-03       0.51106D-01       0.46539D+00       0.12285D+00
       0.81800D+03       0.39258D-03       0.86437D-01       0.46540D+00       0.12322D+00
       0.81900D+03       0.39239D-03       0.42857D-01       0.46539D+00       0.12309D+00
       0.82000D+03       0.39237D-03       0.92356D-01       0.46539D+00       0.12301D+00
       0.82100D+03       0.39266D-03       0.11383D-02       0.46539D+00       0.12293D+00
       0.82200D+03       0.39235D-03       0.83560D-01       0.46539D+00       0.12281D+00
       0.82300D+03       0.39232D-03       0.38209D-01       0.46539D+00       0.12269D+00
       0.82400D+03       0.39231D-03       0.66902D-01       0.46539D+00       0.12270D+00
       0.82500D+03       0.39211D-03       0.62083D-01       0.46540D+00       0.12307D+00
       0.82600D+03       0.39215D-03       0.38242D-01       0.46539D+00       0.12295D+00
       0.82700D+03       0.39207D-03       0.81694D-01       0.46539D+00       0.12302D+00
       0.82800D+03       0.39171D-03       0.28138D-02       0.46539D+00       0.12299D+00
       0.82900D+03       0.39196D-03       0.95012D-01       0.46539D+00       0.12288D+00
       0.83000D+03       0.39215D-03       0.44341D-01       0.46539D+00       0.12277D+00
       0.83100D+03       0.39188D-03       0.91471D-01       0.46539D+00       0.12271D+00
       0.83200D+03       0.39211D-03       0.49152D-01       0.46540D+00       0.12306D+00
       0.83300D+03       0.39225D-03       0.50311D-01       0.46539D+00       0.12296D+00
       0.83400D+03       0.39213D-03       0.76867D-01       0.46539D+00       0.12334D+00
       0.83500D+03       0.39170D-03       0.18807D-01       0.46539D+00       0.12328D+00
       0.83600D+03       0.39229D-03       0.10365D+00       0.46539D+00       0.12314D+00
       0.83700D+03       0.39229D-03       0.46386D-01       0.46539D+00       0.12304D+00
       0.83800D+03       0.39196D-03       0.10411D+00       0.46539D+00       0.12296D+00
       0.83900D+03       0.39255D-03       0.37526D-01       0.46540D+00       0.12282D+00
       0.84000D+03       0.39237D-03       0.68849D-01       0.46539D+00       0.12271D+00
       0.84100D+03       0.39221D-03       0.67557D-01       0.46539D+00       0.12310D+00
       0.84200D+03       0.39208D-03       0.38959D-01       0.46539D+00       0.12309D+00
       0.84300D+03       0.39252D-03       0.10366D+00       0.46540D+00       0.12300D+00
       0.84400D+03       0.39230D-03       0.46428D-01       0.46539D+00       0.12286D+00
       0.84500D+03       0.39209D-03       0.10319D+00       0.46539D+00       0.12281D+00
       0.84600D+03       0.39291D-03       0.16991D-01       0.46539D+00       0.12271D+00
       0.84700D+03       0.39247D-03       0.77236D-01       0.46539D+00       0.12257D+00
       0.84800D+03       0.39236D-03       0.48660D-01       0.46539D+00       0.12294D+00
       0.84900D+03       0.39250D-03       0.49892D-01       0.46539D+00       0.12294D+00
       0.85000D+03       0.39264D-03       0.89585D-01       0.46540D+00       0.12330D+00
       0.85100D+03       0.39244D-03       0.43797D-01       0.46539D+00       0.12316D+00
       0.85200D+03       0.39241D-03       0.93991D-01       0.46539D+00       0.12309D+00
       0.85300D+03       0.39281D-03       0.20714D-02       0.46539D+00       0.12300D+00
       0.85400D+03       0.39245D-03       0.82375D-01       0.46539D+00       0.12290D+00
       0.85500D+03       0.39241D-03       0.38116D-01       0.46539D+00       0.12285D+00
       0.85600D+03       0.39243D-03       0.63879D-01       0.46539D+00       0.12286D+00
       0.85700D+03       0.39223D-03       0.64939D-01       0.46540D+00       0.12322D+00
       0.85800D+03       0.39223D-03       0.38110D-01       0.46539D+00       0.12311D+00
       0.85900D+03       0.39216D-03       0.82785D-01       0.46539D+00       0.12311D+00
       0.86000D+03       0.39186D-03       0.17033D-02       0.46539D+00       0.12302D+00
       0.86100D+03       0.39207D-03       0.93406D-01       0.46539D+00       0.12291D+00
       0.86200D+03       0.39219D-03       0.43469D-01       0.46539D+00       0.12280D+00
       0.86300D+03       0.39196D-03       0.88477D-01       0.46539D+00       0.12274D+00
       0.86400D+03       0.39211D-03       0.50319D-01       0.46540D+00       0.12308D+00
       0.86500D+03       0.39225D-03       0.47760D-01       0.46539D+00       0.12298D+00
       0.86600D+03       0.39214D-03       0.77432D-01       0.46539D+00       0.12335D+00
       0.86700D+03       0.39172D-03       0.15991D-01       0.46539D+00       0.12328D+00
       0.86800D+03       0.39228D-03       0.10291D+00       0.46539D+00       0.12319D+00
       0.86900D+03       0.39233D-03       0.46446D-01       0.46539D+00       0.12308D+00
       0.87000D+03       0.39200D-03       0.10335D+00       0.46539D+00       0.12301D+00
       0.87100D+03       0.39253D-03       0.39725D-01       0.46540D+00       0.12288D+00
       0.87200D+03       0.39242D-03       0.66789D-01       0.46539D+00       0.12277D+00
       0.87300D+03       0.39227D-03       0.69534D-01       0.46539D+00       0.12315D+00
       0.87400D+03       0.39208D-03       0.36679D-01       0.46539D+00       0.12314D+00
       0.87500D+03       0.39253D-03       0.10432D+00       0.46540D+00       0.12302D+00
       0.87600D+03       0.39233D-03       0.46359D-01       0.46539D+00       0.12288D+00
       0.87700D+03       0.39210D-03       0.10388D+00       0.46539D+00       0.12281D+00
       0.87800D+03       0.39289D-03       0.19847D-01       0.46539D+00       0.12269D+00
       0.87900D+03       0.39247D-03       0.76643D-01       0.46539D+00       0.12256D+00
       0.88000D+03       0.39235D-03       0.51265D-01       0.46539D+00       0.12292D+00
       0.88100D+03       0.39248D-03       0.48740D-01       0.46539D+00       0.12292D+00
       0.88200D+03       0.39268D-03       0.92484D-01       0.46540D+00       0.12326D+00
       0.88300D+03       0.39247D-03       0.44623D-01       0.46539D+00       0.12313D+00
       0.88400D+03       0.39243D-03       0.95575D-01       0.46539D+00       0.12306D+00
       0.88500D+03       0.39291D-03       0.32817D-02       0.46539D+00       0.12298D+00
       0.88600D+03       0.39253D-03       0.81338D-01       0.46539D+00       0.12289D+00
       0.88700D+03       0.39248D-03       0.38380D-01       0.46539D+00       0.12284D+00
       0.88800D+03       0.39252D-03       0.61122D-01       0.46539D+00       0.12285D+00
       0.88900D+03       0.39234D-03       0.68048D-01       0.46540D+00       0.12320D+00
       0.89000D+03       0.39232D-03       0.38322D-01       0.46539D+00       0.12309D+00
       0.89100D+03       0.39226D-03       0.84021D-01       0.46539D+00       0.12310D+00
       0.89200D+03       0.39203D-03       0.87018D-03       0.46539D+00       0.12300D+00
       0.89300D+03       0.39214D-03       0.91760D-01       0.46539D+00       0.12291D+00
       0.89400D+03       0.39221D-03       0.42499D-01       0.46539D+00       0.12280D+00
       0.89500D+03       0.39202D-03       0.85253D-01       0.46539D+00       0.12279D+00
       0.89600D+03       0.39209D-03       0.51572D-01       0.46540D+00       0.12311D+00
       0.89700D+03       0.39223D-03       0.45403D-01       0.46539D+00       0.12302D+00
       0.89800D+03       0.39213D-03       0.77951D-01       0.46539D+00       0.12337D+00
       0.89900D+03       0.39173D-03       0.13321D-01       0.46539D+00       0.12334D+00
       0.90000D+03       0.39225D-03       0.10202D+00       0.46539D+00       0.12325D+00
       0.90100D+03       0.39234D-03       0.46454D-01       0.46539D+00       0.12315D+00
       0.90200D+03       0.39202D-03       0.10233D+00       0.46539D+00       0.12308D+00
       0.90300D+03       0.39249D-03       0.41693D-01       0.46540D+00       0.12295D+00
       0.90400D+03       0.39243D-03       0.64514D-01       0.46539D+00       0.12285D+00
       0.90500D+03       0.39229D-03       0.71272D-01       0.46539D+00       0.12322D+00
       0.90600D+03       0.39206D-03       0.34188D-01       0.46539D+00       0.12320D+00
       0.90700D+03       0.39254D-03       0.10474D+00       0.46540D+00       0.12308D+00
       0.90800D+03       0.39236D-03       0.46283D-01       0.46539D+00       0.12295D+00
       0.90900D+03       0.39211D-03       0.10440D+00       0.46539D+00       0.12293D+00
       0.91000D+03       0.39284D-03       0.22779D-01       0.46539D+00       0.12285D+00
       0.91100D+03       0.39246D-03       0.75942D-01       0.46539D+00       0.12274D+00
       0.91200D+03       0.39234D-03       0.53969D-01       0.46539D+00       0.12308D+00
       0.91300D+03       0.39243D-03       0.47581D-01       0.46539D+00       0.12308D+00
       0.91400D+03       0.39265D-03       0.95091D-01       0.46540D+00       0.12298D+00
       0.91500D+03       0.39245D-03       0.45302D-01       0.46539D+00       0.12285D+00
       0.91600D+03       0.39241D-03       0.97084D-01       0.46539D+00       0.12278D+00
       0.91700D+03       0.39295D-03       0.47671D-02       0.46539D+00       0.12268D+00
       0.91800D+03       0.39255D-03       0.80446D-01       0.46539D+00       0.12260D+00
       0.91900D+03       0.39251D-03       0.39028D-01       0.46539D+00       0.12256D+00
       0.92000D+03       0.39258D-03       0.58659D-01       0.46539D+00       0.12256D+00
       0.92100D+03       0.39244D-03       0.71358D-01       0.46540D+00       0.12290D+00
       0.92200D+03       0.39238D-03       0.38828D-01       0.46539D+00       0.12279D+00
       0.92300D+03       0.39233D-03       0.85392D-01       0.46539D+00       0.12280D+00
       0.92400D+03       0.39218D-03       0.31451D-03       0.46539D+00       0.12271D+00
       0.92500D+03       0.39220D-03       0.90106D-01       0.46539D+00       0.12262D+00
       0.92600D+03       0.39226D-03       0.41483D-01       0.46539D+00       0.12251D+00
       0.92700D+03       0.39210D-03       0.81860D-01       0.46539D+00       0.12250D+00
       0.92800D+03       0.39211D-03       0.52976D-01       0.46540D+00       0.12282D+00
       0.92900D+03       0.39224D-03       0.43304D-01       0.46539D+00       0.12272D+00
       0.93000D+03       0.39215D-03       0.78470D-01       0.46539D+00       0.12307D+00
       0.93100D+03       0.39177D-03       0.10838D-01       0.46539D+00       0.12347D+00
       0.93200D+03       0.39224D-03       0.10098D+00       0.46539D+00       0.12338D+00
       0.93300D+03       0.39236D-03       0.46374D-01       0.46539D+00       0.12329D+00
       0.93400D+03       0.39207D-03       0.10101D+00       0.46539D+00       0.12319D+00
       0.93500D+03       0.39248D-03       0.43435D-01       0.46540D+00       0.12308D+00
       0.93600D+03       0.39247D-03       0.62054D-01       0.46539D+00       0.12298D+00
       0.93700D+03       0.39233D-03       0.72767D-01       0.46539D+00       0.12333D+00
       0.93800D+03       0.39207D-03       0.31512D-01       0.46539D+00       0.12331D+00
       0.93900D+03       0.39256D-03       0.10495D+00       0.46539D+00       0.12322D+00
       0.94000D+03       0.39241D-03       0.46226D-01       0.46539D+00       0.12309D+00
       0.94100D+03       0.39214D-03       0.10477D+00       0.46539D+00       0.12305D+00
       0.94200D+03       0.39281D-03       0.25731D-01       0.46539D+00       0.12294D+00
       0.94300D+03       0.39248D-03       0.75088D-01       0.46539D+00       0.12284D+00
       0.94400D+03       0.39236D-03       0.56704D-01       0.46539D+00       0.12318D+00
       0.94500D+03       0.39242D-03       0.46351D-01       0.46539D+00       0.12318D+00
       0.94600D+03       0.39267D-03       0.97382D-01       0.46540D+00       0.12307D+00
       0.94700D+03       0.39247D-03       0.45817D-01       0.46539D+00       0.12295D+00
       0.94800D+03       0.39240D-03       0.98495D-01       0.46539D+00       0.12289D+00
       0.94900D+03       0.39297D-03       0.65225D-02       0.46539D+00       0.12278D+00
       0.95000D+03       0.39260D-03       0.79688D-01       0.46539D+00       0.12270D+00
       0.95100D+03       0.39255D-03       0.40068D-01       0.46539D+00       0.12303D+00
       0.95200D+03       0.39264D-03       0.56495D-01       0.46539D+00       0.12303D+00
       0.95300D+03       0.39254D-03       0.74804D-01       0.46540D+00       0.12335D+00
       0.95400D+03       0.39245D-03       0.39567D-01       0.46539D+00       0.12324D+00
       0.95500D+03       0.39242D-03       0.86876D-01       0.46539D+00       0.12315D+00
       0.95600D+03       0.39235D-03       0.35730D-04       0.46539D+00       0.12308D+00
       0.95700D+03       0.39229D-03       0.88475D-01       0.46539D+00       0.12299D+00
       0.95800D+03       0.39234D-03       0.40487D-01       0.46539D+00       0.12289D+00
       0.95900D+03       0.39221D-03       0.78370D-01       0.46539D+00       0.12288D+00
       0.96000D+03       0.39217D-03       0.54591D-01       0.46540D+00       0.12319D+00
       0.96100D+03       0.39228D-03       0.41519D-01       0.46539D+00       0.12309D+00
       0.96200D+03       0.39220D-03       0.79032D-01       0.46539D+00       0.12343D+00
       0.96300D+03       0.39184D-03       0.85742D-02       0.46539D+00       0.12381D+00
       0.96400D+03       0.39226D-03       0.99814D-01       0.46539D+00       0.12371D+00
       0.96500D+03       0.39236D-03       0.46173D-01       0.46539D+00       0.12361D+00
       0.96600D+03       0.39209D-03       0.99375D-01       0.46539D+00       0.12356D+00
       0.96700D+03       0.39245D-03       0.44970D-01       0.46540D+00       0.12344D+00
       0.96800D+03       0.39247D-03       0.59449D-01       0.46539D+00       0.12334D+00
       0.96900D+03       0.39234D-03       0.74028D-01       0.46539D+00       0.12368D+00
       0.97000D+03       0.39206D-03       0.28693D-01       0.46539D+00       0.12366D+00
       0.97100D+03       0.39256D-03       0.10495D+00       0.46539D+00       0.12357D+00
       0.97200D+03       0.39239D-03       0.46205D-01       0.46539D+00       0.12345D+00
       0.97300D+03       0.39211D-03       0.10495D+00       0.46539D+00       0.12340D+00
       0.97400D+03       0.39272D-03       0.28645D-01       0.46539D+00       0.12329D+00
       0.97500D+03       0.39243D-03       0.74048D-01       0.46539D+00       0.12320D+00
       0.97600D+03       0.39230D-03       0.59405D-01       0.46539D+00       0.12353D+00
       0.97700D+03       0.39233D-03       0.44994D-01       0.46539D+00       0.12352D+00
       0.97800D+03       0.39261D-03       0.99345D-01       0.46540D+00       0.12345D+00
       0.97900D+03       0.39241D-03       0.46168D-01       0.46539D+00       0.12333D+00
       0.98000D+03       0.39232D-03       0.99793D-01       0.46539D+00       0.12327D+00
       0.98100D+03       0.39292D-03       0.85382D-02       0.46539D+00       0.12317D+00
       0.98200D+03       0.39256D-03       0.79042D-01       0.46539D+00       0.12309D+00
       0.98300D+03       0.39249D-03       0.41492D-01       0.46539D+00       0.12341D+00
       0.98400D+03       0.39260D-03       0.54620D-01       0.46539D+00       0.12341D+00
       0.98500D+03       0.39254D-03       0.78311D-01       0.46540D+00       0.12372D+00
       0.98600D+03       0.39244D-03       0.40471D-01       0.46539D+00       0.12361D+00
       0.98700D+03       0.39242D-03       0.88448D-01       0.46539D+00       0.12353D+00
       0.98800D+03       0.39242D-03       0.33404D-04       0.46539D+00       0.12346D+00
