       0.10000D+01       0.99628D-03      -0.73333D-01       0.23720D+00       0.87464D-01
       0.20000D+01       0.42519D-03      -0.23388D+00       0.27371D+00       0.65389D-01
       0.30000D+01       0.23796D-03      -0.29823D+00       0.30649D+00       0.55213D-01
       0.40000D+01       0.25570D-03      -0.13612D+00       0.31524D+00       0.51642D-01
       0.50000D+01       0.32778D-03      -0.17230D-01       0.30536D+00       0.56730D-01
       0.60000D+01       0.43561D-03       0.10221D-01       0.29141D+00       0.62900D-01
       0.70000D+01       0.48136D-03      -0.29475D-02       0.28159D+00       0.61306D-01
       0.80000D+01       0.37957D-03       0.20283D-02       0.27480D+00       0.60884D-01
       0.90000D+01       0.42104D-03       0.10026D-01       0.26849D+00       0.58949D-01
       0.10000D+02       0.47588D-03      -0.21898D-01       0.26357D+00       0.60305D-01
       0.11000D+02       0.51166D-03      -0.13819D+00       0.26377D+00       0.64006D-01
       0.12000D+02       0.46516D-03      -0.29581D+00       0.27068D+00       0.61171D-01
       0.13000D+02       0.43310D-03      -0.23568D+00       0.27880D+00       0.58815D-01
       0.14000D+02       0.43378D-03      -0.69330D-01       0.28086D+00       0.62372D-01
       0.15000D+02       0.48935D-03       0.31423D-02       0.27781D+00       0.65415D-01
       0.16000D+02       0.49992D-03       0.40183D-02       0.27395D+00       0.67129D-01
       0.17000D+02       0.47830D-03      -0.25446D-02       0.27112D+00       0.66487D-01
       0.18000D+02       0.44512D-03       0.65974D-02       0.26848D+00       0.66560D-01
       0.19000D+02       0.46531D-03       0.30872D-02       0.26559D+00       0.68721D-01
       0.20000D+02       0.50881D-03      -0.62169D-01       0.26400D+00       0.69723D-01
       0.21000D+02       0.49197D-03      -0.21756D+00       0.26578D+00       0.68213D-01
       0.22000D+02       0.47620D-03      -0.30510D+00       0.27071D+00       0.66307D-01
       0.23000D+02       0.46343D-03      -0.15278D+00       0.27430D+00       0.64658D-01
       0.24000D+02       0.46838D-03      -0.23954D-01       0.27414D+00       0.64287D-01
       0.25000D+02       0.49647D-03       0.10337D-01       0.27195D+00       0.65388D-01
       0.26000D+02       0.50812D-03      -0.22681D-02       0.26992D+00       0.65430D-01
       0.27000D+02       0.47465D-03       0.10400D-02       0.26831D+00       0.64920D-01
       0.28000D+02       0.48110D-03       0.99085D-02       0.26654D+00       0.63909D-01
       0.29000D+02       0.49491D-03      -0.16160D-01       0.26484D+00       0.64281D-01
       0.30000D+02       0.51130D-03      -0.12306D+00       0.26465D+00       0.65446D-01
       0.31000D+02       0.49483D-03      -0.28601D+00       0.26707D+00       0.65036D-01
       0.32000D+02       0.47630D-03      -0.25170D+00       0.27059D+00       0.64083D-01
       0.33000D+02       0.47219D-03      -0.81454D-01       0.27198D+00       0.65552D-01
       0.34000D+02       0.49643D-03       0.15736D-03       0.27103D+00       0.66186D-01
       0.35000D+02       0.50140D-03       0.56882D-02       0.26943D+00       0.66964D-01
       0.36000D+02       0.49584D-03      -0.30474D-02       0.26819D+00       0.65943D-01
       0.37000D+02       0.47535D-03       0.57291D-02       0.26700D+00       0.65703D-01
       0.38000D+02       0.48679D-03       0.56474D-02       0.26560D+00       0.65666D-01
       0.39000D+02       0.50727D-03      -0.51908D-01       0.26468D+00       0.66241D-01
       0.40000D+02       0.50090D-03      -0.20075D+00       0.26540D+00       0.65722D-01
       0.41000D+02       0.49426D-03      -0.30898D+00       0.26796D+00       0.64956D-01
       0.42000D+02       0.48265D-03      -0.17004D+00       0.27017D+00       0.64263D-01
       0.43000D+02       0.48660D-03      -0.31667D-01       0.27035D+00       0.63843D-01
       0.44000D+02       0.50432D-03       0.98665D-02       0.26922D+00       0.64502D-01
       0.45000D+02       0.51046D-03      -0.13292D-02       0.26808D+00       0.64582D-01
       0.46000D+02       0.49155D-03       0.13269D-03       0.26718D+00       0.64419D-01
       0.47000D+02       0.49216D-03       0.94579D-02       0.26617D+00       0.63816D-01
       0.48000D+02       0.49923D-03      -0.11135D-01       0.26512D+00       0.64169D-01
       0.49000D+02       0.51167D-03      -0.10877D+00       0.26487D+00       0.64875D-01
       0.50000D+02       0.50147D-03      -0.27423D+00       0.26621D+00       0.64308D-01
       0.51000D+02       0.48896D-03      -0.26650D+00       0.26846D+00       0.63990D-01
       0.52000D+02       0.48508D-03      -0.94526D-01       0.26955D+00       0.65130D-01
       0.53000D+02       0.49752D-03      -0.33922D-02       0.26909D+00       0.65368D-01
       0.54000D+02       0.50214D-03       0.72976D-02       0.26809D+00       0.65899D-01
       0.55000D+02       0.50156D-03      -0.33755D-02       0.26728D+00       0.65321D-01
       0.56000D+02       0.48640D-03       0.48129D-02       0.26652D+00       0.65202D-01
       0.57000D+02       0.49427D-03       0.76349D-02       0.26560D+00       0.65110D-01
       0.58000D+02       0.50653D-03      -0.42601D-01       0.26493D+00       0.65547D-01
       0.59000D+02       0.50393D-03      -0.18377D+00       0.26528D+00       0.65304D-01
       0.60000D+02       0.49702D-03      -0.30970D+00       0.26695D+00       0.64729D-01
       0.61000D+02       0.48905D-03      -0.18762D+00       0.26858D+00       0.64130D-01
       0.62000D+02       0.48971D-03      -0.40351D-01       0.26886D+00       0.63686D-01
       0.63000D+02       0.50292D-03       0.88189D-02       0.26814D+00       0.64112D-01
       0.64000D+02       0.50677D-03      -0.15725D-03       0.26733D+00       0.64181D-01
       0.65000D+02       0.49486D-03      -0.67824D-03       0.26670D+00       0.64834D-01
       0.66000D+02       0.49234D-03       0.88068D-02       0.26601D+00       0.64912D-01
       0.67000D+02       0.49686D-03      -0.66932D-02       0.26524D+00       0.65045D-01
       0.68000D+02       0.50699D-03      -0.95300D-01       0.26497D+00       0.66029D-01
       0.69000D+02       0.50044D-03      -0.26082D+00       0.26583D+00       0.65632D-01
       0.70000D+02       0.49266D-03      -0.27973D+00       0.26747D+00       0.65361D-01
       0.71000D+02       0.48884D-03      -0.10860D+00       0.26840D+00       0.65969D-01
       0.72000D+02       0.49711D-03      -0.76202D-02       0.26816D+00       0.66126D-01
       0.73000D+02       0.50243D-03       0.87010D-02       0.26744D+00       0.66507D-01
       0.74000D+02       0.50398D-03      -0.34672D-02       0.26683D+00       0.66247D-01
       0.75000D+02       0.49186D-03       0.38418D-02       0.26628D+00       0.66138D-01
       0.76000D+02       0.49756D-03       0.90183D-02       0.26561D+00       0.66291D-01
       0.77000D+02       0.50651D-03      -0.34286D-01       0.26506D+00       0.66358D-01
       0.78000D+02       0.50668D-03      -0.16693D+00       0.26523D+00       0.66998D-01
       0.79000D+02       0.50135D-03      -0.30726D+00       0.26642D+00       0.66511D-01
       0.80000D+02       0.49692D-03      -0.20523D+00       0.26774D+00       0.66143D-01
       0.81000D+02       0.49724D-03      -0.49971D-01       0.26806D+00       0.66005D-01
       0.82000D+02       0.50787D-03       0.72257D-02       0.26755D+00       0.66250D-01
       0.83000D+02       0.51044D-03       0.12140D-02       0.26693D+00       0.66417D-01
       0.84000D+02       0.50258D-03      -0.14077D-02       0.26644D+00       0.66973D-01
       0.85000D+02       0.49821D-03       0.80532D-02       0.26592D+00       0.66989D-01
       0.86000D+02       0.50186D-03      -0.27500D-02       0.26531D+00       0.67031D-01
       0.87000D+02       0.51134D-03      -0.82643D-01       0.26504D+00       0.67428D-01
       0.88000D+02       0.50604D-03      -0.24610D+00       0.26562D+00       0.67071D-01
       0.89000D+02       0.50227D-03      -0.29102D+00       0.26690D+00       0.66981D-01
       0.90000D+02       0.49944D-03      -0.12368D+00       0.26773D+00       0.66963D-01
       0.91000D+02       0.50386D-03      -0.12660D-01       0.26762D+00       0.67189D-01
       0.92000D+02       0.50968D-03       0.97431D-02       0.26706D+00       0.67491D-01
       0.93000D+02       0.51201D-03      -0.32858D-02       0.26656D+00       0.67269D-01
       0.94000D+02       0.50193D-03       0.28272D-02       0.26613D+00       0.67170D-01
       0.95000D+02       0.50592D-03       0.98004D-02       0.26561D+00       0.66954D-01
       0.96000D+02       0.51212D-03      -0.26962D-01       0.26514D+00       0.67000D-01
       0.97000D+02       0.51424D-03      -0.15054D+00       0.26520D+00       0.67635D-01
       0.98000D+02       0.50832D-03      -0.30186D+00       0.26610D+00       0.67227D-01
       0.99000D+02       0.50353D-03      -0.22256D+00       0.26721D+00       0.67069D-01
       0.10000D+03       0.50220D-03      -0.60495D-01       0.26755D+00       0.67274D-01
       0.10100D+03       0.51108D-03       0.51234D-02       0.26719D+00       0.67442D-01
       0.10200D+03       0.51269D-03       0.27448D-02       0.26668D+00       0.67645D-01
       0.10300D+03       0.50776D-03      -0.20738D-02       0.26628D+00       0.68176D-01
       0.10400D+03       0.50246D-03       0.72491D-02       0.26586D+00       0.68168D-01
       0.10500D+03       0.50565D-03       0.71977D-03       0.26536D+00       0.68288D-01
       0.10600D+03       0.51336D-03      -0.70811D-01       0.26509D+00       0.68448D-01
       0.10700D+03       0.50932D-03      -0.23036D+00       0.26549D+00       0.68184D-01
       0.10800D+03       0.50666D-03      -0.29998D+00       0.26653D+00       0.67896D-01
       0.10900D+03       0.50442D-03      -0.13971D+00       0.26728D+00       0.67626D-01
       0.11000D+03       0.50657D-03      -0.18620D-01       0.26726D+00       0.67657D-01
       0.11100D+03       0.51242D-03       0.10296D-01       0.26681D+00       0.67916D-01
       0.11200D+03       0.51460D-03      -0.28218D-02       0.26639D+00       0.67808D-01
       0.11300D+03       0.50616D-03       0.18067D-02       0.26603D+00       0.67724D-01
       0.11400D+03       0.50854D-03       0.10036D-01       0.26561D+00       0.67532D-01
       0.11500D+03       0.51275D-03      -0.20571D-01       0.26520D+00       0.67576D-01
       0.11600D+03       0.51563D-03      -0.13480D+00       0.26519D+00       0.67833D-01
       0.11700D+03       0.51106D-03      -0.29385D+00       0.26588D+00       0.67720D-01
       0.11800D+03       0.50646D-03      -0.23928D+00       0.26684D+00       0.67471D-01
       0.11900D+03       0.50509D-03      -0.71910D-01       0.26720D+00       0.67645D-01
       0.12000D+03       0.51154D-03       0.25320D-02       0.26694D+00       0.67919D-01
       0.12100D+03       0.51291D-03       0.43834D-02       0.26651D+00       0.68128D-01
       0.12200D+03       0.51020D-03      -0.26663D-02       0.26616D+00       0.68015D-01
       0.12300D+03       0.50446D-03       0.64105D-02       0.26582D+00       0.68016D-01
       0.12400D+03       0.50756D-03       0.36954D-02       0.26539D+00       0.68331D-01
       0.12500D+03       0.51396D-03      -0.59840D-01       0.26513D+00       0.68505D-01
       0.12600D+03       0.51105D-03      -0.21391D+00       0.26541D+00       0.68234D-01
       0.12700D+03       0.50760D-03      -0.30622D+00       0.26626D+00       0.67870D-01
       0.12800D+03       0.50470D-03      -0.15652D+00       0.26696D+00       0.67552D-01
       0.12900D+03       0.50600D-03      -0.25561D-01       0.26700D+00       0.67451D-01
       0.13000D+03       0.51130D-03       0.10284D-01       0.26663D+00       0.67631D-01
       0.13100D+03       0.51350D-03      -0.20836D-02       0.26627D+00       0.67569D-01
       0.13200D+03       0.50651D-03       0.83301D-03       0.26596D+00       0.67501D-01
       0.13300D+03       0.50744D-03       0.98333D-02       0.26561D+00       0.67270D-01
       0.13400D+03       0.51042D-03      -0.15002D-01       0.26525D+00       0.67344D-01
       0.13500D+03       0.51438D-03      -0.11986D+00       0.26519D+00       0.67645D-01
       0.13600D+03       0.51088D-03      -0.28358D+00       0.26572D+00       0.67563D-01
       0.13700D+03       0.50648D-03      -0.25506D+00       0.26657D+00       0.67384D-01
       0.13800D+03       0.50434D-03      -0.84237D-01       0.26694D+00       0.67508D-01
       0.13900D+03       0.50939D-03      -0.56933D-03       0.26675D+00       0.67588D-01
       0.14000D+03       0.51069D-03       0.60509D-02       0.26638D+00       0.67776D-01
       0.14100D+03       0.50966D-03      -0.31367D-02       0.26608D+00       0.67512D-01
       0.14200D+03       0.50390D-03       0.55327D-02       0.26579D+00       0.67441D-01
       0.14300D+03       0.50693D-03       0.61337D-02       0.26542D+00       0.67655D-01
       0.14400D+03       0.51232D-03      -0.49783D-01       0.26517D+00       0.67827D-01
       0.14500D+03       0.51051D-03      -0.19703D+00       0.26535D+00       0.67656D-01
       0.14600D+03       0.50799D-03      -0.30941D+00       0.26607D+00       0.67428D-01
       0.14700D+03       0.50470D-03      -0.17387D+00       0.26672D+00       0.67232D-01
       0.14800D+03       0.50571D-03      -0.33490D-01       0.26681D+00       0.67117D-01
       0.14900D+03       0.51120D-03       0.96853D-02       0.26650D+00       0.67300D-01
       0.15000D+03       0.51298D-03      -0.10911D-02       0.26618D+00       0.67279D-01
       0.15100D+03       0.50722D-03      -0.53210D-04       0.26591D+00       0.67210D-01
       0.15200D+03       0.50687D-03       0.93282D-02       0.26561D+00       0.67005D-01
       0.15300D+03       0.50900D-03      -0.10115D-01       0.26528D+00       0.67044D-01
       0.15400D+03       0.51331D-03      -0.10575D+00       0.26519D+00       0.67284D-01
       0.15500D+03       0.51000D-03      -0.27142D+00       0.26561D+00       0.67084D-01
       0.15600D+03       0.50580D-03      -0.26954D+00       0.26636D+00       0.66938D-01
       0.15700D+03       0.50374D-03      -0.97524D-01       0.26674D+00       0.67072D-01
       0.15800D+03       0.50815D-03      -0.42566D-02       0.26661D+00       0.67154D-01
       0.15900D+03       0.50983D-03       0.76285D-02       0.26629D+00       0.67326D-01
       0.16000D+03       0.50998D-03      -0.34176D-02       0.26602D+00       0.67120D-01
       0.16100D+03       0.50440D-03       0.46046D-02       0.26576D+00       0.67024D-01
       0.16200D+03       0.50716D-03       0.79906D-02       0.26545D+00       0.67143D-01
       0.16300D+03       0.51156D-03      -0.40692D-01       0.26520D+00       0.67296D-01
       0.16400D+03       0.51109D-03      -0.18006D+00       0.26532D+00       0.67221D-01
       0.16500D+03       0.50869D-03      -0.30943D+00       0.26592D+00       0.66994D-01
       0.16600D+03       0.50576D-03      -0.19149D+00       0.26653D+00       0.66750D-01
       0.16700D+03       0.50631D-03      -0.42382D-01       0.26666D+00       0.66572D-01
       0.16800D+03       0.51151D-03       0.85149D-02       0.26640D+00       0.66708D-01
       0.16900D+03       0.51291D-03       0.12765D-03       0.26611D+00       0.66723D-01
       0.17000D+03       0.50838D-03      -0.84435D-03       0.26587D+00       0.66957D-01
       0.17100D+03       0.50711D-03       0.86478D-02       0.26561D+00       0.66976D-01
       0.17200D+03       0.50892D-03      -0.57876D-02       0.26531D+00       0.67019D-01
       0.17300D+03       0.51318D-03      -0.92455D-01       0.26520D+00       0.67423D-01
       0.17400D+03       0.51053D-03      -0.25769D+00       0.26553D+00       0.67258D-01
       0.17500D+03       0.50802D-03      -0.28238D+00       0.26619D+00       0.67201D-01
       0.17600D+03       0.50625D-03      -0.11182D+00       0.26658D+00       0.67120D-01
       0.17700D+03       0.50931D-03      -0.86514D-02       0.26650D+00       0.67193D-01
       0.17800D+03       0.51184D-03       0.89655D-02       0.26621D+00       0.67347D-01
       0.17900D+03       0.51251D-03      -0.34515D-02       0.26597D+00       0.67232D-01
       0.18000D+03       0.50731D-03       0.36221D-02       0.26574D+00       0.67180D-01
       0.18100D+03       0.50959D-03       0.92403D-02       0.26546D+00       0.67097D-01
       0.18200D+03       0.51318D-03      -0.32596D-01       0.26523D+00       0.67117D-01
       0.18300D+03       0.51353D-03      -0.16329D+00       0.26529D+00       0.67422D-01
       0.18400D+03       0.51050D-03      -0.30632D+00       0.26580D+00       0.67231D-01
       0.18500D+03       0.50861D-03      -0.20906D+00       0.26638D+00       0.67043D-01
       0.18600D+03       0.50890D-03      -0.52202D-01       0.26653D+00       0.66932D-01
       0.18700D+03       0.51379D-03       0.68072D-02       0.26632D+00       0.67042D-01
       0.18800D+03       0.51473D-03       0.15375D-02       0.26605D+00       0.67111D-01
       0.18900D+03       0.51132D-03      -0.15590D-02       0.26584D+00       0.67353D-01
       0.19000D+03       0.50912D-03       0.78802D-02       0.26561D+00       0.67374D-01
       0.19100D+03       0.51075D-03      -0.19484D-02       0.26534D+00       0.67350D-01
       0.19200D+03       0.51492D-03      -0.79977D-01       0.26521D+00       0.67550D-01
       0.19300D+03       0.51264D-03      -0.24272D+00       0.26546D+00       0.67398D-01
       0.19400D+03       0.51078D-03      -0.29320D+00       0.26605D+00       0.67358D-01
       0.19500D+03       0.50922D-03      -0.12712D+00       0.26645D+00       0.67527D-01
       0.19600D+03       0.51100D-03      -0.13885D-01       0.26641D+00       0.67627D-01
       0.19700D+03       0.51389D-03       0.99097D-02       0.26615D+00       0.67770D-01
       0.19800D+03       0.51501D-03      -0.32082D-02       0.26592D+00       0.67661D-01
       0.19900D+03       0.51019D-03       0.26021D-02       0.26572D+00       0.67613D-01
       0.20000D+03       0.51200D-03       0.98959D-02       0.26548D+00       0.67512D-01
       0.20100D+03       0.51503D-03      -0.25484D-01       0.26525D+00       0.67530D-01
       0.20200D+03       0.51598D-03      -0.14702D+00       0.26527D+00       0.67651D-01
       0.20300D+03       0.51305D-03      -0.30032D+00       0.26570D+00       0.67449D-01
       0.20400D+03       0.51069D-03      -0.22629D+00       0.26624D+00       0.67348D-01
       0.20500D+03       0.50995D-03      -0.62921D-01       0.26643D+00       0.67471D-01
       0.20600D+03       0.51390D-03       0.45970D-02       0.26626D+00       0.67549D-01
       0.20700D+03       0.51468D-03       0.30971D-02       0.26601D+00       0.67647D-01
       0.20800D+03       0.51236D-03      -0.22112D-02       0.26581D+00       0.67919D-01
       0.20900D+03       0.50950D-03       0.70682D-02       0.26561D+00       0.67929D-01
       0.21000D+03       0.51115D-03       0.14159D-02       0.26536D+00       0.67959D-01
       0.21100D+03       0.51514D-03      -0.68330D-01       0.26522D+00       0.68046D-01
       0.21200D+03       0.51324D-03      -0.22680D+00       0.26541D+00       0.67896D-01
       0.21300D+03       0.51173D-03      -0.30159D+00       0.26594D+00       0.67753D-01
       0.21400D+03       0.51042D-03      -0.14334D+00       0.26633D+00       0.67617D-01
       0.21500D+03       0.51108D-03      -0.20057D-01       0.26633D+00       0.67580D-01
       0.21600D+03       0.51415D-03       0.10343D-01       0.26611D+00       0.67683D-01
       0.21700D+03       0.51529D-03      -0.26828D-02       0.26589D+00       0.67628D-01
       0.21800D+03       0.51087D-03       0.15873D-02       0.26571D+00       0.67556D-01
       0.21900D+03       0.51199D-03       0.10025D-01       0.26549D+00       0.67414D-01
       0.22000D+03       0.51407D-03      -0.19285D-01       0.26527D+00       0.67436D-01
       0.22100D+03       0.51583D-03      -0.13145D+00       0.26526D+00       0.67560D-01
       0.22200D+03       0.51339D-03      -0.29178D+00       0.26562D+00       0.67491D-01
       0.22300D+03       0.51090D-03      -0.24283D+00       0.26613D+00       0.67354D-01
       0.22400D+03       0.50999D-03      -0.74534D-01       0.26633D+00       0.67472D-01
       0.22500D+03       0.51358D-03       0.18973D-02       0.26620D+00       0.67538D-01
       0.22600D+03       0.51424D-03       0.47501D-02       0.26597D+00       0.67651D-01
       0.22700D+03       0.51292D-03      -0.27821D-02       0.26579D+00       0.67590D-01
       0.22800D+03       0.50969D-03       0.62218D-02       0.26561D+00       0.67593D-01
       0.22900D+03       0.51143D-03       0.42777D-02       0.26538D+00       0.67763D-01
       0.23000D+03       0.51500D-03      -0.57555D-01       0.26523D+00       0.67854D-01
       0.23100D+03       0.51357D-03      -0.21023D+00       0.26537D+00       0.67732D-01
       0.23200D+03       0.51202D-03      -0.30718D+00       0.26584D+00       0.67564D-01
       0.23300D+03       0.51058D-03      -0.16029D+00       0.26623D+00       0.67385D-01
       0.23400D+03       0.51120D-03      -0.27215D-01       0.26626D+00       0.67340D-01
       0.23500D+03       0.51429D-03       0.10203D-01       0.26607D+00       0.67445D-01
       0.23600D+03       0.51549D-03      -0.18869D-02       0.26586D+00       0.67439D-01
       0.23700D+03       0.51161D-03       0.63036D-03       0.26570D+00       0.67400D-01
       0.23800D+03       0.51200D-03       0.97435D-02       0.26550D+00       0.67264D-01
       0.23900D+03       0.51358D-03      -0.13877D-01       0.26529D+00       0.67305D-01
       0.24000D+03       0.51604D-03      -0.11669D+00       0.26526D+00       0.67460D-01
       0.24100D+03       0.51403D-03      -0.28106D+00       0.26555D+00       0.67409D-01
       0.24200D+03       0.51147D-03      -0.25836D+00       0.26603D+00       0.67287D-01
       0.24300D+03       0.51038D-03      -0.87067D-01       0.26625D+00       0.67402D-01
       0.24400D+03       0.51341D-03      -0.13240D-02       0.26615D+00       0.67455D-01
       0.24500D+03       0.51423D-03       0.64094D-02       0.26594D+00       0.67575D-01
       0.24600D+03       0.51375D-03      -0.32169D-02       0.26577D+00       0.67426D-01
       0.24700D+03       0.51034D-03       0.53339D-02       0.26560D+00       0.67387D-01
       0.24800D+03       0.51205D-03       0.65919D-02       0.26540D+00       0.67498D-01
       0.24900D+03       0.51503D-03      -0.47706D-01       0.26525D+00       0.67604D-01
       0.25000D+03       0.51421D-03      -0.19331D+00       0.26535D+00       0.67521D-01
       0.25100D+03       0.51231D-03      -0.30969D+00       0.26576D+00       0.67387D-01
       0.25200D+03       0.51051D-03      -0.17772D+00       0.26615D+00       0.67265D-01
       0.25300D+03       0.51054D-03      -0.35358D-01       0.26621D+00       0.67209D-01
       0.25400D+03       0.51363D-03       0.94766D-02       0.26603D+00       0.67297D-01
       0.25500D+03       0.51464D-03      -0.84204D-03       0.26584D+00       0.67281D-01
       0.25600D+03       0.51135D-03      -0.23443D-03       0.26569D+00       0.67438D-01
       0.25700D+03       0.51097D-03       0.91902D-02       0.26551D+00       0.67417D-01
       0.25800D+03       0.51219D-03      -0.91218D-02       0.26531D+00       0.67439D-01
       0.25900D+03       0.51482D-03      -0.10276D+00       0.26525D+00       0.67581D-01
       0.26000D+03       0.51298D-03      -0.26853D+00       0.26550D+00       0.67469D-01
       0.26100D+03       0.51082D-03      -0.27251D+00       0.26594D+00       0.67428D-01
       0.26200D+03       0.50967D-03      -0.10057D+00       0.26618D+00       0.67522D-01
       0.26300D+03       0.51193D-03      -0.51550D-02       0.26611D+00       0.67568D-01
       0.26400D+03       0.51313D-03       0.79478D-02       0.26592D+00       0.67673D-01
       0.26500D+03       0.51329D-03      -0.34477D-02       0.26576D+00       0.67547D-01
       0.26600D+03       0.50985D-03       0.43936D-02       0.26560D+00       0.67488D-01
       0.26700D+03       0.51148D-03       0.83169D-02       0.26541D+00       0.67557D-01
       0.26800D+03       0.51402D-03      -0.38831D-01       0.26526D+00       0.67645D-01
       0.26900D+03       0.51369D-03      -0.17635D+00       0.26533D+00       0.67704D-01
       0.27000D+03       0.51203D-03      -0.30901D+00       0.26569D+00       0.67555D-01
       0.27100D+03       0.51040D-03      -0.19536D+00       0.26607D+00       0.67449D-01
       0.27200D+03       0.51067D-03      -0.44457D-01       0.26616D+00       0.67344D-01
       0.27300D+03       0.51379D-03       0.81851D-02       0.26600D+00       0.67431D-01
       0.27400D+03       0.51462D-03       0.42176D-03       0.26582D+00       0.67455D-01
       0.27500D+03       0.51189D-03      -0.10068D-02       0.26568D+00       0.67598D-01
       0.27600D+03       0.51083D-03       0.84848D-02       0.26551D+00       0.67661D-01
       0.27700D+03       0.51196D-03      -0.49052D-02       0.26533D+00       0.67667D-01
       0.27800D+03       0.51478D-03      -0.89649D-01       0.26526D+00       0.67905D-01
       0.27900D+03       0.51301D-03      -0.25451D+00       0.26545D+00       0.67791D-01
       0.28000D+03       0.51132D-03      -0.28494D+00       0.26586D+00       0.67737D-01
       0.28100D+03       0.51023D-03      -0.11509D+00       0.26612D+00       0.67744D-01
       0.28200D+03       0.51178D-03      -0.97230D-02       0.26608D+00       0.67771D-01
       0.28300D+03       0.51349D-03       0.92111D-02       0.26590D+00       0.67861D-01
       0.28400D+03       0.51397D-03      -0.34224D-02       0.26574D+00       0.67792D-01
       0.28500D+03       0.51064D-03       0.34005D-02       0.26560D+00       0.67757D-01
       0.28600D+03       0.51206D-03       0.94334D-02       0.26543D+00       0.67706D-01
       0.28700D+03       0.51442D-03      -0.30954D-01       0.26528D+00       0.67716D-01
       0.28800D+03       0.51481D-03      -0.15967D+00       0.26531D+00       0.67910D-01
       0.28900D+03       0.51267D-03      -0.30524D+00       0.26562D+00       0.67762D-01
       0.29000D+03       0.51116D-03      -0.21288D+00       0.26600D+00       0.67712D-01
       0.29100D+03       0.51103D-03      -0.54476D-01       0.26611D+00       0.67817D-01
       0.29200D+03       0.51407D-03       0.63646D-02       0.26598D+00       0.67890D-01
       0.29300D+03       0.51466D-03       0.18683D-02       0.26580D+00       0.67931D-01
       0.29400D+03       0.51256D-03      -0.17074D-02       0.26567D+00       0.68089D-01
       0.29500D+03       0.51090D-03       0.77052D-02       0.26552D+00       0.68083D-01
       0.29600D+03       0.51197D-03      -0.11696D-02       0.26534D+00       0.68067D-01
       0.29700D+03       0.51478D-03      -0.77351D-01       0.26526D+00       0.68299D-01
       0.29800D+03       0.51335D-03      -0.23930D+00       0.26542D+00       0.68181D-01
       0.29900D+03       0.51209D-03      -0.29526D+00       0.26580D+00       0.68136D-01
       0.30000D+03       0.51127D-03      -0.13060D+00       0.26606D+00       0.68249D-01
       0.30100D+03       0.51224D-03      -0.15155D-01       0.26604D+00       0.68279D-01
       0.30200D+03       0.51426D-03       0.10052D-01       0.26588D+00       0.68365D-01
       0.30300D+03       0.51501D-03      -0.31169D-02       0.26573D+00       0.68296D-01
       0.30400D+03       0.51185D-03       0.23773D-02       0.26560D+00       0.68263D-01
       0.30500D+03       0.51287D-03       0.99658D-02       0.26544D+00       0.68196D-01
       0.30600D+03       0.51475D-03      -0.24050D-01       0.26529D+00       0.68214D-01
       0.30700D+03       0.51554D-03      -0.14354D+00       0.26530D+00       0.68296D-01
       0.30800D+03       0.51374D-03      -0.29865D+00       0.26557D+00       0.68252D-01
       0.30900D+03       0.51188D-03      -0.22999D+00       0.26593D+00       0.68128D-01
       0.31000D+03       0.51175D-03      -0.65391D-01       0.26606D+00       0.68232D-01
       0.31100D+03       0.51448D-03       0.40472D-02       0.26595D+00       0.68354D-01
       0.31200D+03       0.51499D-03       0.34540D-02       0.26579D+00       0.68416D-01
       0.31300D+03       0.51356D-03      -0.23448D-02       0.26566D+00       0.68601D-01
       0.31400D+03       0.51152D-03       0.68856D-02       0.26552D+00       0.68597D-01
       0.31500D+03       0.51264D-03       0.20879D-02       0.26536D+00       0.68614D-01
       0.31600D+03       0.51519D-03      -0.65890D-01       0.26526D+00       0.68667D-01
       0.31700D+03       0.51399D-03      -0.22321D+00       0.26539D+00       0.68585D-01
       0.31800D+03       0.51257D-03      -0.30307D+00       0.26573D+00       0.68476D-01
       0.31900D+03       0.51173D-03      -0.14700D+00       0.26601D+00       0.68387D-01
       0.32000D+03       0.51237D-03      -0.21542D-01       0.26601D+00       0.68357D-01
       0.32100D+03       0.51436D-03       0.10363D-01       0.26586D+00       0.68427D-01
       0.32200D+03       0.51513D-03      -0.25308D-02       0.26572D+00       0.68388D-01
       0.32300D+03       0.51216D-03       0.13709D-02       0.26559D+00       0.68336D-01
       0.32400D+03       0.51285D-03       0.99934D-02       0.26545D+00       0.68238D-01
       0.32500D+03       0.51418D-03      -0.18036D-01       0.26530D+00       0.68259D-01
       0.32600D+03       0.51556D-03      -0.12815D+00       0.26529D+00       0.68359D-01
       0.32700D+03       0.51407D-03      -0.28960D+00       0.26552D+00       0.68326D-01
       0.32800D+03       0.51234D-03      -0.24634D+00       0.26587D+00       0.68226D-01
       0.32900D+03       0.51165D-03      -0.77202D-01       0.26602D+00       0.68324D-01
       0.33000D+03       0.51396D-03       0.12378D-02       0.26593D+00       0.68371D-01
       0.33100D+03       0.51443D-03       0.51172D-02       0.26578D+00       0.68447D-01
       0.33200D+03       0.51362D-03      -0.28915D-02       0.26565D+00       0.68407D-01
       0.33300D+03       0.51134D-03       0.60310D-02       0.26553D+00       0.68408D-01
       0.33400D+03       0.51256D-03       0.48336D-02       0.26537D+00       0.68392D-01
       0.33500D+03       0.51490D-03      -0.55314D-01       0.26527D+00       0.68449D-01
       0.33600D+03       0.51402D-03      -0.20654D+00       0.26536D+00       0.68366D-01
       0.33700D+03       0.51301D-03      -0.30801D+00       0.26568D+00       0.68269D-01
       0.33800D+03       0.51186D-03      -0.16408D+00       0.26596D+00       0.68172D-01
       0.33900D+03       0.51202D-03      -0.28917D-01       0.26598D+00       0.68104D-01
       0.34000D+03       0.51427D-03       0.10094D-01       0.26585D+00       0.68178D-01
       0.34100D+03       0.51509D-03      -0.16782D-02       0.26571D+00       0.68172D-01
       0.34200D+03       0.51243D-03       0.43229D-03       0.26559D+00       0.68141D-01
       0.34300D+03       0.51261D-03       0.96408D-02       0.26546D+00       0.68048D-01
       0.34400D+03       0.51366D-03      -0.12783D-01       0.26531D+00       0.68084D-01
       0.34500D+03       0.51528D-03      -0.11357D+00       0.26528D+00       0.68182D-01
       0.34600D+03       0.51375D-03      -0.27846D+00       0.26548D+00       0.68090D-01
       0.34700D+03       0.51195D-03      -0.26159D+00       0.26582D+00       0.68041D-01
       0.34800D+03       0.51106D-03      -0.89943D-01       0.26598D+00       0.68139D-01
       0.34900D+03       0.51301D-03      -0.21079D-02       0.26591D+00       0.68180D-01
       0.35000D+03       0.51363D-03       0.67622D-02       0.26577D+00       0.68254D-01
       0.35100D+03       0.51337D-03      -0.32871D-02       0.26565D+00       0.68149D-01
       0.35200D+03       0.51093D-03       0.51325D-02       0.26553D+00       0.68120D-01
       0.35300D+03       0.51215D-03       0.70218D-02       0.26539D+00       0.68195D-01
       0.35400D+03       0.51429D-03      -0.45675D-01       0.26528D+00       0.68264D-01
       0.35500D+03       0.51369D-03      -0.18958D+00       0.26534D+00       0.68191D-01
       0.35600D+03       0.51292D-03      -0.30981D+00       0.26563D+00       0.68081D-01
       0.35700D+03       0.51163D-03      -0.18158D+00       0.26591D+00       0.67984D-01
       0.35800D+03       0.51198D-03      -0.37273D-01       0.26596D+00       0.67906D-01
       0.35900D+03       0.51428D-03       0.92406D-02       0.26584D+00       0.67963D-01
       0.36000D+03       0.51498D-03      -0.58248D-03       0.26570D+00       0.67948D-01
       0.36100D+03       0.51269D-03      -0.41111D-03       0.26559D+00       0.68056D-01
       0.36200D+03       0.51231D-03       0.90451D-02       0.26546D+00       0.68015D-01
       0.36300D+03       0.51317D-03      -0.81540D-02       0.26533D+00       0.68030D-01
       0.36400D+03       0.51517D-03      -0.99817D-01       0.26528D+00       0.68124D-01
       0.36500D+03       0.51387D-03      -0.26557D+00       0.26545D+00       0.68042D-01
       0.36600D+03       0.51234D-03      -0.27540D+00       0.26577D+00       0.67999D-01
       0.36700D+03       0.51138D-03      -0.10367D+00       0.26594D+00       0.68079D-01
       0.36800D+03       0.51290D-03      -0.60889D-02       0.26590D+00       0.68119D-01
       0.36900D+03       0.51383D-03       0.82539D-02       0.26576D+00       0.68187D-01
       0.37000D+03       0.51400D-03      -0.34654D-02       0.26564D+00       0.68097D-01
       0.37100D+03       0.51150D-03       0.41800D-02       0.26553D+00       0.68053D-01
       0.37200D+03       0.51266D-03       0.86138D-02       0.26540D+00       0.68081D-01
       0.37300D+03       0.51459D-03      -0.37018D-01       0.26529D+00       0.68079D-01
       0.37400D+03       0.51452D-03      -0.17266D+00       0.26533D+00       0.68121D-01
       0.37500D+03       0.51330D-03      -0.30844D+00       0.26559D+00       0.68041D-01
       0.37600D+03       0.51222D-03      -0.19922D+00       0.26586D+00       0.67954D-01
       0.37700D+03       0.51230D-03      -0.46577D-01       0.26593D+00       0.67888D-01
       0.37800D+03       0.51468D-03       0.78298D-02       0.26582D+00       0.67954D-01
       0.37900D+03       0.51526D-03       0.72468D-03       0.26569D+00       0.67969D-01
       0.38000D+03       0.51333D-03      -0.11658D-02       0.26559D+00       0.68072D-01
       0.38100D+03       0.51247D-03       0.83184D-02       0.26547D+00       0.68116D-01
       0.38200D+03       0.51329D-03      -0.40458D-02       0.26534D+00       0.68120D-01
       0.38300D+03       0.51523D-03      -0.86882D-01       0.26528D+00       0.68287D-01
       0.38400D+03       0.51401D-03      -0.25126D+00       0.26542D+00       0.68208D-01
       0.38500D+03       0.51277D-03      -0.28740D+00       0.26572D+00       0.68157D-01
       0.38600D+03       0.51191D-03      -0.11841D+00       0.26591D+00       0.68193D-01
       0.38700D+03       0.51304D-03      -0.10836D-01       0.26588D+00       0.68207D-01
       0.38800D+03       0.51439D-03       0.94361D-02       0.26575D+00       0.68273D-01
       0.38900D+03       0.51488D-03      -0.33797D-02       0.26564D+00       0.68220D-01
       0.39000D+03       0.51243D-03       0.31774D-02       0.26553D+00       0.68194D-01
       0.39100D+03       0.51343D-03       0.95983D-02       0.26541D+00       0.68158D-01
       0.39200D+03       0.51507D-03      -0.29358D-01       0.26530D+00       0.68168D-01
       0.39300D+03       0.51545D-03      -0.15608D+00       0.26532D+00       0.68314D-01
       0.39400D+03       0.51417D-03      -0.30402D+00       0.26554D+00       0.68206D-01
       0.39500D+03       0.51303D-03      -0.21668D+00       0.26582D+00       0.68166D-01
       0.39600D+03       0.51296D-03      -0.56794D-01       0.26591D+00       0.68167D-01
       0.39700D+03       0.51530D-03       0.58982D-02       0.26581D+00       0.68279D-01
       0.39800D+03       0.51572D-03       0.22059D-02       0.26569D+00       0.68309D-01
       0.39900D+03       0.51425D-03      -0.18529D-02       0.26559D+00       0.68418D-01
       0.40000D+03       0.51293D-03       0.75283D-02       0.26548D+00       0.68414D-01
       0.40100D+03       0.51373D-03      -0.41356D-03       0.26535D+00       0.68402D-01
       0.40200D+03       0.51572D-03      -0.74765D-01       0.26528D+00       0.68492D-01
       0.40300D+03       0.51460D-03      -0.23584D+00       0.26539D+00       0.68420D-01
       0.40400D+03       0.51362D-03      -0.29720D+00       0.26567D+00       0.68316D-01
       0.40500D+03       0.51269D-03      -0.13413D+00       0.26587D+00       0.68311D-01
       0.40600D+03       0.51328D-03      -0.16472D-01       0.26586D+00       0.68329D-01
       0.40700D+03       0.51473D-03       0.10168D-01       0.26574D+00       0.68395D-01
       0.40800D+03       0.51531D-03      -0.30121D-02       0.26563D+00       0.68356D-01
       0.40900D+03       0.51295D-03       0.21533D-02       0.26554D+00       0.68331D-01
       0.41000D+03       0.51367D-03       0.10011D-01       0.26542D+00       0.68283D-01
       0.41100D+03       0.51500D-03      -0.22659D-01       0.26531D+00       0.68295D-01
       0.41200D+03       0.51587D-03      -0.14010D+00       0.26531D+00       0.68379D-01
       0.41300D+03       0.51456D-03      -0.29686D+00       0.26551D+00       0.68294D-01
       0.41400D+03       0.51332D-03      -0.23365D+00       0.26578D+00       0.68200D-01
       0.41500D+03       0.51317D-03      -0.67904D-01       0.26588D+00       0.68293D-01
       0.41600D+03       0.51512D-03       0.34739D-02       0.26580D+00       0.68388D-01
       0.41700D+03       0.51550D-03       0.38148D-02       0.26568D+00       0.68448D-01
       0.41800D+03       0.51451D-03      -0.24742D-02       0.26558D+00       0.68421D-01
       0.41900D+03       0.51291D-03       0.67014D-02       0.26548D+00       0.68419D-01
       0.42000D+03       0.51377D-03       0.27353D-02       0.26536D+00       0.68434D-01
       0.42100D+03       0.51566D-03      -0.63494D-01       0.26528D+00       0.68484D-01
       0.42200D+03       0.51473D-03      -0.21960D+00       0.26537D+00       0.68411D-01
       0.42300D+03       0.51387D-03      -0.30441D+00       0.26563D+00       0.68337D-01
       0.42400D+03       0.51300D-03      -0.15069D+00       0.26584D+00       0.68235D-01
       0.42500D+03       0.51349D-03      -0.23074D-01       0.26585D+00       0.68211D-01
       0.42600D+03       0.51508D-03       0.10354D-01       0.26574D+00       0.68266D-01
       0.42700D+03       0.51575D-03      -0.23660D-02       0.26563D+00       0.68263D-01
       0.42800D+03       0.51352D-03       0.11578D-02       0.26554D+00       0.68225D-01
       0.42900D+03       0.51399D-03       0.99437D-02       0.26543D+00       0.68151D-01
       0.43000D+03       0.51495D-03      -0.16824D-01       0.26531D+00       0.68167D-01
       0.43100D+03       0.51594D-03      -0.12488D+00       0.26530D+00       0.68237D-01
       0.43200D+03       0.51468D-03      -0.28732D+00       0.26548D+00       0.68143D-01
       0.43300D+03       0.51322D-03      -0.24979D+00       0.26574D+00       0.68065D-01
       0.43400D+03       0.51292D-03      -0.79914D-01       0.26586D+00       0.68162D-01
       0.43500D+03       0.51476D-03       0.55275D-03       0.26579D+00       0.68203D-01
       0.43600D+03       0.51513D-03       0.54836D-02       0.26568D+00       0.68261D-01
       0.43700D+03       0.51459D-03      -0.29936D-02       0.26558D+00       0.68174D-01
       0.43800D+03       0.51277D-03       0.58382D-02       0.26549D+00       0.68148D-01
       0.43900D+03       0.51372D-03       0.53628D-02       0.26537D+00       0.68138D-01
       0.44000D+03       0.51543D-03      -0.53118D-01       0.26529D+00       0.68185D-01
       0.44100D+03       0.51477D-03      -0.20283D+00       0.26536D+00       0.68127D-01
       0.44200D+03       0.51381D-03      -0.30868D+00       0.26560D+00       0.68056D-01
       0.44300D+03       0.51272D-03      -0.16789D+00       0.26581D+00       0.67990D-01
       0.44400D+03       0.51289D-03      -0.30667D-01       0.26584D+00       0.67948D-01
       0.44500D+03       0.51459D-03       0.99559D-02       0.26573D+00       0.68003D-01
       0.44600D+03       0.51520D-03      -0.14577D-02       0.26562D+00       0.67998D-01
       0.44700D+03       0.51319D-03       0.23895D-03       0.26554D+00       0.67974D-01
       0.44800D+03       0.51324D-03       0.95265D-02       0.26543D+00       0.67904D-01
       0.44900D+03       0.51401D-03      -0.11719D-01       0.26532D+00       0.67932D-01
       0.45000D+03       0.51537D-03      -0.11048D+00       0.26530D+00       0.68003D-01
       0.45100D+03       0.51428D-03      -0.27577D+00       0.26545D+00       0.67936D-01
       0.45200D+03       0.51290D-03      -0.26475D+00       0.26570D+00       0.67897D-01
       0.45300D+03       0.51221D-03      -0.92866D-01       0.26583D+00       0.68004D-01
       0.45400D+03       0.51364D-03      -0.29221D-02       0.26579D+00       0.68042D-01
       0.45500D+03       0.51416D-03       0.71077D-02       0.26567D+00       0.68099D-01
       0.45600D+03       0.51402D-03      -0.33469D-02       0.26558D+00       0.68026D-01
       0.45700D+03       0.51210D-03       0.49284D-02       0.26549D+00       0.68005D-01
       0.45800D+03       0.51306D-03       0.74229D-02       0.26538D+00       0.68062D-01
       0.45900D+03       0.51463D-03      -0.43691D-01       0.26530D+00       0.68112D-01
       0.46000D+03       0.51429D-03      -0.18586D+00       0.26534D+00       0.68081D-01
       0.46100D+03       0.51342D-03      -0.30978D+00       0.26556D+00       0.68007D-01
       0.46200D+03       0.51237D-03      -0.18545D+00       0.26578D+00       0.67927D-01
       0.46300D+03       0.51265D-03      -0.39233D-01       0.26582D+00       0.67873D-01
       0.46400D+03       0.51440D-03       0.89777D-02       0.26573D+00       0.67921D-01
       0.46500D+03       0.51493D-03      -0.31273D-03       0.26562D+00       0.67922D-01
       0.46600D+03       0.51319D-03      -0.58346D-03       0.26554D+00       0.68006D-01
       0.46700D+03       0.51283D-03       0.88939D-02       0.26544D+00       0.68012D-01
       0.46800D+03       0.51348D-03      -0.72111D-02       0.26533D+00       0.68024D-01
       0.46900D+03       0.51496D-03      -0.96911D-01       0.26530D+00       0.68092D-01
       0.47000D+03       0.51403D-03      -0.26255D+00       0.26542D+00       0.68016D-01
       0.47100D+03       0.51285D-03      -0.27820D+00       0.26567D+00       0.67974D-01
       0.47200D+03       0.51223D-03      -0.10681D+00       0.26581D+00       0.68055D-01
       0.47300D+03       0.51344D-03      -0.70596D-02       0.26578D+00       0.68071D-01
       0.47400D+03       0.51422D-03       0.85450D-02       0.26567D+00       0.68125D-01
       0.47500D+03       0.51441D-03      -0.34702D-02       0.26558D+00       0.68056D-01
       0.47600D+03       0.51244D-03       0.39639D-02       0.26549D+00       0.68022D-01
       0.47700D+03       0.51334D-03       0.88812D-02       0.26539D+00       0.68044D-01
       0.47800D+03       0.51476D-03      -0.35254D-01       0.26530D+00       0.68045D-01
       0.47900D+03       0.51479D-03      -0.16899D+00       0.26533D+00       0.68145D-01
       0.48000D+03       0.51397D-03      -0.30772D+00       0.26553D+00       0.68069D-01
       0.48100D+03       0.51317D-03      -0.20307D+00       0.26575D+00       0.68008D-01
       0.48200D+03       0.51324D-03      -0.48740D-01       0.26581D+00       0.67979D-01
       0.48300D+03       0.51500D-03       0.74496D-02       0.26572D+00       0.68021D-01
       0.48400D+03       0.51544D-03       0.10360D-02       0.26562D+00       0.68033D-01
       0.48500D+03       0.51402D-03      -0.13217D-02       0.26554D+00       0.68126D-01
       0.48600D+03       0.51325D-03       0.81491D-02       0.26545D+00       0.68135D-01
       0.48700D+03       0.51389D-03      -0.32090D-02       0.26534D+00       0.68139D-01
       0.48800D+03       0.51551D-03      -0.84154D-01       0.26529D+00       0.68204D-01
       0.48900D+03       0.51458D-03      -0.24797D+00       0.26540D+00       0.68142D-01
       0.49000D+03       0.51360D-03      -0.28975D+00       0.26563D+00       0.68100D-01
       0.49100D+03       0.51288D-03      -0.12177D+00       0.26579D+00       0.68087D-01
       0.49200D+03       0.51368D-03      -0.11993D-01       0.26577D+00       0.68094D-01
       0.49300D+03       0.51472D-03       0.96393D-02       0.26567D+00       0.68148D-01
       0.49400D+03       0.51514D-03      -0.33234D-02       0.26558D+00       0.68105D-01
       0.49500D+03       0.51320D-03       0.29532D-02       0.26550D+00       0.68085D-01
       0.49600D+03       0.51396D-03       0.97354D-02       0.26540D+00       0.68041D-01
       0.49700D+03       0.51519D-03      -0.27810D-01       0.26531D+00       0.68048D-01
       0.49800D+03       0.51562D-03      -0.15252D+00       0.26532D+00       0.68176D-01
       0.49900D+03       0.51449D-03      -0.30268D+00       0.26550D+00       0.68100D-01
       0.50000D+03       0.51359D-03      -0.22046D+00       0.26572D+00       0.68067D-01
       0.50100D+03       0.51362D-03      -0.59154D-01       0.26579D+00       0.68154D-01
       0.50200D+03       0.51536D-03       0.54082D-02       0.26572D+00       0.68185D-01
       0.50300D+03       0.51569D-03       0.25497D-02       0.26562D+00       0.68225D-01
       0.50400D+03       0.51458D-03      -0.19954D-02       0.26554D+00       0.68311D-01
       0.50500D+03       0.51348D-03       0.73499D-02       0.26545D+00       0.68308D-01
       0.50600D+03       0.51412D-03       0.31931D-03       0.26535D+00       0.68332D-01
       0.50700D+03       0.51576D-03      -0.72219D-01       0.26530D+00       0.68367D-01
       0.50800D+03       0.51494D-03      -0.23234D+00       0.26538D+00       0.68315D-01
       0.50900D+03       0.51439D-03      -0.29902D+00       0.26560D+00       0.68258D-01
       0.51000D+03       0.51381D-03      -0.13769D+00       0.26576D+00       0.68200D-01
       0.51100D+03       0.51428D-03      -0.17836D-01       0.26576D+00       0.68225D-01
       0.51200D+03       0.51551D-03       0.10257D-01       0.26567D+00       0.68279D-01
       0.51300D+03       0.51597D-03      -0.28938D-02       0.26558D+00       0.68254D-01
       0.51400D+03       0.51410D-03       0.19306D-02       0.26550D+00       0.68235D-01
       0.51500D+03       0.51463D-03       0.10033D-01       0.26541D+00       0.68191D-01
       0.51600D+03       0.51558D-03      -0.21310D-01       0.26532D+00       0.68200D-01
       0.51700D+03       0.51624D-03      -0.13669D+00       0.26532D+00       0.68260D-01
       0.51800D+03       0.51508D-03      -0.29496D+00       0.26547D+00       0.68179D-01
       0.51900D+03       0.51403D-03      -0.23727D+00       0.26569D+00       0.68123D-01
       0.52000D+03       0.51367D-03      -0.70459D-01       0.26577D+00       0.68153D-01
       0.52100D+03       0.51530D-03       0.28770D-02       0.26571D+00       0.68233D-01
       0.52200D+03       0.51561D-03       0.41786D-02       0.26562D+00       0.68281D-01
       0.52300D+03       0.51493D-03      -0.25988D-02       0.26554D+00       0.68256D-01
       0.52400D+03       0.51360D-03       0.65155D-02       0.26546D+00       0.68256D-01
       0.52500D+03       0.51432D-03       0.33577D-02       0.26536D+00       0.68330D-01
       0.52600D+03       0.51587D-03      -0.61140D-01       0.26530D+00       0.68373D-01
       0.52700D+03       0.51518D-03      -0.21596D+00       0.26537D+00       0.68312D-01
       0.52800D+03       0.51439D-03      -0.30561D+00       0.26557D+00       0.68229D-01
       0.52900D+03       0.51362D-03      -0.15442D+00       0.26574D+00       0.68147D-01
       0.53000D+03       0.51390D-03      -0.24654D-01       0.26575D+00       0.68116D-01
       0.53100D+03       0.51524D-03       0.10317D-01       0.26566D+00       0.68159D-01
       0.53200D+03       0.51578D-03      -0.21885D-02       0.26557D+00       0.68144D-01
       0.53300D+03       0.51402D-03       0.94849D-03       0.26550D+00       0.68127D-01
       0.53400D+03       0.51427D-03       0.98773D-02       0.26541D+00       0.68068D-01
       0.53500D+03       0.51503D-03      -0.15647D-01       0.26532D+00       0.68085D-01
       0.53600D+03       0.51604D-03      -0.12165D+00       0.26531D+00       0.68146D-01
       0.53700D+03       0.51503D-03      -0.28495D+00       0.26545D+00       0.68113D-01
       0.53800D+03       0.51379D-03      -0.25318D+00       0.26566D+00       0.68069D-01
       0.53900D+03       0.51326D-03      -0.82672D-01       0.26576D+00       0.68098D-01
       0.54000D+03       0.51453D-03      -0.15873D-03       0.26571D+00       0.68115D-01
       0.54100D+03       0.51485D-03       0.58480D-02       0.26562D+00       0.68163D-01
       0.54200D+03       0.51454D-03      -0.30877D-02       0.26554D+00       0.68093D-01
       0.54300D+03       0.51303D-03       0.56431D-02       0.26546D+00       0.68073D-01
       0.54400D+03       0.51381D-03       0.58646D-02       0.26537D+00       0.68128D-01
       0.54500D+03       0.51522D-03      -0.50968D-01       0.26530D+00       0.68164D-01
       0.54600D+03       0.51474D-03      -0.19912D+00       0.26535D+00       0.68122D-01
       0.54700D+03       0.51414D-03      -0.30919D+00       0.26554D+00       0.68065D-01
       0.54800D+03       0.51319D-03      -0.17172D+00       0.26572D+00       0.68008D-01
       0.54900D+03       0.51342D-03      -0.32463D-01       0.26574D+00       0.67967D-01
       0.55000D+03       0.51486D-03       0.97903D-02       0.26566D+00       0.68014D-01
       0.55100D+03       0.51534D-03      -0.12258D-02       0.26557D+00       0.68015D-01
       0.55200D+03       0.51374D-03       0.50383D-04       0.26550D+00       0.67995D-01
       0.55300D+03       0.51372D-03       0.94020D-02       0.26542D+00       0.67938D-01
       0.55400D+03       0.51432D-03      -0.10684D-01       0.26533D+00       0.67947D-01
       0.55500D+03       0.51539D-03      -0.10744D+00       0.26531D+00       0.68015D-01
       0.55600D+03       0.51450D-03      -0.27300D+00       0.26542D+00       0.67961D-01
       0.55700D+03       0.51331D-03      -0.26785D+00       0.26563D+00       0.67922D-01
       0.55800D+03       0.51265D-03      -0.95838D-01       0.26574D+00       0.68026D-01
       0.55900D+03       0.51384D-03      -0.37681D-02       0.26571D+00       0.68045D-01
       0.56000D+03       0.51429D-03       0.74443D-02       0.26561D+00       0.68092D-01
       0.56100D+03       0.51423D-03      -0.33955D-02       0.26554D+00       0.68032D-01
       0.56200D+03       0.51265D-03       0.47217D-02       0.26547D+00       0.68015D-01
       0.56300D+03       0.51343D-03       0.77949D-02       0.26538D+00       0.68003D-01
       0.56400D+03       0.51473D-03      -0.41756D-01       0.26531D+00       0.68046D-01
       0.56500D+03       0.51453D-03      -0.18214D+00       0.26534D+00       0.68018D-01
       0.56600D+03       0.51370D-03      -0.30960D+00       0.26552D+00       0.67948D-01
       0.56700D+03       0.51280D-03      -0.18932D+00       0.26570D+00       0.67880D-01
       0.56800D+03       0.51286D-03      -0.41239D-01       0.26573D+00       0.67821D-01
       0.56900D+03       0.51435D-03       0.86884D-02       0.26566D+00       0.67863D-01
       0.57000D+03       0.51477D-03      -0.33166D-04       0.26557D+00       0.67864D-01
       0.57100D+03       0.51339D-03      -0.75173D-03       0.26550D+00       0.67933D-01
       0.57200D+03       0.51303D-03       0.87375D-02       0.26543D+00       0.67936D-01
       0.57300D+03       0.51358D-03      -0.62922D-02       0.26534D+00       0.67947D-01
       0.57400D+03       0.51489D-03      -0.94044D-01       0.26530D+00       0.68069D-01
       0.57500D+03       0.51405D-03      -0.25945D+00       0.26540D+00       0.68016D-01
       0.57600D+03       0.51306D-03      -0.28091D+00       0.26561D+00       0.67975D-01
       0.57700D+03       0.51257D-03      -0.11001D+00       0.26573D+00       0.68018D-01
       0.57800D+03       0.51348D-03      -0.80686D-02       0.26570D+00       0.68037D-01
       0.57900D+03       0.51417D-03       0.88195D-02       0.26561D+00       0.68082D-01
       0.58000D+03       0.51435D-03      -0.34620D-02       0.26554D+00       0.68046D-01
       0.58100D+03       0.51273D-03       0.37455D-02       0.26547D+00       0.68029D-01
       0.58200D+03       0.51345D-03       0.91195D-02       0.26538D+00       0.68045D-01
       0.58300D+03       0.51460D-03      -0.33537D-01       0.26531D+00       0.68050D-01
       0.58400D+03       0.51470D-03      -0.16533D+00       0.26533D+00       0.68139D-01
       0.58500D+03       0.51380D-03      -0.30686D+00       0.26549D+00       0.68088D-01
       0.58600D+03       0.51317D-03      -0.20692D+00       0.26568D+00       0.68037D-01
       0.58700D+03       0.51321D-03      -0.50947D-01       0.26572D+00       0.68020D-01
       0.58800D+03       0.51473D-03       0.70447D-02       0.26566D+00       0.68051D-01
       0.58900D+03       0.51508D-03       0.13553D-02       0.26557D+00       0.68072D-01
       0.59000D+03       0.51396D-03      -0.14746D-02       0.26551D+00       0.68148D-01
       0.59100D+03       0.51327D-03       0.79774D-02       0.26543D+00       0.68153D-01
       0.59200D+03       0.51380D-03      -0.23948D-02       0.26534D+00       0.68158D-01
       0.59300D+03       0.51515D-03      -0.81466D-01       0.26530D+00       0.68213D-01
       0.59400D+03       0.51444D-03      -0.24462D+00       0.26539D+00       0.68165D-01
       0.59500D+03       0.51384D-03      -0.29199D+00       0.26558D+00       0.68146D-01
       0.59600D+03       0.51331D-03      -0.12519D+00       0.26571D+00       0.68139D-01
       0.59700D+03       0.51398D-03      -0.13193D-01       0.26570D+00       0.68175D-01
       0.59800D+03       0.51489D-03       0.98193D-02       0.26561D+00       0.68220D-01
       0.59900D+03       0.51525D-03      -0.32534D-02       0.26554D+00       0.68184D-01
       0.60000D+03       0.51365D-03       0.27283D-02       0.26547D+00       0.68167D-01
       0.60100D+03       0.51426D-03       0.98456D-02       0.26539D+00       0.68132D-01
       0.60200D+03       0.51530D-03      -0.26306D-01       0.26532D+00       0.68137D-01
       0.60300D+03       0.51563D-03      -0.14899D+00       0.26533D+00       0.68179D-01
       0.60400D+03       0.51471D-03      -0.30120D+00       0.26547D+00       0.68115D-01
       0.60500D+03       0.51390D-03      -0.22420D+00       0.26565D+00       0.68080D-01
       0.60600D+03       0.51370D-03      -0.61556D-01       0.26571D+00       0.68119D-01
       0.60700D+03       0.51521D-03       0.48949D-02       0.26566D+00       0.68147D-01
       0.60800D+03       0.51547D-03       0.28991D-02       0.26557D+00       0.68180D-01
       0.60900D+03       0.51465D-03      -0.21347D-02       0.26551D+00       0.68268D-01
       0.61000D+03       0.51369D-03       0.71698D-02       0.26544D+00       0.68266D-01
       0.61100D+03       0.51425D-03       0.10287D-02       0.26535D+00       0.68276D-01
       0.61200D+03       0.51555D-03      -0.69715D-01       0.26530D+00       0.68302D-01
       0.61300D+03       0.51489D-03      -0.22880D+00       0.26537D+00       0.68258D-01
       0.61400D+03       0.51439D-03      -0.30070D+00       0.26555D+00       0.68205D-01
       0.61500D+03       0.51391D-03      -0.14130D+00       0.26569D+00       0.68152D-01
       0.61600D+03       0.51441D-03      -0.19246D-01       0.26569D+00       0.68151D-01
       0.61700D+03       0.51545D-03       0.10320D-01       0.26561D+00       0.68186D-01
       0.61800D+03       0.51585D-03      -0.27623D-02       0.26554D+00       0.68166D-01
       0.61900D+03       0.51428D-03       0.17099D-02       0.26547D+00       0.68140D-01
       0.62000D+03       0.51469D-03       0.10034D-01       0.26540D+00       0.68093D-01
       0.62100D+03       0.51545D-03      -0.20001D-01       0.26532D+00       0.68100D-01
       0.62200D+03       0.51610D-03      -0.13333D+00       0.26532D+00       0.68145D-01
       0.62300D+03       0.51520D-03      -0.29295D+00       0.26545D+00       0.68118D-01
       0.62400D+03       0.51431D-03      -0.24085D+00       0.26563D+00       0.68069D-01
       0.62500D+03       0.51406D-03      -0.73058D-01       0.26570D+00       0.68107D-01
       0.62600D+03       0.51532D-03       0.22560D-02       0.26565D+00       0.68128D-01
       0.62700D+03       0.51555D-03       0.45445D-02       0.26557D+00       0.68168D-01
       0.62800D+03       0.51504D-03      -0.27179D-02       0.26551D+00       0.68145D-01
       0.62900D+03       0.51388D-03       0.63278D-02       0.26544D+00       0.68145D-01
       0.63000D+03       0.51450D-03       0.39546D-02       0.26536D+00       0.68206D-01
       0.63100D+03       0.51574D-03      -0.58830D-01       0.26531D+00       0.68240D-01
       0.63200D+03       0.51524D-03      -0.21229D+00       0.26536D+00       0.68200D-01
       0.63300D+03       0.51447D-03      -0.30666D+00       0.26553D+00       0.68142D-01
       0.63400D+03       0.51389D-03      -0.15817D+00       0.26568D+00       0.68080D-01
       0.63500D+03       0.51409D-03      -0.26282D-01       0.26569D+00       0.68057D-01
       0.63600D+03       0.51520D-03       0.10252D-01       0.26561D+00       0.68094D-01
       0.63700D+03       0.51564D-03      -0.19986D-02       0.26554D+00       0.68091D-01
       0.63800D+03       0.51419D-03       0.74337D-03       0.26548D+00       0.68075D-01
       0.63900D+03       0.51435D-03       0.97955D-02       0.26540D+00       0.68023D-01
       0.64000D+03       0.51496D-03      -0.14504D-01       0.26533D+00       0.68037D-01
       0.64100D+03       0.51577D-03      -0.11846D+00       0.26532D+00       0.68097D-01
       0.64200D+03       0.51499D-03      -0.28248D+00       0.26543D+00       0.68076D-01
       0.64300D+03       0.51402D-03      -0.25652D+00       0.26561D+00       0.68031D-01
       0.64400D+03       0.51358D-03      -0.85476D-01       0.26569D+00       0.68064D-01
       0.64500D+03       0.51469D-03      -0.89759D-03       0.26565D+00       0.68081D-01
       0.64600D+03       0.51498D-03       0.62091D-02       0.26557D+00       0.68133D-01
       0.64700D+03       0.51477D-03      -0.31731D-02       0.26551D+00       0.68076D-01
       0.64800D+03       0.51348D-03       0.54456D-02       0.26545D+00       0.68060D-01
       0.64900D+03       0.51414D-03       0.63386D-02       0.26537D+00       0.68102D-01
       0.65000D+03       0.51531D-03      -0.48864D-01       0.26531D+00       0.68138D-01
       0.65100D+03       0.51501D-03      -0.19540D+00       0.26535D+00       0.68110D-01
       0.65200D+03       0.51432D-03      -0.30956D+00       0.26551D+00       0.68063D-01
       0.65300D+03       0.51359D-03      -0.17556D+00       0.26566D+00       0.68012D-01
       0.65400D+03       0.51357D-03      -0.34305D-01       0.26568D+00       0.67984D-01
       0.65500D+03       0.51474D-03       0.95969D-02       0.26561D+00       0.68016D-01
       0.65600D+03       0.51513D-03      -0.98290D-03       0.26554D+00       0.68009D-01
       0.65700D+03       0.51381D-03      -0.13344D-03       0.26548D+00       0.68047D-01
       0.65800D+03       0.51369D-03       0.92685D-02       0.26541D+00       0.68004D-01
       0.65900D+03       0.51418D-03      -0.96752D-02       0.26533D+00       0.68011D-01
       0.66000D+03       0.51516D-03      -0.10443D+00       0.26531D+00       0.68064D-01
       0.66100D+03       0.51448D-03      -0.27016D+00       0.26541D+00       0.68022D-01
       0.66200D+03       0.51362D-03      -0.27086D+00       0.26559D+00       0.68008D-01
       0.66300D+03       0.51319D-03      -0.98858D-01       0.26568D+00       0.68043D-01
       0.66400D+03       0.51406D-03      -0.46473D-02       0.26565D+00       0.68059D-01
       0.66500D+03       0.51452D-03       0.77704D-02       0.26557D+00       0.68099D-01
       0.66600D+03       0.51456D-03      -0.34324D-02       0.26551D+00       0.68048D-01
       0.66700D+03       0.51319D-03       0.45122D-02       0.26545D+00       0.68024D-01
       0.66800D+03       0.51384D-03       0.81376D-02       0.26537D+00       0.68051D-01
       0.66900D+03       0.51489D-03      -0.39868D-01       0.26531D+00       0.68086D-01
       0.67000D+03       0.51476D-03      -0.17843D+00       0.26534D+00       0.68064D-01
       0.67100D+03       0.51411D-03      -0.30926D+00       0.26549D+00       0.68003D-01
       0.67200D+03       0.51339D-03      -0.19319D+00       0.26564D+00       0.67943D-01
       0.67300D+03       0.51354D-03      -0.43289D-01       0.26567D+00       0.67900D-01
       0.67400D+03       0.51477D-03       0.83731D-02       0.26561D+00       0.67933D-01
       0.67500D+03       0.51511D-03       0.25583D-03       0.26554D+00       0.67935D-01
       0.67600D+03       0.51398D-03      -0.91620D-03       0.26548D+00       0.67993D-01
       0.67700D+03       0.51358D-03       0.85766D-02       0.26542D+00       0.67993D-01
       0.67800D+03       0.51403D-03      -0.53969D-02       0.26534D+00       0.68003D-01
       0.67900D+03       0.51510D-03      -0.91216D-01       0.26531D+00       0.68103D-01
       0.68000D+03       0.51439D-03      -0.25630D+00       0.26539D+00       0.68058D-01
       0.68100D+03       0.51374D-03      -0.28352D+00       0.26556D+00       0.68039D-01
       0.68200D+03       0.51330D-03      -0.11325D+00       0.26567D+00       0.68036D-01
       0.68300D+03       0.51402D-03      -0.91174D-02       0.26565D+00       0.68052D-01
       0.68400D+03       0.51470D-03       0.90759D-02       0.26558D+00       0.68091D-01
       0.68500D+03       0.51488D-03      -0.34404D-02       0.26551D+00       0.68063D-01
       0.68600D+03       0.51350D-03       0.35249D-02       0.26545D+00       0.68048D-01
       0.68700D+03       0.51409D-03       0.93287D-02       0.26538D+00       0.68026D-01
       0.68800D+03       0.51510D-03      -0.31868D-01       0.26532D+00       0.68030D-01
       0.68900D+03       0.51518D-03      -0.16170D+00       0.26533D+00       0.68107D-01
       0.69000D+03       0.51434D-03      -0.30586D+00       0.26547D+00       0.68048D-01
       0.69100D+03       0.51369D-03      -0.21075D+00       0.26562D+00       0.68044D-01
       0.69200D+03       0.51367D-03      -0.53197D-01       0.26567D+00       0.68016D-01
       0.69300D+03       0.51492D-03       0.66156D-02       0.26561D+00       0.68045D-01
       0.69400D+03       0.51517D-03       0.16821D-02       0.26554D+00       0.68062D-01
       0.69500D+03       0.51426D-03      -0.16246D-02       0.26548D+00       0.68126D-01
       0.69600D+03       0.51358D-03       0.78035D-02       0.26542D+00       0.68123D-01
       0.69700D+03       0.51403D-03      -0.16032D-02       0.26535D+00       0.68116D-01
       0.69800D+03       0.51525D-03      -0.78817D-01       0.26531D+00       0.68169D-01
       0.69900D+03       0.51461D-03      -0.24123D+00       0.26538D+00       0.68124D-01
       0.70000D+03       0.51408D-03      -0.29412D+00       0.26554D+00       0.68109D-01
       0.70100D+03       0.51367D-03      -0.12864D+00       0.26565D+00       0.68204D-01
       0.70200D+03       0.51407D-03      -0.14438D-01       0.26565D+00       0.68213D-01
       0.70300D+03       0.51491D-03       0.99752D-02       0.26558D+00       0.68250D-01
       0.70400D+03       0.51523D-03      -0.31697D-02       0.26551D+00       0.68221D-01
       0.70500D+03       0.51386D-03       0.25032D-02       0.26546D+00       0.68207D-01
       0.70600D+03       0.51431D-03       0.99297D-02       0.26539D+00       0.68177D-01
       0.70700D+03       0.51515D-03      -0.24848D-01       0.26532D+00       0.68182D-01
       0.70800D+03       0.51551D-03      -0.14549D+00       0.26533D+00       0.68220D-01
       0.70900D+03       0.51463D-03      -0.29960D+00       0.26545D+00       0.68179D-01
       0.71000D+03       0.51395D-03      -0.22792D+00       0.26561D+00       0.68148D-01
       0.71100D+03       0.51375D-03      -0.64002D-01       0.26566D+00       0.68187D-01
       0.71200D+03       0.51492D-03       0.43582D-02       0.26561D+00       0.68239D-01
       0.71300D+03       0.51514D-03       0.32535D-02       0.26554D+00       0.68266D-01
       0.71400D+03       0.51448D-03      -0.22704D-02       0.26549D+00       0.68344D-01
       0.71500D+03       0.51360D-03       0.69881D-02       0.26543D+00       0.68338D-01
       0.71600D+03       0.51408D-03       0.17143D-02       0.26535D+00       0.68346D-01
       0.71700D+03       0.51523D-03      -0.67252D-01       0.26531D+00       0.68370D-01
       0.71800D+03       0.51466D-03      -0.22523D+00       0.26537D+00       0.68322D-01
       0.71900D+03       0.51419D-03      -0.30226D+00       0.26552D+00       0.68277D-01
       0.72000D+03       0.51383D-03      -0.14494D+00       0.26564D+00       0.68239D-01
       0.72100D+03       0.51402D-03      -0.20704D-01       0.26564D+00       0.68229D-01
       0.72200D+03       0.51487D-03       0.10355D-01       0.26558D+00       0.68260D-01
       0.72300D+03       0.51521D-03      -0.26176D-02       0.26551D+00       0.68242D-01
       0.72400D+03       0.51388D-03       0.14918D-02       0.26546D+00       0.68220D-01
       0.72500D+03       0.51420D-03       0.10013D-01       0.26539D+00       0.68176D-01
       0.72600D+03       0.51482D-03      -0.18731D-01       0.26533D+00       0.68182D-01
       0.72700D+03       0.51534D-03      -0.13000D+00       0.26532D+00       0.68229D-01
       0.72800D+03       0.51458D-03      -0.29083D+00       0.26543D+00       0.68205D-01
       0.72900D+03       0.51381D-03      -0.24438D+00       0.26559D+00       0.68160D-01
       0.73000D+03       0.51355D-03      -0.75701D-01       0.26565D+00       0.68202D-01
       0.73100D+03       0.51468D-03       0.16105D-02       0.26561D+00       0.68222D-01
       0.73200D+03       0.51489D-03       0.49115D-02       0.26554D+00       0.68256D-01
       0.73300D+03       0.51449D-03      -0.28310D-02       0.26549D+00       0.68235D-01
       0.73400D+03       0.51347D-03       0.61382D-02       0.26543D+00       0.68235D-01
       0.73500D+03       0.51402D-03       0.45254D-02       0.26536D+00       0.68287D-01
       0.73600D+03       0.51511D-03      -0.56564D-01       0.26531D+00       0.68314D-01
       0.73700D+03       0.51465D-03      -0.20861D+00       0.26536D+00       0.68272D-01
       0.73800D+03       0.51413D-03      -0.30756D+00       0.26550D+00       0.68231D-01
       0.73900D+03       0.51362D-03      -0.16195D+00       0.26563D+00       0.68184D-01
       0.74000D+03       0.51387D-03      -0.27958D-01       0.26564D+00       0.68149D-01
       0.74100D+03       0.51487D-03       0.10158D-01       0.26558D+00       0.68182D-01
       0.74200D+03       0.51525D-03      -0.17966D-02       0.26551D+00       0.68180D-01
       0.74300D+03       0.51401D-03       0.54271D-03       0.26546D+00       0.68166D-01
       0.74400D+03       0.51412D-03       0.96999D-02       0.26540D+00       0.68123D-01
       0.74500D+03       0.51461D-03      -0.13392D-01       0.26533D+00       0.68135D-01
       0.74600D+03       0.51538D-03      -0.11531D+00       0.26532D+00       0.68182D-01
       0.74700D+03       0.51471D-03      -0.27993D+00       0.26541D+00       0.68142D-01
       0.74800D+03       0.51388D-03      -0.25979D+00       0.26557D+00       0.68121D-01
       0.74900D+03       0.51341D-03      -0.88325D-01       0.26564D+00       0.68160D-01
       0.75000D+03       0.51430D-03      -0.16649D-02       0.26561D+00       0.68178D-01
       0.75100D+03       0.51458D-03       0.65653D-02       0.26554D+00       0.68212D-01
       0.75200D+03       0.51443D-03      -0.32490D-02       0.26549D+00       0.68163D-01
       0.75300D+03       0.51330D-03       0.52456D-02       0.26543D+00       0.68149D-01
       0.75400D+03       0.51387D-03       0.67844D-02       0.26537D+00       0.68184D-01
       0.75500D+03       0.51489D-03      -0.46807D-01       0.26532D+00       0.68217D-01
       0.75600D+03       0.51461D-03      -0.19167D+00       0.26535D+00       0.68186D-01
       0.75700D+03       0.51410D-03      -0.30976D+00       0.26548D+00       0.68139D-01
       0.75800D+03       0.51347D-03      -0.17942D+00       0.26561D+00       0.68091D-01
       0.75900D+03       0.51357D-03      -0.36194D-01       0.26564D+00       0.68056D-01
       0.76000D+03       0.51463D-03       0.93762D-02       0.26558D+00       0.68082D-01
       0.76100D+03       0.51496D-03      -0.72921D-03       0.26551D+00       0.68075D-01
       0.76200D+03       0.51386D-03      -0.31264D-03       0.26546D+00       0.68127D-01
       0.76300D+03       0.51371D-03       0.91272D-02       0.26540D+00       0.68105D-01
       0.76400D+03       0.51412D-03      -0.86932D-02       0.26534D+00       0.68112D-01
       0.76500D+03       0.51499D-03      -0.10146D+00       0.26532D+00       0.68158D-01
       0.76600D+03       0.51434D-03      -0.26724D+00       0.26540D+00       0.68117D-01
       0.76700D+03       0.51360D-03      -0.27379D+00       0.26555D+00       0.68099D-01
       0.76800D+03       0.51323D-03      -0.10193D+00       0.26563D+00       0.68136D-01
       0.76900D+03       0.51402D-03      -0.55611D-02       0.26561D+00       0.68152D-01
       0.77000D+03       0.51444D-03       0.80841D-02       0.26555D+00       0.68184D-01
       0.77100D+03       0.51451D-03      -0.34570D-02       0.26549D+00       0.68141D-01
       0.77200D+03       0.51331D-03       0.43001D-02       0.26544D+00       0.68120D-01
       0.77300D+03       0.51387D-03       0.84510D-02       0.26537D+00       0.68134D-01
       0.77400D+03       0.51473D-03      -0.38028D-01       0.26532D+00       0.68133D-01
       0.77500D+03       0.51463D-03      -0.17473D+00       0.26534D+00       0.68189D-01
       0.77600D+03       0.51417D-03      -0.30878D+00       0.26547D+00       0.68149D-01
       0.77700D+03       0.51355D-03      -0.19705D+00       0.26560D+00       0.68105D-01
       0.77800D+03       0.51374D-03      -0.45383D-01       0.26563D+00       0.68079D-01
       0.77900D+03       0.51485D-03       0.80320D-02       0.26558D+00       0.68110D-01
       0.78000D+03       0.51514D-03       0.55387D-03       0.26552D+00       0.68117D-01
       0.78100D+03       0.51418D-03      -0.10771D-02       0.26546D+00       0.68167D-01
       0.78200D+03       0.51379D-03       0.84121D-02       0.26541D+00       0.68188D-01
       0.78300D+03       0.51419D-03      -0.45246D-02       0.26534D+00       0.68190D-01
       0.78400D+03       0.51516D-03      -0.88428D-01       0.26532D+00       0.68273D-01
       0.78500D+03       0.51460D-03      -0.25309D+00       0.26538D+00       0.68235D-01
       0.78600D+03       0.51400D-03      -0.28603D+00       0.26553D+00       0.68213D-01
       0.78700D+03       0.51353D-03      -0.11654D+00       0.26562D+00       0.68227D-01
       0.78800D+03       0.51409D-03      -0.10207D-01       0.26561D+00       0.68238D-01
       0.78900D+03       0.51473D-03       0.93126D-02       0.26555D+00       0.68270D-01
       0.79000D+03       0.51496D-03      -0.34053D-02       0.26549D+00       0.68244D-01
       0.79100D+03       0.51375D-03       0.33026D-02       0.26544D+00       0.68231D-01
       0.79200D+03       0.51425D-03       0.95094D-02       0.26538D+00       0.68213D-01
       0.79300D+03       0.51508D-03      -0.30247D-01       0.26532D+00       0.68216D-01
       0.79400D+03       0.51521D-03      -0.15809D+00       0.26533D+00       0.68242D-01
       0.79500D+03       0.51462D-03      -0.30472D+00       0.26545D+00       0.68191D-01
       0.79600D+03       0.51405D-03      -0.21456D+00       0.26559D+00       0.68171D-01
       0.79700D+03       0.51405D-03      -0.55490D-01       0.26563D+00       0.68213D-01
       0.79800D+03       0.51518D-03       0.61625D-02       0.26558D+00       0.68241D-01
       0.79900D+03       0.51539D-03       0.20159D-02       0.26552D+00       0.68256D-01
       0.80000D+03       0.51463D-03      -0.17717D-02       0.26547D+00       0.68313D-01
       0.80100D+03       0.51400D-03       0.76276D-02       0.26541D+00       0.68310D-01
       0.80200D+03       0.51440D-03      -0.83438D-03       0.26535D+00       0.68304D-01
