       0.10000D+01       0.17931D-02      -0.30321D-01       0.65673D+00       0.36368D-01
       0.20000D+01       0.36380D+00      -0.13893D+00       0.65884D+00       0.34208D+00
       0.30000D+01       0.43732D+00      -0.22853D+00       0.66178D+00       0.44689D+00
       0.40000D+01       0.35797D+00      -0.17939D+00       0.66375D+00       0.49922D+00
       0.50000D+01       0.45557D+00      -0.68272D-01       0.66357D+00       0.52852D+00
       0.60000D+01       0.44556D+00      -0.60035D-02       0.66266D+00       0.54666D+00
       0.70000D+01       0.40231D+00      -0.28556D-01       0.66172D+00       0.55949D+00
       0.80000D+01       0.41795D+00      -0.12290D+00       0.66155D+00       0.49163D+00
       0.90000D+01       0.43142D+00      -0.23174D+00       0.66218D+00       0.50948D+00
       0.10000D+02       0.38964D+00      -0.19903D+00       0.66289D+00       0.52408D+00
       0.11000D+02       0.42553D+00      -0.74815D-01       0.66305D+00       0.53526D+00
       0.12000D+02       0.41182D+00      -0.63582D-02       0.66259D+00       0.49240D+00
       0.13000D+02       0.38430D+00      -0.16942D-01       0.66213D+00       0.45829D+00
       0.14000D+02       0.39890D+00      -0.11008D+00       0.66194D+00       0.47126D+00
       0.15000D+02       0.42501D+00      -0.21388D+00       0.66222D+00       0.48323D+00
       0.16000D+02       0.39944D+00      -0.20156D+00       0.66271D+00       0.49408D+00
       0.17000D+02       0.42639D+00      -0.91880D-01       0.66282D+00       0.50317D+00
       0.18000D+02       0.43167D+00      -0.10931D-01       0.66261D+00       0.51069D+00
       0.19000D+02       0.41318D+00      -0.13775D-01       0.66226D+00       0.48825D+00
       0.20000D+02       0.40929D+00      -0.93434D-01       0.66210D+00       0.46443D+00
       0.21000D+02       0.42455D+00      -0.21588D+00       0.66226D+00       0.47327D+00
       0.22000D+02       0.40171D+00      -0.22143D+00       0.66260D+00       0.48162D+00
       0.23000D+02       0.41381D+00      -0.10300D+00       0.66276D+00       0.48895D+00
       0.24000D+02       0.41410D+00      -0.18122D-01       0.66259D+00       0.46917D+00
       0.25000D+02       0.40153D+00      -0.89164D-02       0.66235D+00       0.45255D+00
       0.26000D+02       0.40370D+00      -0.84237D-01       0.66219D+00       0.45966D+00
       0.27000D+02       0.42059D+00      -0.19437D+00       0.66228D+00       0.46665D+00
       0.28000D+02       0.40681D+00      -0.21988D+00       0.66255D+00       0.47345D+00
       0.29000D+02       0.41840D+00      -0.11868D+00       0.66268D+00       0.47959D+00
       0.30000D+02       0.42599D+00      -0.20647D-01       0.66260D+00       0.48494D+00
       0.31000D+02       0.41419D+00      -0.36400D-02       0.66239D+00       0.47282D+00
       0.32000D+02       0.40710D+00      -0.66340D-01       0.66225D+00       0.45948D+00
       0.33000D+02       0.41897D+00      -0.19086D+00       0.66230D+00       0.46516D+00
       0.34000D+02       0.40884D+00      -0.23369D+00       0.66250D+00       0.47079D+00
       0.35000D+02       0.41085D+00      -0.13271D+00       0.66265D+00       0.47600D+00
       0.36000D+02       0.41638D+00      -0.34059D-01       0.66258D+00       0.46338D+00
       0.37000D+02       0.41013D+00      -0.52599D-02       0.66243D+00       0.46800D+00
       0.38000D+02       0.40800D+00      -0.61505D-01       0.66229D+00       0.47242D+00
       0.39000D+02       0.41835D+00      -0.17113D+00       0.66231D+00       0.47686D+00
       0.40000D+02       0.41212D+00      -0.23249D+00       0.66249D+00       0.48133D+00
       0.41000D+02       0.41419D+00      -0.14821D+00       0.66261D+00       0.48554D+00
       0.42000D+02       0.42214D+00      -0.35886D-01       0.66259D+00       0.48928D+00
       0.43000D+02       0.41445D+00       0.75177D-03       0.66244D+00       0.47899D+00
       0.44000D+02       0.40714D+00      -0.43542D-01       0.66233D+00       0.46878D+00
       0.45000D+02       0.41517D+00      -0.16103D+00       0.66232D+00       0.47267D+00
       0.46000D+02       0.41420D+00      -0.23445D+00       0.66245D+00       0.47663D+00
       0.47000D+02       0.41083D+00      -0.16100D+00       0.66259D+00       0.48043D+00
       0.48000D+02       0.41844D+00      -0.52973D-01       0.66257D+00       0.48384D+00
       0.49000D+02       0.41599D+00      -0.47002D-02       0.66247D+00       0.48694D+00
       0.50000D+02       0.41193D+00      -0.41445D-01       0.66235D+00       0.48991D+00
       0.51000D+02       0.41686D+00      -0.14415D+00       0.66233D+00       0.48076D+00
       0.52000D+02       0.41612D+00      -0.23613D+00       0.66245D+00       0.48410D+00
       0.53000D+02       0.41188D+00      -0.17857D+00       0.66256D+00       0.48733D+00
       0.54000D+02       0.41912D+00      -0.56664D-01       0.66258D+00       0.49026D+00
       0.55000D+02       0.41458D+00      -0.11526D-02       0.66248D+00       0.48185D+00
       0.56000D+02       0.40813D+00      -0.26077D-01       0.66237D+00       0.47404D+00
       0.57000D+02       0.41284D+00      -0.13074D+00       0.66234D+00       0.47698D+00
       0.58000D+02       0.41697D+00      -0.22513D+00       0.66243D+00       0.48000D+00
       0.59000D+02       0.41126D+00      -0.18585D+00       0.66255D+00       0.48299D+00
       0.60000D+02       0.41883D+00      -0.74459D-01       0.66256D+00       0.48573D+00
       0.61000D+02       0.41893D+00      -0.69504D-02       0.66249D+00       0.48821D+00
       0.62000D+02       0.41417D+00      -0.24100D-01       0.66239D+00       0.48181D+00
       0.63000D+02       0.41507D+00      -0.11471D+00       0.66235D+00       0.47441D+00
       0.64000D+02       0.41786D+00      -0.22847D+00       0.66242D+00       0.47718D+00
       0.65000D+02       0.41092D+00      -0.20602D+00       0.66253D+00       0.47994D+00
       0.66000D+02       0.41636D+00      -0.82269D-01       0.66257D+00       0.48249D+00
       0.67000D+02       0.41465D+00      -0.91033D-02       0.66250D+00       0.47555D+00
       0.68000D+02       0.40948D+00      -0.14229D-01       0.66241D+00       0.46928D+00
       0.69000D+02       0.41157D+00      -0.10265D+00       0.66236D+00       0.47174D+00
       0.70000D+02       0.41741D+00      -0.20891D+00       0.66241D+00       0.47429D+00
       0.71000D+02       0.41165D+00      -0.20703D+00       0.66252D+00       0.47686D+00
       0.72000D+02       0.41762D+00      -0.98936D-01       0.66255D+00       0.47927D+00
       0.73000D+02       0.41952D+00      -0.13082D-01       0.66251D+00       0.48145D+00
       0.74000D+02       0.41480D+00      -0.10471D-01       0.66242D+00       0.47650D+00
       0.75000D+02       0.41312D+00      -0.85644D-01       0.66237D+00       0.47076D+00
       0.76000D+02       0.41767D+00      -0.20975D+00       0.66241D+00       0.47310D+00
       0.77000D+02       0.41149D+00      -0.22592D+00       0.66250D+00       0.47549D+00
       0.78000D+02       0.41432D+00      -0.11114D+00       0.66255D+00       0.47774D+00
       0.79000D+02       0.41505D+00      -0.22147D-01       0.66251D+00       0.47189D+00
       0.80000D+02       0.41136D+00      -0.75314D-02       0.66244D+00       0.46670D+00
       0.81000D+02       0.41150D+00      -0.77687D-01       0.66238D+00       0.46881D+00
       0.82000D+02       0.41693D+00      -0.18835D+00       0.66240D+00       0.47098D+00
       0.83000D+02       0.41265D+00      -0.22405D+00       0.66249D+00       0.47322D+00
       0.84000D+02       0.41592D+00      -0.12658D+00       0.66254D+00       0.47536D+00
       0.85000D+02       0.41900D+00      -0.24275D-01       0.66252D+00       0.47730D+00
       0.86000D+02       0.41486D+00      -0.18223D-02       0.66244D+00       0.47228D+00
       0.87000D+02       0.41189D+00      -0.59580D-01       0.66239D+00       0.46704D+00
       0.88000D+02       0.41629D+00      -0.18292D+00       0.66240D+00       0.46907D+00
       0.89000D+02       0.41328D+00      -0.23503D+00       0.66248D+00       0.47117D+00
       0.90000D+02       0.41331D+00      -0.14076D+00       0.66254D+00       0.47320D+00
       0.91000D+02       0.41602D+00      -0.39004D-01       0.66252D+00       0.46825D+00
       0.92000D+02       0.41383D+00      -0.48391D-02       0.66246D+00       0.47006D+00
       0.93000D+02       0.41256D+00      -0.55736D-01       0.66240D+00       0.47184D+00
       0.94000D+02       0.41644D+00      -0.16406D+00       0.66240D+00       0.47368D+00
       0.95000D+02       0.41439D+00      -0.23452D+00       0.66247D+00       0.47559D+00
       0.96000D+02       0.41439D+00      -0.15660D+00       0.66253D+00       0.47746D+00
       0.97000D+02       0.41806D+00      -0.41067D-01       0.66252D+00       0.47917D+00
       0.98000D+02       0.41491D+00       0.86039D-03       0.66246D+00       0.47476D+00
       0.99000D+02       0.41150D+00      -0.38180D-01       0.66241D+00       0.47031D+00
       0.10000D+03       0.41486D+00      -0.15259D+00       0.66240D+00       0.47204D+00
       0.10100D+03       0.41525D+00      -0.23277D+00       0.66246D+00       0.47384D+00
       0.10200D+03       0.41314D+00      -0.16821D+00       0.66252D+00       0.47562D+00
       0.10300D+03       0.41701D+00      -0.58617D-01       0.66252D+00       0.47727D+00
       0.10400D+03       0.41619D+00      -0.50105D-02       0.66247D+00       0.47879D+00
       0.10500D+03       0.41400D+00      -0.36374D-01       0.66242D+00       0.48028D+00
       0.10600D+03       0.41587D+00      -0.13619D+00       0.66240D+00       0.47595D+00
       0.10700D+03       0.41611D+00      -0.23519D+00       0.66245D+00       0.47761D+00
       0.10800D+03       0.41331D+00      -0.18661D+00       0.66251D+00       0.47926D+00
       0.10900D+03       0.41690D+00      -0.63276D-01       0.66253D+00       0.48080D+00
       0.11000D+03       0.41493D+00      -0.27674D-02       0.66248D+00       0.47664D+00
       0.11100D+03       0.41166D+00      -0.22264D-01       0.66242D+00       0.47275D+00
       0.11200D+03       0.41374D+00      -0.12273D+00       0.66240D+00       0.47425D+00
       0.11300D+03       0.41638D+00      -0.22122D+00       0.66244D+00       0.47582D+00
       0.11400D+03       0.41315D+00      -0.19204D+00       0.66251D+00       0.47741D+00
       0.11500D+03       0.41712D+00      -0.80875D-01       0.66252D+00       0.47889D+00
       0.11600D+03       0.41750D+00      -0.81915D-02       0.66249D+00       0.48025D+00
       0.11700D+03       0.41483D+00      -0.19925D-01       0.66243D+00       0.47691D+00
       0.11800D+03       0.41486D+00      -0.10655D+00       0.66241D+00       0.47299D+00
       0.11900D+03       0.41693D+00      -0.22434D+00       0.66244D+00       0.47449D+00
       0.12000D+03       0.41286D+00      -0.21243D+00       0.66250D+00       0.47609D+00
       0.12100D+03       0.41559D+00      -0.89976D-01       0.66252D+00       0.47752D+00
       0.12200D+03       0.41503D+00      -0.12236D-01       0.66249D+00       0.47372D+00
       0.12300D+03       0.41227D+00      -0.11911D-01       0.66244D+00       0.47027D+00
       0.12400D+03       0.41312D+00      -0.95463D-01       0.66241D+00       0.47163D+00
       0.12500D+03       0.41654D+00      -0.20363D+00       0.66243D+00       0.47305D+00
       0.12600D+03       0.41332D+00      -0.21219D+00       0.66249D+00       0.47451D+00
       0.12700D+03       0.41646D+00      -0.10624D+00       0.66252D+00       0.47590D+00
       0.12800D+03       0.41782D+00      -0.15621D-01       0.66250D+00       0.47717D+00
       0.12900D+03       0.41508D+00      -0.75453D-02       0.66244D+00       0.47435D+00
       0.13000D+03       0.41379D+00      -0.78086D-01       0.66241D+00       0.47105D+00
       0.13100D+03       0.41659D+00      -0.20299D+00       0.66243D+00       0.47240D+00
       0.13200D+03       0.41328D+00      -0.22958D+00       0.66248D+00       0.47380D+00
       0.13300D+03       0.41452D+00      -0.11935D+00       0.66252D+00       0.47514D+00
       0.13400D+03       0.41534D+00      -0.26460D-01       0.66250D+00       0.47173D+00
       0.13500D+03       0.41332D+00      -0.64507D-02       0.66245D+00       0.47293D+00
       0.13600D+03       0.41312D+00      -0.71368D-01       0.66242D+00       0.47414D+00
       0.13700D+03       0.41629D+00      -0.18205D+00       0.66243D+00       0.47540D+00
       0.13800D+03       0.41397D+00      -0.22773D+00       0.66248D+00       0.47671D+00
       0.13900D+03       0.41546D+00      -0.13467D+00       0.66251D+00       0.47798D+00
       0.14000D+03       0.41755D+00      -0.28331D-01       0.66250D+00       0.47915D+00
       0.14100D+03       0.41509D+00      -0.46021D-03       0.66246D+00       0.47608D+00
       0.14200D+03       0.41307D+00      -0.53179D-01       0.66242D+00       0.47286D+00
       0.14300D+03       0.41572D+00      -0.17473D+00       0.66243D+00       0.47406D+00
       0.14400D+03       0.41443D+00      -0.23550D+00       0.66247D+00       0.47532D+00
       0.14500D+03       0.41402D+00      -0.14863D+00       0.66251D+00       0.47656D+00
       0.14600D+03       0.41603D+00      -0.44151D-01       0.66250D+00       0.47347D+00
       0.14700D+03       0.41486D+00      -0.46257D-02       0.66246D+00       0.47457D+00
       0.14800D+03       0.41384D+00      -0.50158D-01       0.66243D+00       0.47566D+00
       0.14900D+03       0.41602D+00      -0.15671D+00       0.66242D+00       0.47251D+00
       0.15000D+03       0.41511D+00      -0.23580D+00       0.66247D+00       0.47373D+00
       0.15100D+03       0.41453D+00      -0.16501D+00       0.66251D+00       0.47493D+00
       0.15200D+03       0.41699D+00      -0.46662D-01       0.66251D+00       0.47605D+00
       0.15300D+03       0.41509D+00       0.48633D-03       0.66247D+00       0.47309D+00
       0.15400D+03       0.41283D+00      -0.33237D-01       0.66243D+00       0.47037D+00
       0.15500D+03       0.41484D+00      -0.14420D+00       0.66242D+00       0.47148D+00
       0.15600D+03       0.41561D+00      -0.23038D+00       0.66246D+00       0.47265D+00
       0.15700D+03       0.41391D+00      -0.17514D+00       0.66250D+00       0.47382D+00
       0.15800D+03       0.41660D+00      -0.64458D-01       0.66250D+00       0.47491D+00
       0.15900D+03       0.41629D+00      -0.55412D-02       0.66247D+00       0.47592D+00
       0.16000D+03       0.41469D+00      -0.31517D-01       0.66244D+00       0.47691D+00
       0.16100D+03       0.41559D+00      -0.12809D+00       0.66242D+00       0.47407D+00
       0.16200D+03       0.41612D+00      -0.23336D+00       0.66246D+00       0.47517D+00
       0.16300D+03       0.41385D+00      -0.19433D+00       0.66250D+00       0.47628D+00
       0.16400D+03       0.41619D+00      -0.70233D-01       0.66251D+00       0.47733D+00
       0.16500D+03       0.41510D+00      -0.48280D-02       0.66248D+00       0.47456D+00
       0.16600D+03       0.41292D+00      -0.18875D-01       0.66244D+00       0.47200D+00
       0.16700D+03       0.41410D+00      -0.11492D+00       0.66242D+00       0.47300D+00
       0.16800D+03       0.41618D+00      -0.21685D+00       0.66245D+00       0.47406D+00
       0.16900D+03       0.41386D+00      -0.19795D+00       0.66249D+00       0.47515D+00
       0.17000D+03       0.41652D+00      -0.87530D-01       0.66250D+00       0.47617D+00
       0.17100D+03       0.41699D+00      -0.97566D-02       0.66248D+00       0.47711D+00
       0.17200D+03       0.41508D+00      -0.16057D-01       0.66244D+00       0.47483D+00
       0.17300D+03       0.41480D+00      -0.98479D-01       0.66243D+00       0.47217D+00
       0.17400D+03       0.41647D+00      -0.21941D+00       0.66245D+00       0.47319D+00
       0.17500D+03       0.41362D+00      -0.21817D+00       0.66249D+00       0.47429D+00
       0.17600D+03       0.41530D+00      -0.97891D-01       0.66251D+00       0.47529D+00
       0.17700D+03       0.41519D+00      -0.15729D-01       0.66248D+00       0.47268D+00
       0.17800D+03       0.41336D+00      -0.99668D-02       0.66245D+00       0.47032D+00
       0.17900D+03       0.41374D+00      -0.88518D-01       0.66243D+00       0.47126D+00
       0.18000D+03       0.41619D+00      -0.19805D+00       0.66244D+00       0.47224D+00
       0.18100D+03       0.41401D+00      -0.21702D+00       0.66248D+00       0.47326D+00
       0.18200D+03       0.41599D+00      -0.11378D+00       0.66250D+00       0.47424D+00
       0.18300D+03       0.41713D+00      -0.18563D-01       0.66249D+00       0.47514D+00
       0.18400D+03       0.41519D+00      -0.50222D-02       0.66245D+00       0.47316D+00
       0.18500D+03       0.41408D+00      -0.70804D-01       0.66243D+00       0.47085D+00
       0.18600D+03       0.41612D+00      -0.19571D+00       0.66244D+00       0.47180D+00
       0.18700D+03       0.41408D+00      -0.23237D+00       0.66248D+00       0.47279D+00
       0.18800D+03       0.41463D+00      -0.12754D+00       0.66250D+00       0.47375D+00
       0.18900D+03       0.41549D+00      -0.31033D-01       0.66249D+00       0.47135D+00
       0.19000D+03       0.41419D+00      -0.56437D-02       0.66246D+00       0.47221D+00
       0.19100D+03       0.41386D+00      -0.65269D-01       0.66243D+00       0.47306D+00
       0.19200D+03       0.41602D+00      -0.17546D+00       0.66244D+00       0.47396D+00
       0.19300D+03       0.41458D+00      -0.23084D+00       0.66247D+00       0.47491D+00
       0.19400D+03       0.41527D+00      -0.14291D+00       0.66250D+00       0.47583D+00
       0.19500D+03       0.41690D+00      -0.32817D-01       0.66249D+00       0.47668D+00
       0.19600D+03       0.41519D+00       0.43273D-03       0.66246D+00       0.47448D+00
       0.19700D+03       0.41362D+00      -0.47158D-01       0.66244D+00       0.47221D+00
       0.19800D+03       0.41547D+00      -0.16637D+00       0.66244D+00       0.47308D+00
       0.19900D+03       0.41497D+00      -0.23512D+00       0.66247D+00       0.47399D+00
       0.20000D+03       0.41436D+00      -0.15628D+00       0.66250D+00       0.47490D+00
       0.20100D+03       0.41603D+00      -0.49488D-01       0.66249D+00       0.47587D+00
       0.20200D+03       0.41535D+00      -0.46091D-02       0.66247D+00       0.47666D+00
       0.20300D+03       0.41444D+00      -0.44768D-01       0.66244D+00       0.47745D+00
       0.20400D+03       0.41581D+00      -0.14910D+00       0.66244D+00       0.47523D+00
       0.20500D+03       0.41544D+00      -0.23627D+00       0.66246D+00       0.47610D+00
       0.20600D+03       0.41460D+00      -0.17335D+00       0.66249D+00       0.47697D+00
       0.20700D+03       0.41646D+00      -0.52658D-01       0.66250D+00       0.47779D+00
       0.20800D+03       0.41519D+00      -0.36660D-03       0.66247D+00       0.47563D+00
       0.20900D+03       0.41348D+00      -0.28721D-01       0.66244D+00       0.47357D+00
       0.21000D+03       0.41482D+00      -0.13592D+00       0.66243D+00       0.47437D+00
       0.21100D+03       0.41574D+00      -0.22735D+00       0.66246D+00       0.47522D+00
       0.21200D+03       0.41427D+00      -0.18178D+00       0.66249D+00       0.47607D+00
       0.21300D+03       0.41636D+00      -0.70506D-01       0.66250D+00       0.47688D+00
       0.21400D+03       0.41629D+00      -0.63172D-02       0.66248D+00       0.47762D+00
       0.21500D+03       0.41499D+00      -0.26897D-01       0.66245D+00       0.47835D+00
       0.21600D+03       0.41541D+00      -0.11991D+00       0.66244D+00       0.47622D+00
       0.21700D+03       0.41607D+00      -0.23065D+00       0.66246D+00       0.47703D+00
       0.21800D+03       0.41413D+00      -0.20164D+00       0.66249D+00       0.47785D+00
       0.21900D+03       0.41581D+00      -0.77505D-01       0.66250D+00       0.47863D+00
       0.22000D+03       0.41517D+00      -0.73144D-02       0.66248D+00       0.47654D+00
       0.22100D+03       0.41356D+00      -0.15904D-01       0.66245D+00       0.47460D+00
       0.22200D+03       0.41429D+00      -0.10734D+00       0.66244D+00       0.47535D+00
       0.22300D+03       0.41603D+00      -0.21210D+00       0.66245D+00       0.47613D+00
       0.22400D+03       0.41422D+00      -0.20359D+00       0.66249D+00       0.47694D+00
       0.22500D+03       0.41618D+00      -0.94429D-01       0.66250D+00       0.47771D+00
       0.22600D+03       0.41669D+00      -0.11673D-01       0.66248D+00       0.47842D+00
       0.22700D+03       0.41520D+00      -0.12526D-01       0.66245D+00       0.47683D+00
       0.22800D+03       0.41477D+00      -0.90564D-01       0.66244D+00       0.47479D+00
       0.22900D+03       0.41619D+00      -0.21372D+00       0.66245D+00       0.47556D+00
       0.23000D+03       0.41406D+00      -0.22317D+00       0.66248D+00       0.47634D+00
       0.23100D+03       0.41515D+00      -0.10596D+00       0.66250D+00       0.47710D+00
       0.23200D+03       0.41525D+00      -0.19557D-01       0.66248D+00       0.47510D+00
       0.23300D+03       0.41393D+00      -0.83733D-02       0.66246D+00       0.47330D+00
       0.23400D+03       0.41406D+00      -0.81817D-01       0.66244D+00       0.47400D+00
       0.23500D+03       0.41596D+00      -0.19220D+00       0.66245D+00       0.47474D+00
       0.23600D+03       0.41438D+00      -0.22146D+00       0.66248D+00       0.47551D+00
       0.23700D+03       0.41569D+00      -0.12154D+00       0.66249D+00       0.47626D+00
       0.23800D+03       0.41670D+00      -0.21923D-01       0.66249D+00       0.47695D+00
       0.23900D+03       0.41521D+00      -0.29243D-02       0.66246D+00       0.47514D+00
       0.24000D+03       0.41422D+00      -0.63831D-01       0.66244D+00       0.47322D+00
       0.24100D+03       0.41581D+00      -0.18799D+00       0.66245D+00       0.47394D+00
       0.24200D+03       0.41451D+00      -0.23428D+00       0.66247D+00       0.47469D+00
       0.24300D+03       0.41468D+00      -0.13567D+00       0.66250D+00       0.47542D+00
       0.24400D+03       0.41556D+00      -0.35841D-01       0.66249D+00       0.47357D+00
       0.24500D+03       0.41466D+00      -0.50810D-02       0.66246D+00       0.47422D+00
       0.24600D+03       0.41427D+00      -0.59375D-01       0.66244D+00       0.47488D+00
       0.24700D+03       0.41582D+00      -0.16858D+00       0.66244D+00       0.47557D+00
       0.24800D+03       0.41490D+00      -0.23332D+00       0.66247D+00       0.47630D+00
       0.24900D+03       0.41511D+00      -0.15127D+00       0.66249D+00       0.47701D+00
       0.25000D+03       0.41648D+00      -0.37730D-01       0.66249D+00       0.47767D+00
       0.25100D+03       0.41521D+00       0.84744D-03       0.66247D+00       0.47596D+00
       0.25200D+03       0.41391D+00      -0.41535D-01       0.66244D+00       0.47419D+00
       0.25300D+03       0.41528D+00      -0.15794D+00       0.66244D+00       0.47486D+00
       0.25400D+03       0.41522D+00      -0.23392D+00       0.66247D+00       0.47557D+00
       0.25500D+03       0.41452D+00      -0.16367D+00       0.66249D+00       0.47628D+00
       0.25600D+03       0.41599D+00      -0.55012D-01       0.66249D+00       0.47693D+00
       0.25700D+03       0.41558D+00      -0.47893D-02       0.66247D+00       0.47755D+00
       0.25800D+03       0.41475D+00      -0.39569D-01       0.66245D+00       0.47816D+00
       0.25900D+03       0.41564D+00      -0.14126D+00       0.66244D+00       0.47640D+00
       0.26000D+03       0.41559D+00      -0.23589D+00       0.66246D+00       0.47709D+00
       0.26100D+03       0.41461D+00      -0.18153D+00       0.66249D+00       0.47777D+00
       0.26200D+03       0.41610D+00      -0.59037D-01       0.66249D+00       0.47841D+00
       0.26300D+03       0.41521D+00      -0.16896D-02       0.66247D+00       0.47669D+00
       0.26400D+03       0.41383D+00      -0.24635D-01       0.66245D+00       0.47506D+00
       0.26500D+03       0.41478D+00      -0.12780D+00       0.66244D+00       0.47568D+00
       0.26600D+03       0.41576D+00      -0.22376D+00       0.66246D+00       0.47635D+00
       0.26700D+03       0.41445D+00      -0.18814D+00       0.66249D+00       0.47702D+00
       0.26800D+03       0.41615D+00      -0.76776D-01       0.66249D+00       0.47766D+00
       0.26900D+03       0.41623D+00      -0.73680D-02       0.66248D+00       0.47825D+00
       0.27000D+03       0.41512D+00      -0.22541D-01       0.66245D+00       0.47681D+00
       0.27100D+03       0.41525D+00      -0.11172D+00       0.66244D+00       0.47511D+00
       0.27200D+03       0.41598D+00      -0.22706D+00       0.66246D+00       0.47576D+00
       0.27300D+03       0.41429D+00      -0.20843D+00       0.66248D+00       0.47642D+00
       0.27400D+03       0.41555D+00      -0.85057D-01       0.66249D+00       0.47705D+00
       0.27500D+03       0.41520D+00      -0.10204D-01       0.66248D+00       0.47538D+00
       0.27600D+03       0.41394D+00      -0.13338D-01       0.66246D+00       0.47383D+00
       0.27700D+03       0.41440D+00      -0.99998D-01       0.66244D+00       0.47443D+00
       0.27800D+03       0.41589D+00      -0.20701D+00       0.66245D+00       0.47506D+00
       0.27900D+03       0.41442D+00      -0.20895D+00       0.66248D+00       0.47571D+00
       0.28000D+03       0.41592D+00      -0.10157D+00       0.66249D+00       0.47634D+00
       0.28100D+03       0.41646D+00      -0.13963D-01       0.66248D+00       0.47691D+00
       0.28200D+03       0.41522D+00      -0.93573D-02       0.66246D+00       0.47563D+00
       0.28300D+03       0.41472D+00      -0.82854D-01       0.66244D+00       0.47411D+00
       0.28400D+03       0.41596D+00      -0.20735D+00       0.66245D+00       0.47472D+00
       0.28500D+03       0.41434D+00      -0.22736D+00       0.66248D+00       0.47536D+00
       0.28600D+03       0.41504D+00      -0.11414D+00       0.66249D+00       0.47598D+00
       0.28700D+03       0.41530D+00      -0.23690D-01       0.66248D+00       0.47438D+00
       0.28800D+03       0.41430D+00      -0.71030D-02       0.66246D+00       0.47293D+00
       0.28900D+03       0.41429D+00      -0.75353D-01       0.66244D+00       0.47350D+00
       0.29000D+03       0.41580D+00      -0.18608D+00       0.66245D+00       0.47410D+00
       0.29100D+03       0.41463D+00      -0.22546D+00       0.66248D+00       0.47473D+00
       0.29200D+03       0.41548D+00      -0.12951D+00       0.66249D+00       0.47534D+00
       0.29300D+03       0.41641D+00      -0.25707D-01       0.66248D+00       0.47590D+00
       0.29400D+03       0.41522D+00      -0.12712D-02       0.66246D+00       0.47444D+00
       0.29500D+03       0.41431D+00      -0.57199D-01       0.66245D+00       0.47289D+00
       0.29600D+03       0.41560D+00      -0.17995D+00       0.66245D+00       0.47347D+00
       0.29700D+03       0.41480D+00      -0.23530D+00       0.66247D+00       0.47409D+00
       0.29800D+03       0.41473D+00      -0.14366D+00       0.66249D+00       0.47469D+00
       0.29900D+03       0.41561D+00      -0.40862D-01       0.66248D+00       0.47318D+00
       0.30000D+03       0.41498D+00      -0.47379D-02       0.66247D+00       0.47372D+00
       0.30100D+03       0.41454D+00      -0.53677D-01       0.66245D+00       0.47426D+00
       0.30200D+03       0.41570D+00      -0.16141D+00       0.66245D+00       0.47273D+00
       0.30300D+03       0.41513D+00      -0.23508D+00       0.66247D+00       0.47333D+00
       0.30400D+03       0.41502D+00      -0.15967D+00       0.66249D+00       0.47393D+00
       0.30500D+03       0.41621D+00      -0.43063D-01       0.66249D+00       0.47448D+00
       0.30600D+03       0.41523D+00       0.77963D-03       0.66247D+00       0.47309D+00
       0.30700D+03       0.41412D+00      -0.36325D-01       0.66245D+00       0.47172D+00
       0.30800D+03       0.41518D+00      -0.14952D+00       0.66245D+00       0.47228D+00
       0.30900D+03       0.41540D+00      -0.23198D+00       0.66246D+00       0.47287D+00
       0.31000D+03       0.41464D+00      -0.17078D+00       0.66249D+00       0.47346D+00
       0.31100D+03       0.41596D+00      -0.60727D-01       0.66249D+00       0.47401D+00
       0.31200D+03       0.41573D+00      -0.51776D-02       0.66247D+00       0.47453D+00
       0.31300D+03       0.41496D+00      -0.34574D-01       0.66245D+00       0.47504D+00
       0.31400D+03       0.41553D+00      -0.13324D+00       0.66245D+00       0.47359D+00
       0.31500D+03       0.41568D+00      -0.23462D+00       0.66246D+00       0.47416D+00
       0.31600D+03       0.41464D+00      -0.18947D+00       0.66248D+00       0.47474D+00
       0.31700D+03       0.41587D+00      -0.65779D-01       0.66249D+00       0.47528D+00
       0.31800D+03       0.41523D+00      -0.34693D-02       0.66247D+00       0.47386D+00
       0.31900D+03       0.41409D+00      -0.20977D-01       0.66245D+00       0.47251D+00
       0.32000D+03       0.41478D+00      -0.11986D+00       0.66245D+00       0.47303D+00
       0.32100D+03       0.41576D+00      -0.21967D+00       0.66246D+00       0.47359D+00
       0.32200D+03       0.41459D+00      -0.19423D+00       0.66248D+00       0.47416D+00
       0.32300D+03       0.41600D+00      -0.83278D-01       0.66249D+00       0.47470D+00
       0.32400D+03       0.41618D+00      -0.87241D-02       0.66248D+00       0.47520D+00
       0.32500D+03       0.41520D+00      -0.18475D-01       0.66246D+00       0.47401D+00
       0.32600D+03       0.41515D+00      -0.10358D+00       0.66245D+00       0.47260D+00
       0.32700D+03       0.41596D+00      -0.22263D+00       0.66246D+00       0.47314D+00
       0.32800D+03       0.41445D+00      -0.21461D+00       0.66248D+00       0.47373D+00
       0.32900D+03       0.41542D+00      -0.92845D-01       0.66249D+00       0.47427D+00
       0.33000D+03       0.41526D+00      -0.13471D-01       0.66248D+00       0.47288D+00
       0.33100D+03       0.41425D+00      -0.11159D-01       0.66246D+00       0.47160D+00
       0.33200D+03       0.41452D+00      -0.92898D-01       0.66245D+00       0.47210D+00
       0.33300D+03       0.41582D+00      -0.20162D+00       0.66246D+00       0.47263D+00
       0.33400D+03       0.41462D+00      -0.21399D+00       0.66248D+00       0.47318D+00
       0.33500D+03       0.41577D+00      -0.10896D+00       0.66249D+00       0.47371D+00
       0.33600D+03       0.41632D+00      -0.16648D-01       0.66248D+00       0.47421D+00
       0.33700D+03       0.41527D+00      -0.65758D-02       0.66246D+00       0.47313D+00
       0.33800D+03       0.41473D+00      -0.75393D-01       0.66245D+00       0.47187D+00
       0.33900D+03       0.41583D+00      -0.20039D+00       0.66245D+00       0.47239D+00
       0.34000D+03       0.41460D+00      -0.23070D+00       0.66247D+00       0.47293D+00
       0.34100D+03       0.41502D+00      -0.12234D+00       0.66249D+00       0.47346D+00
       0.34200D+03       0.41539D+00      -0.28102D-01       0.66248D+00       0.47213D+00
       0.34300D+03       0.41462D+00      -0.61258D-02       0.66246D+00       0.47260D+00
       0.34400D+03       0.41451D+00      -0.69116D-01       0.66245D+00       0.47308D+00
       0.34500D+03       0.41574D+00      -0.17967D+00       0.66245D+00       0.47358D+00
       0.34600D+03       0.41486D+00      -0.22894D+00       0.66247D+00       0.47411D+00
       0.34700D+03       0.41538D+00      -0.13766D+00       0.66249D+00       0.47462D+00
       0.34800D+03       0.41625D+00      -0.29920D-01       0.66248D+00       0.47510D+00
       0.34900D+03       0.41527D+00      -0.79103D-04       0.66246D+00       0.47387D+00
       0.35000D+03       0.41443D+00      -0.50935D-01       0.66245D+00       0.47258D+00
       0.35100D+03       0.41549D+00      -0.17169D+00       0.66245D+00       0.47307D+00
       0.35200D+03       0.41505D+00      -0.23546D+00       0.66247D+00       0.47359D+00
       0.35300D+03       0.41482D+00      -0.15145D+00       0.66249D+00       0.47410D+00
       0.35400D+03       0.41569D+00      -0.46079D-01       0.66248D+00       0.47465D+00
       0.35500D+03       0.41524D+00      -0.45971D-02       0.66247D+00       0.47510D+00
       0.35600D+03       0.41478D+00      -0.48168D-01       0.66245D+00       0.47555D+00
       0.35700D+03       0.41564D+00      -0.15396D+00       0.66245D+00       0.47773D+00
       0.35800D+03       0.41532D+00      -0.23607D+00       0.66247D+00       0.47823D+00
       0.35900D+03       0.41499D+00      -0.16806D+00       0.66248D+00       0.47872D+00
       0.36000D+03       0.41604D+00      -0.48806D-01       0.66249D+00       0.47918D+00
       0.36100D+03       0.41526D+00       0.22995D-03       0.66247D+00       0.47792D+00
       0.36200D+03       0.41429D+00      -0.31538D-01       0.66245D+00       0.47674D+00
       0.36300D+03       0.41512D+00      -0.14117D+00       0.66245D+00       0.47720D+00
       0.36400D+03       0.41552D+00      -0.22935D+00       0.66246D+00       0.47768D+00
       0.36500D+03       0.41475D+00      -0.17760D+00       0.66248D+00       0.47817D+00
       0.36600D+03       0.41593D+00      -0.66642D-01       0.66248D+00       0.47863D+00
       0.36700D+03       0.41583D+00      -0.57947D-02       0.66247D+00       0.47906D+00
       0.36800D+03       0.41511D+00      -0.29801D-01       0.66245D+00       0.47949D+00
       0.36900D+03       0.41545D+00      -0.12510D+00       0.66245D+00       0.47824D+00
       0.37000D+03       0.41574D+00      -0.23247D+00       0.66246D+00       0.47871D+00
       0.37100D+03       0.41469D+00      -0.19706D+00       0.66248D+00       0.47919D+00
       0.37200D+03       0.41570D+00      -0.72855D-01       0.66249D+00       0.47964D+00
       0.37300D+03       0.41526D+00      -0.56879D-02       0.66247D+00       0.47841D+00
       0.37400D+03       0.41429D+00      -0.17742D-01       0.66246D+00       0.47726D+00
       0.37500D+03       0.41479D+00      -0.11213D+00       0.66245D+00       0.47769D+00
       0.37600D+03       0.41575D+00      -0.21516D+00       0.66246D+00       0.47815D+00
       0.37700D+03       0.41470D+00      -0.20004D+00       0.66248D+00       0.47863D+00
       0.37800D+03       0.41588D+00      -0.90021D-01       0.66249D+00       0.47908D+00
       0.37900D+03       0.41613D+00      -0.10414D-01       0.66248D+00       0.47950D+00
       0.38000D+03       0.41526D+00      -0.14727D-01       0.66246D+00       0.47846D+00
       0.38100D+03       0.41508D+00      -0.95567D-01       0.66245D+00       0.47723D+00
       0.38200D+03       0.41588D+00      -0.21741D+00       0.66246D+00       0.47769D+00
       0.38300D+03       0.41458D+00      -0.22008D+00       0.66248D+00       0.47818D+00
       0.38400D+03       0.41531D+00      -0.10082D+00       0.66249D+00       0.47863D+00
       0.38500D+03       0.41530D+00      -0.17090D-01       0.66248D+00       0.47742D+00
       0.38600D+03       0.41447D+00      -0.93455D-02       0.66246D+00       0.47632D+00
       0.38700D+03       0.41462D+00      -0.86043D-01       0.66245D+00       0.47674D+00
       0.38800D+03       0.41575D+00      -0.19595D+00       0.66246D+00       0.47718D+00
       0.38900D+03       0.41476D+00      -0.21869D+00       0.66248D+00       0.47764D+00
       0.39000D+03       0.41564D+00      -0.11659D+00       0.66248D+00       0.47809D+00
       0.39100D+03       0.41620D+00      -0.19742D-01       0.66248D+00       0.47850D+00
       0.39200D+03       0.41529D+00      -0.42055D-02       0.66246D+00       0.47756D+00
       0.39300D+03       0.41474D+00      -0.68219D-01       0.66245D+00       0.47646D+00
       0.39400D+03       0.41571D+00      -0.19294D+00       0.66246D+00       0.47690D+00
       0.39500D+03       0.41480D+00      -0.23317D+00       0.66247D+00       0.47735D+00
       0.39600D+03       0.41500D+00      -0.13052D+00       0.66249D+00       0.47779D+00
       0.39700D+03       0.41546D+00      -0.32763D-01       0.66248D+00       0.47664D+00
       0.39800D+03       0.41486D+00      -0.54113D-02       0.66247D+00       0.47704D+00
       0.39900D+03       0.41467D+00      -0.63093D-01       0.66245D+00       0.47744D+00
       0.40000D+03       0.41568D+00      -0.17298D+00       0.66245D+00       0.47786D+00
       0.40100D+03       0.41504D+00      -0.23182D+00       0.66247D+00       0.47830D+00
       0.40200D+03       0.41529D+00      -0.14595D+00       0.66248D+00       0.47874D+00
       0.40300D+03       0.41611D+00      -0.34562D-01       0.66248D+00       0.47915D+00
       0.40400D+03       0.41529D+00       0.63997D-03       0.66247D+00       0.47807D+00
       0.40500D+03       0.41451D+00      -0.45057D-01       0.66245D+00       0.47696D+00
       0.40600D+03       0.41539D+00      -0.16330D+00       0.66245D+00       0.47738D+00
       0.40700D+03       0.41522D+00      -0.23477D+00       0.66247D+00       0.47781D+00
       0.40800D+03       0.41487D+00      -0.15901D+00       0.66248D+00       0.47825D+00
       0.40900D+03       0.41573D+00      -0.51484D-01       0.66248D+00       0.47872D+00
       0.41000D+03       0.41542D+00      -0.46517D-02       0.66247D+00       0.47910D+00
       0.41100D+03       0.41495D+00      -0.42846D-01       0.66245D+00       0.47948D+00
       0.41200D+03       0.41558D+00      -0.14626D+00       0.66245D+00       0.47838D+00
       0.41300D+03       0.41545D+00      -0.23623D+00       0.66247D+00       0.47880D+00
       0.41400D+03       0.41496D+00      -0.17636D+00       0.66248D+00       0.47923D+00
       0.41500D+03       0.41590D+00      -0.54945D-01       0.66248D+00       0.47963D+00
       0.41600D+03       0.41528D+00      -0.79596D-03       0.66247D+00       0.47854D+00
       0.41700D+03       0.41442D+00      -0.27179D-01       0.66246D+00       0.47751D+00
       0.41800D+03       0.41507D+00      -0.13294D+00       0.66245D+00       0.47790D+00
       0.41900D+03       0.41559D+00      -0.22610D+00       0.66246D+00       0.47831D+00
       0.42000D+03       0.41482D+00      -0.18414D+00       0.66248D+00       0.47874D+00
       0.42100D+03       0.41588D+00      -0.72770D-01       0.66248D+00       0.47914D+00
       0.42200D+03       0.41588D+00      -0.66675D-02       0.66247D+00       0.47951D+00
       0.42300D+03       0.41520D+00      -0.25274D-01       0.66246D+00       0.47988D+00
       0.42400D+03       0.41537D+00      -0.11691D+00       0.66245D+00       0.47880D+00
       0.42500D+03       0.41575D+00      -0.22944D+00       0.66246D+00       0.47921D+00
       0.42600D+03       0.41472D+00      -0.20419D+00       0.66248D+00       0.47963D+00
       0.42700D+03       0.41557D+00      -0.80233D-01       0.66248D+00       0.48002D+00
       0.42800D+03       0.41527D+00      -0.83244D-02       0.66247D+00       0.47894D+00
       0.42900D+03       0.41445D+00      -0.14921D-01       0.66246D+00       0.47794D+00
       0.43000D+03       0.41480D+00      -0.10463D+00       0.66245D+00       0.47832D+00
       0.43100D+03       0.41572D+00      -0.21028D+00       0.66246D+00       0.47872D+00
       0.43200D+03       0.41478D+00      -0.20558D+00       0.66248D+00       0.47913D+00
       0.43300D+03       0.41578D+00      -0.97011D-01       0.66248D+00       0.47952D+00
       0.43400D+03       0.41608D+00      -0.12465D-01       0.66248D+00       0.47989D+00
       0.43500D+03       0.41529D+00      -0.11325D-01       0.66246D+00       0.47905D+00
       0.43600D+03       0.41503D+00      -0.87722D-01       0.66245D+00       0.47798D+00
       0.43700D+03       0.41579D+00      -0.21147D+00       0.66246D+00       0.47837D+00
       0.43800D+03       0.41470D+00      -0.22479D+00       0.66247D+00       0.47878D+00
       0.43900D+03       0.41522D+00      -0.10894D+00       0.66248D+00       0.47917D+00
       0.44000D+03       0.41532D+00      -0.21032D-01       0.66248D+00       0.47812D+00
       0.44100D+03       0.41464D+00      -0.78734D-02       0.66246D+00       0.47716D+00
       0.44200D+03       0.41468D+00      -0.79429D-01       0.66245D+00       0.47752D+00
       0.44300D+03       0.41568D+00      -0.19000D+00       0.66246D+00       0.47790D+00
       0.44400D+03       0.41486D+00      -0.22297D+00       0.66247D+00       0.47831D+00
       0.44500D+03       0.41551D+00      -0.12443D+00       0.66248D+00       0.47870D+00
       0.44600D+03       0.41608D+00      -0.23255D-01       0.66248D+00       0.47906D+00
       0.44700D+03       0.41529D+00      -0.22680D-02       0.66246D+00       0.47809D+00
       0.44800D+03       0.41473D+00      -0.61368D-01       0.66245D+00       0.47706D+00
       0.44900D+03       0.41559D+00      -0.18509D+00       0.66246D+00       0.47743D+00
       0.45000D+03       0.41495D+00      -0.23476D+00       0.66247D+00       0.47783D+00
       0.45100D+03       0.41499D+00      -0.13860D+00       0.66248D+00       0.47822D+00
       0.45200D+03       0.41550D+00      -0.37651D-01       0.66248D+00       0.47721D+00
       0.45300D+03       0.41504D+00      -0.49313D-02       0.66247D+00       0.47756D+00
       0.45400D+03       0.41480D+00      -0.57272D-01       0.66245D+00       0.47791D+00
       0.45500D+03       0.41561D+00      -0.16600D+00       0.66246D+00       0.47827D+00
       0.45600D+03       0.41516D+00      -0.23405D+00       0.66247D+00       0.47866D+00
       0.45700D+03       0.41520D+00      -0.15433D+00       0.66248D+00       0.47905D+00
       0.45800D+03       0.41597D+00      -0.39630D-01       0.66248D+00       0.47941D+00
       0.45900D+03       0.41529D+00       0.87867D-03       0.66247D+00       0.47846D+00
       0.46000D+03       0.41456D+00      -0.39584D-01       0.66246D+00       0.47750D+00
       0.46100D+03       0.41530D+00      -0.15486D+00       0.66245D+00       0.47786D+00
       0.46200D+03       0.41533D+00      -0.23330D+00       0.66247D+00       0.47824D+00
       0.46300D+03       0.41490D+00      -0.16630D+00       0.66248D+00       0.47862D+00
       0.46400D+03       0.41574D+00      -0.57077D-01       0.66248D+00       0.47898D+00
       0.46500D+03       0.41554D+00      -0.49061D-02       0.66247D+00       0.47932D+00
       0.46600D+03       0.41506D+00      -0.37720D-01       0.66246D+00       0.47965D+00
       0.46700D+03       0.41551D+00      -0.13835D+00       0.66245D+00       0.47867D+00
       0.46800D+03       0.41553D+00      -0.23553D+00       0.66247D+00       0.47904D+00
       0.46900D+03       0.41493D+00      -0.18447D+00       0.66248D+00       0.47942D+00
       0.47000D+03       0.41576D+00      -0.61459D-01       0.66248D+00       0.47978D+00
       0.47100D+03       0.41528D+00      -0.22876D-02       0.66247D+00       0.47881D+00
       0.47200D+03       0.41451D+00      -0.23249D-01       0.66246D+00       0.47789D+00
       0.47300D+03       0.41502D+00      -0.12487D+00       0.66245D+00       0.47823D+00
       0.47400D+03       0.41561D+00      -0.22232D+00       0.66246D+00       0.47860D+00
       0.47500D+03       0.41486D+00      -0.19040D+00       0.66248D+00       0.47898D+00
       0.47600D+03       0.41581D+00      -0.79123D-01       0.66248D+00       0.47933D+00
       0.47700D+03       0.41589D+00      -0.78263D-02       0.66247D+00       0.47966D+00
       0.47800D+03       0.41525D+00      -0.21021D-01       0.66246D+00       0.47885D+00
       0.47900D+03       0.41528D+00      -0.10874D+00       0.66245D+00       0.47788D+00
       0.48000D+03       0.41577D+00      -0.22554D+00       0.66246D+00       0.47824D+00
       0.48100D+03       0.41477D+00      -0.21076D+00       0.66248D+00       0.47863D+00
       0.48200D+03       0.41547D+00      -0.87876D-01       0.66248D+00       0.47898D+00
       0.48300D+03       0.41530D+00      -0.11355D-01       0.66247D+00       0.47802D+00
       0.48400D+03       0.41459D+00      -0.12498D-01       0.66246D+00       0.47713D+00
       0.48500D+03       0.41482D+00      -0.97376D-01       0.66245D+00       0.47747D+00
       0.48600D+03       0.41569D+00      -0.20508D+00       0.66246D+00       0.47782D+00
       0.48700D+03       0.41485D+00      -0.21083D+00       0.66248D+00       0.47819D+00
       0.48800D+03       0.41569D+00      -0.10425D+00       0.66248D+00       0.47854D+00
       0.48900D+03       0.41602D+00      -0.14897D-01       0.66248D+00       0.47887D+00
       0.49000D+03       0.41531D+00      -0.82951D-02       0.66246D+00       0.47812D+00
       0.49100D+03       0.41499D+00      -0.80098D-01       0.66245D+00       0.47724D+00
       0.49200D+03       0.41572D+00      -0.20487D+00       0.66246D+00       0.47759D+00
       0.49300D+03       0.41481D+00      -0.22868D+00       0.66247D+00       0.47795D+00
       0.49400D+03       0.41517D+00      -0.11713D+00       0.66248D+00       0.47831D+00
       0.49500D+03       0.41537D+00      -0.25271D-01       0.66248D+00       0.47737D+00
       0.49600D+03       0.41480D+00      -0.67137D-02       0.66246D+00       0.47653D+00
       0.49700D+03       0.41477D+00      -0.73049D-01       0.66246D+00       0.47686D+00
       0.49800D+03       0.41564D+00      -0.18377D+00       0.66246D+00       0.47720D+00
       0.49900D+03       0.41498D+00      -0.22679D+00       0.66247D+00       0.47756D+00
       0.50000D+03       0.41543D+00      -0.13247D+00       0.66248D+00       0.47791D+00
       0.50100D+03       0.41600D+00      -0.27196D-01       0.66248D+00       0.47823D+00
       0.50200D+03       0.41531D+00      -0.78160D-03       0.66247D+00       0.47737D+00
       0.50300D+03       0.41475D+00      -0.54867D-01       0.66246D+00       0.47646D+00
       0.50400D+03       0.41550D+00      -0.17696D+00       0.66246D+00       0.47680D+00
       0.50500D+03       0.41509D+00      -0.23546D+00       0.66247D+00       0.47715D+00
       0.50600D+03       0.41500D+00      -0.14653D+00       0.66248D+00       0.47750D+00
       0.50700D+03       0.41556D+00      -0.42745D-01       0.66248D+00       0.47661D+00
       0.50800D+03       0.41520D+00      -0.46636D-02       0.66247D+00       0.47692D+00
       0.50900D+03       0.41492D+00      -0.51643D-01       0.66246D+00       0.47723D+00
       0.51000D+03       0.41558D+00      -0.15872D+00       0.66246D+00       0.47631D+00
       0.51100D+03       0.41528D+00      -0.23553D+00       0.66247D+00       0.47666D+00
       0.51200D+03       0.41516D+00      -0.16274D+00       0.66248D+00       0.47701D+00
       0.51300D+03       0.41588D+00      -0.45114D-01       0.66248D+00       0.47734D+00
       0.51400D+03       0.41530D+00       0.63451D-03       0.66247D+00       0.47646D+00
       0.51500D+03       0.41463D+00      -0.34527D-01       0.66246D+00       0.47564D+00
       0.51600D+03       0.41524D+00      -0.14646D+00       0.66246D+00       0.47596D+00
       0.51700D+03       0.41544D+00      -0.23109D+00       0.66247D+00       0.47630D+00
       0.51800D+03       0.41495D+00      -0.17330D+00       0.66248D+00       0.47665D+00
       0.51900D+03       0.41575D+00      -0.62864D-01       0.66248D+00       0.47698D+00
       0.52000D+03       0.41564D+00      -0.53752D-02       0.66247D+00       0.47728D+00
       0.52100D+03       0.41516D+00      -0.32803D-01       0.66246D+00       0.47758D+00
       0.52200D+03       0.41546D+00      -0.13028D+00       0.66246D+00       0.47671D+00
       0.52300D+03       0.41560D+00      -0.23394D+00       0.66247D+00       0.47704D+00
       0.52400D+03       0.41493D+00      -0.19229D+00       0.66248D+00       0.47739D+00
       0.52500D+03       0.41566D+00      -0.68326D-01       0.66248D+00       0.47771D+00
       0.52600D+03       0.41530D+00      -0.42298D-02       0.66247D+00       0.47684D+00
       0.52700D+03       0.41461D+00      -0.19747D-01       0.66246D+00       0.47603D+00
       0.52800D+03       0.41500D+00      -0.11701D+00       0.66246D+00       0.47634D+00
       0.52900D+03       0.41563D+00      -0.21807D+00       0.66246D+00       0.47667D+00
       0.53000D+03       0.41491D+00      -0.19638D+00       0.66248D+00       0.47701D+00
       0.53100D+03       0.41576D+00      -0.85712D-01       0.66248D+00       0.47733D+00
       0.53200D+03       0.41589D+00      -0.93013D-02       0.66247D+00       0.47764D+00
       0.53300D+03       0.41529D+00      -0.17068D-01       0.66246D+00       0.47690D+00
       0.53400D+03       0.41522D+00      -0.10064D+00       0.66246D+00       0.47603D+00
       0.53500D+03       0.41574D+00      -0.22081D+00       0.66246D+00       0.47636D+00
       0.53600D+03       0.41482D+00      -0.21669D+00       0.66248D+00       0.47671D+00
       0.53700D+03       0.41538D+00      -0.95740D-01       0.66248D+00       0.47704D+00
       0.53800D+03       0.41532D+00      -0.14754D-01       0.66247D+00       0.47617D+00
       0.53900D+03       0.41471D+00      -0.10455D-01       0.66246D+00       0.47539D+00
       0.54000D+03       0.41485D+00      -0.90365D-01       0.66246D+00       0.47569D+00
       0.54100D+03       0.41566D+00      -0.19958D+00       0.66246D+00       0.47601D+00
       0.54200D+03       0.41493D+00      -0.21575D+00       0.66247D+00       0.47634D+00
       0.54300D+03       0.41561D+00      -0.11172D+00       0.66248D+00       0.47666D+00
       0.54400D+03       0.41598D+00      -0.17730D-01       0.66248D+00       0.47696D+00
       0.54500D+03       0.41532D+00      -0.56612D-02       0.66246D+00       0.47629D+00
       0.54600D+03       0.41497D+00      -0.72737D-01       0.66246D+00       0.47550D+00
       0.54700D+03       0.41565D+00      -0.19772D+00       0.66246D+00       0.47582D+00
       0.54800D+03       0.41493D+00      -0.23171D+00       0.66247D+00       0.47615D+00
       0.54900D+03       0.41515D+00      -0.12534D+00       0.66248D+00       0.47647D+00
       0.55000D+03       0.41541D+00      -0.29777D-01       0.66248D+00       0.47564D+00
       0.55100D+03       0.41495D+00      -0.58359D-02       0.66247D+00       0.47593D+00
       0.55200D+03       0.41486D+00      -0.66891D-01       0.66246D+00       0.47622D+00
       0.55300D+03       0.41561D+00      -0.17726D+00       0.66246D+00       0.47652D+00
       0.55400D+03       0.41509D+00      -0.23006D+00       0.66247D+00       0.47685D+00
       0.55500D+03       0.41537D+00      -0.14068D+00       0.66248D+00       0.47717D+00
       0.55600D+03       0.41593D+00      -0.31566D-01       0.66248D+00       0.47746D+00
       0.55700D+03       0.41532D+00       0.23887D-03       0.66247D+00       0.47669D+00
       0.55800D+03       0.41478D+00      -0.48742D-01       0.66246D+00       0.47588D+00
       0.55900D+03       0.41544D+00      -0.16864D+00       0.66246D+00       0.47618D+00
       0.56000D+03       0.41522D+00      -0.23530D+00       0.66247D+00       0.47650D+00
       0.56100D+03       0.41503D+00      -0.15424D+00       0.66248D+00       0.47682D+00
       0.56200D+03       0.41561D+00      -0.48032D-01       0.66248D+00       0.47716D+00
       0.56300D+03       0.41535D+00      -0.45944D-02       0.66247D+00       0.47744D+00
       0.56400D+03       0.41504D+00      -0.46202D-01       0.66246D+00       0.47772D+00
       0.56500D+03       0.41555D+00      -0.15118D+00       0.66246D+00       0.47692D+00
       0.56600D+03       0.41539D+00      -0.23623D+00       0.66247D+00       0.47724D+00
       0.56700D+03       0.41512D+00      -0.17111D+00       0.66248D+00       0.47755D+00
       0.56800D+03       0.41580D+00      -0.51003D-01       0.66248D+00       0.47785D+00
       0.56900D+03       0.41532D+00      -0.90024D-04       0.66247D+00       0.47706D+00
       0.57000D+03       0.41469D+00      -0.29896D-01       0.66246D+00       0.47630D+00
       0.57100D+03       0.41520D+00      -0.13814D+00       0.66246D+00       0.47659D+00
       0.57200D+03       0.41551D+00      -0.22823D+00       0.66247D+00       0.47690D+00
       0.57300D+03       0.41498D+00      -0.18002D+00       0.66248D+00       0.47721D+00
       0.57400D+03       0.41575D+00      -0.68855D-01       0.66248D+00       0.47751D+00
       0.57500D+03       0.41571D+00      -0.60823D-02       0.66247D+00       0.47779D+00
       0.57600D+03       0.41523D+00      -0.28117D-01       0.66246D+00       0.47806D+00
       0.57700D+03       0.41542D+00      -0.12212D+00       0.66246D+00       0.47726D+00
       0.57800D+03       0.41564D+00      -0.23146D+00       0.66246D+00       0.47756D+00
       0.57900D+03       0.41493D+00      -0.19972D+00       0.66248D+00       0.47787D+00
       0.58000D+03       0.41557D+00      -0.75517D-01       0.66248D+00       0.47816D+00
       0.58100D+03       0.41531D+00      -0.66037D-02       0.66247D+00       0.47737D+00
       0.58200D+03       0.41470D+00      -0.16664D-01       0.66246D+00       0.47664D+00
       0.58300D+03       0.41499D+00      -0.10936D+00       0.66246D+00       0.47692D+00
       0.58400D+03       0.41563D+00      -0.21342D+00       0.66246D+00       0.47722D+00
       0.58500D+03       0.41495D+00      -0.20210D+00       0.66248D+00       0.47752D+00
       0.58600D+03       0.41571D+00      -0.92545D-01       0.66248D+00       0.47782D+00
       0.58700D+03       0.41589D+00      -0.11120D-01       0.66247D+00       0.47809D+00
       0.58800D+03       0.41532D+00      -0.13443D-01       0.66246D+00       0.47748D+00
       0.58900D+03       0.41517D+00      -0.92679D-01       0.66246D+00       0.47669D+00
       0.59000D+03       0.41571D+00      -0.21532D+00       0.66246D+00       0.47698D+00
       0.59100D+03       0.41488D+00      -0.22190D+00       0.66247D+00       0.47729D+00
       0.59200D+03       0.41532D+00      -0.10378D+00       0.66248D+00       0.47758D+00
       0.59300D+03       0.41533D+00      -0.18494D-01       0.66247D+00       0.47680D+00
       0.59400D+03       0.41481D+00      -0.87698D-02       0.66246D+00       0.47609D+00
       0.59500D+03       0.41488D+00      -0.83599D-01       0.66246D+00       0.47636D+00
       0.59600D+03       0.41562D+00      -0.19381D+00       0.66246D+00       0.47665D+00
       0.59700D+03       0.41499D+00      -0.22030D+00       0.66247D+00       0.47695D+00
       0.59800D+03       0.41553D+00      -0.11943D+00       0.66248D+00       0.47724D+00
       0.59900D+03       0.41592D+00      -0.20976D-01       0.66248D+00       0.47751D+00
       0.60000D+03       0.41532D+00      -0.34466D-02       0.66247D+00       0.47679D+00
       0.60100D+03       0.41494D+00      -0.65678D-01       0.66246D+00       0.47602D+00
       0.60200D+03       0.41558D+00      -0.19011D+00       0.66246D+00       0.47630D+00
       0.60300D+03       0.41502D+00      -0.23385D+00       0.66247D+00       0.47660D+00
       0.60400D+03       0.41512D+00      -0.13349D+00       0.66248D+00       0.47690D+00
       0.60500D+03       0.41545D+00      -0.34524D-01       0.66248D+00       0.47614D+00
       0.60600D+03       0.41507D+00      -0.52101D-02       0.66247D+00       0.47640D+00
       0.60700D+03       0.41493D+00      -0.60944D-01       0.66246D+00       0.47667D+00
       0.60800D+03       0.41557D+00      -0.17046D+00       0.66246D+00       0.47694D+00
       0.60900D+03       0.41518D+00      -0.23272D+00       0.66247D+00       0.47724D+00
       0.61000D+03       0.41530D+00      -0.14901D+00       0.66248D+00       0.47753D+00
       0.61100D+03       0.41585D+00      -0.36364D-01       0.66248D+00       0.47780D+00
       0.61200D+03       0.41532D+00       0.78308D-03       0.66247D+00       0.47709D+00
       0.61300D+03       0.41479D+00      -0.43010D-01       0.66246D+00       0.47636D+00
       0.61400D+03       0.41536D+00      -0.16022D+00       0.66246D+00       0.47664D+00
       0.61500D+03       0.41530D+00      -0.23432D+00       0.66247D+00       0.47693D+00
       0.61600D+03       0.41504D+00      -0.16170D+00       0.66248D+00       0.47722D+00
       0.61700D+03       0.41563D+00      -0.53505D-01       0.66248D+00       0.47749D+00
       0.61800D+03       0.41544D+00      -0.47209D-02       0.66247D+00       0.47774D+00
       0.61900D+03       0.41511D+00      -0.40951D-01       0.66246D+00       0.47800D+00
       0.62000D+03       0.41551D+00      -0.14339D+00       0.66246D+00       0.47726D+00
       0.62100D+03       0.41546D+00      -0.23608D+00       0.66247D+00       0.47755D+00
       0.62200D+03       0.41508D+00      -0.17935D+00       0.66248D+00       0.47784D+00
       0.62300D+03       0.41571D+00      -0.57282D-01       0.66248D+00       0.47810D+00
       0.62400D+03       0.41532D+00      -0.12875D-02       0.66247D+00       0.47738D+00
       0.62500D+03       0.41474D+00      -0.25694D-01       0.66246D+00       0.47669D+00
       0.62600D+03       0.41515D+00      -0.12997D+00       0.66246D+00       0.47695D+00
       0.62700D+03       0.41554D+00      -0.22478D+00       0.66247D+00       0.47723D+00
       0.62800D+03       0.41500D+00      -0.18645D+00       0.66248D+00       0.47752D+00
       0.62900D+03       0.41572D+00      -0.75064D-01       0.66248D+00       0.47779D+00
       0.63000D+03       0.41574D+00      -0.70560D-02       0.66247D+00       0.47804D+00
       0.63100D+03       0.41527D+00      -0.23687D-01       0.66246D+00       0.47743D+00
       0.63200D+03       0.41535D+00      -0.11392D+00       0.66246D+00       0.47670D+00
       0.63300D+03       0.41564D+00      -0.22811D+00       0.66246D+00       0.47697D+00
       0.63400D+03       0.41493D+00      -0.20666D+00       0.66248D+00       0.47726D+00
       0.63500D+03       0.41548D+00      -0.82996D-01       0.66248D+00       0.47753D+00
       0.63600D+03       0.41531D+00      -0.93869D-02       0.66247D+00       0.47680D+00
       0.63700D+03       0.41476D+00      -0.13990D-01       0.66246D+00       0.47613D+00
       0.63800D+03       0.41497D+00      -0.10195D+00       0.66246D+00       0.47639D+00
       0.63900D+03       0.41561D+00      -0.20842D+00       0.66246D+00       0.47666D+00
       0.64000D+03       0.41497D+00      -0.20753D+00       0.66247D+00       0.47694D+00
       0.64100D+03       0.41563D+00      -0.99625D-01       0.66248D+00       0.47721D+00
       0.64200D+03       0.41586D+00      -0.13308D-01       0.66247D+00       0.47746D+00
       0.64300D+03       0.41532D+00      -0.10174D-01       0.66246D+00       0.47690D+00
       0.64400D+03       0.41512D+00      -0.84909D-01       0.66246D+00       0.47623D+00
       0.64500D+03       0.41565D+00      -0.20913D+00       0.66246D+00       0.47650D+00
       0.64600D+03       0.41492D+00      -0.22631D+00       0.66247D+00       0.47677D+00
       0.64700D+03       0.41525D+00      -0.11193D+00       0.66248D+00       0.47704D+00
       0.64800D+03       0.41535D+00      -0.22548D-01       0.66247D+00       0.47633D+00
       0.64900D+03       0.41490D+00      -0.74152D-02       0.66247D+00       0.47569D+00
       0.65000D+03       0.41490D+00      -0.77072D-01       0.66246D+00       0.47594D+00
       0.65100D+03       0.41558D+00      -0.18776D+00       0.66246D+00       0.47620D+00
       0.65200D+03       0.41504D+00      -0.22443D+00       0.66247D+00       0.47648D+00
       0.65300D+03       0.41545D+00      -0.12735D+00       0.66248D+00       0.47674D+00
       0.65400D+03       0.41585D+00      -0.24645D-01       0.66248D+00       0.47700D+00
       0.65500D+03       0.41532D+00      -0.16719D-02       0.66247D+00       0.47634D+00
       0.65600D+03       0.41492D+00      -0.58951D-01       0.66246D+00       0.47564D+00
       0.65700D+03       0.41550D+00      -0.18215D+00       0.66246D+00       0.47590D+00
       0.65800D+03       0.41511D+00      -0.23511D+00       0.66247D+00       0.47617D+00
       0.65900D+03       0.41510D+00      -0.14152D+00       0.66248D+00       0.47644D+00
       0.66000D+03       0.41548D+00      -0.39489D-01       0.66248D+00       0.47575D+00
       0.66100D+03       0.41518D+00      -0.48099D-02       0.66247D+00       0.47599D+00
       0.66200D+03       0.41499D+00      -0.55194D-01       0.66246D+00       0.47623D+00
       0.66300D+03       0.41553D+00      -0.16337D+00       0.66246D+00       0.47649D+00
       0.66400D+03       0.41525D+00      -0.23468D+00       0.66247D+00       0.47676D+00
       0.66500D+03       0.41524D+00      -0.15741D+00       0.66248D+00       0.47702D+00
       0.66600D+03       0.41577D+00      -0.41585D-01       0.66248D+00       0.47727D+00
       0.66700D+03       0.41532D+00       0.84544D-03       0.66247D+00       0.47663D+00
       0.66800D+03       0.41481D+00      -0.37688D-01       0.66246D+00       0.47600D+00
       0.66900D+03       0.41531D+00      -0.15179D+00       0.66246D+00       0.47625D+00
       0.67000D+03       0.41538D+00      -0.23257D+00       0.66247D+00       0.47651D+00
       0.67100D+03       0.41505D+00      -0.16889D+00       0.66248D+00       0.47678D+00
       0.67200D+03       0.41564D+00      -0.59168D-01       0.66248D+00       0.47703D+00
       0.67300D+03       0.41552D+00      -0.50515D-02       0.66247D+00       0.47727D+00
       0.67400D+03       0.41518D+00      -0.35899D-01       0.66246D+00       0.47750D+00
       0.67500D+03       0.41546D+00      -0.13542D+00       0.66246D+00       0.47682D+00
       0.67600D+03       0.41551D+00      -0.23505D+00       0.66247D+00       0.47709D+00
       0.67700D+03       0.41505D+00      -0.18736D+00       0.66248D+00       0.47735D+00
       0.67800D+03       0.41563D+00      -0.63928D-01       0.66248D+00       0.47760D+00
       0.67900D+03       0.41532D+00      -0.29457D-02       0.66247D+00       0.47693D+00
       0.68000D+03       0.41478D+00      -0.21921D-01       0.66246D+00       0.47629D+00
       0.68100D+03       0.41512D+00      -0.12197D+00       0.66246D+00       0.47653D+00
       0.68200D+03       0.41556D+00      -0.22082D+00       0.66246D+00       0.47679D+00
       0.68300D+03       0.41502D+00      -0.19261D+00       0.66248D+00       0.47706D+00
       0.68400D+03       0.41568D+00      -0.81502D-01       0.66248D+00       0.47731D+00
       0.68500D+03       0.41575D+00      -0.83269D-02       0.66247D+00       0.47754D+00
       0.68600D+03       0.41530D+00      -0.19540D-01       0.66246D+00       0.47697D+00
       0.68700D+03       0.41529D+00      -0.10577D+00       0.66246D+00       0.47630D+00
       0.68800D+03       0.41566D+00      -0.22391D+00       0.66246D+00       0.47655D+00
       0.68900D+03       0.41495D+00      -0.21301D+00       0.66247D+00       0.47683D+00
       0.69000D+03       0.41542D+00      -0.90726D-01       0.66248D+00       0.47708D+00
       0.69100D+03       0.41533D+00      -0.12555D-01       0.66247D+00       0.47641D+00
       0.69200D+03       0.41484D+00      -0.11709D-01       0.66246D+00       0.47579D+00
       0.69300D+03       0.41498D+00      -0.94787D-01       0.66246D+00       0.47603D+00
       0.69400D+03       0.41560D+00      -0.20310D+00       0.66246D+00       0.47628D+00
       0.69500D+03       0.41502D+00      -0.21267D+00       0.66247D+00       0.47654D+00
       0.69600D+03       0.41558D+00      -0.10695D+00       0.66248D+00       0.47679D+00
       0.69700D+03       0.41584D+00      -0.15885D-01       0.66247D+00       0.47702D+00
       0.69800D+03       0.41533D+00      -0.72858D-02       0.66246D+00       0.47650D+00
       0.69900D+03       0.41509D+00      -0.77376D-01       0.66246D+00       0.47588D+00
       0.70000D+03       0.41561D+00      -0.20232D+00       0.66246D+00       0.47613D+00
       0.70100D+03       0.41500D+00      -0.22989D+00       0.66247D+00       0.47639D+00
       0.70200D+03       0.41522D+00      -0.12013D+00       0.66248D+00       0.47664D+00
       0.70300D+03       0.41538D+00      -0.26887D-01       0.66247D+00       0.47598D+00
       0.70400D+03       0.41500D+00      -0.63620D-02       0.66247D+00       0.47621D+00
       0.70500D+03       0.41496D+00      -0.70775D-01       0.66246D+00       0.47644D+00
       0.70600D+03       0.41556D+00      -0.18143D+00       0.66246D+00       0.47668D+00
       0.70700D+03       0.41512D+00      -0.22805D+00       0.66247D+00       0.47693D+00
       0.70800D+03       0.41540D+00      -0.13545D+00       0.66248D+00       0.47718D+00
       0.70900D+03       0.41582D+00      -0.28742D-01       0.66248D+00       0.47741D+00
       0.71000D+03       0.41533D+00      -0.35420D-03       0.66247D+00       0.47681D+00
       0.71100D+03       0.41493D+00      -0.52585D-01       0.66246D+00       0.47616D+00
       0.71200D+03       0.41545D+00      -0.17393D+00       0.66246D+00       0.47640D+00
       0.71300D+03       0.41520D+00      -0.23550D+00       0.66247D+00       0.47665D+00
       0.71400D+03       0.41511D+00      -0.14937D+00       0.66248D+00       0.47690D+00
       0.71500D+03       0.41553D+00      -0.44654D-01       0.66248D+00       0.47627D+00
       0.71600D+03       0.41529D+00      -0.46157D-02       0.66247D+00       0.47649D+00
       0.71700D+03       0.41508D+00      -0.49634D-01       0.66246D+00       0.47671D+00
       0.71800D+03       0.41552D+00      -0.15600D+00       0.66246D+00       0.47606D+00
       0.71900D+03       0.41534D+00      -0.23588D+00       0.66247D+00       0.47631D+00
       0.72000D+03       0.41521D+00      -0.16581D+00       0.66248D+00       0.47656D+00
       0.72100D+03       0.41573D+00      -0.47219D-01       0.66248D+00       0.47679D+00
       0.72200D+03       0.41533D+00       0.42528D-03       0.66247D+00       0.47616D+00
