       0.10000D+01       0.28252D-06       0.15699D+00       0.81890D+00       0.61036D-01
       0.20000D+01       0.13124D+00       0.50765D+00       0.82278D+00       0.71044D-01
       0.30000D+01       0.92290D-01       0.54738D+00       0.82365D+00       0.50321D-01
       0.40000D+01       0.12038D+00       0.28163D+00       0.82450D+00       0.40275D-01
       0.50000D+01       0.13814D+00       0.94725D-01       0.82348D+00       0.40262D-01
       0.60000D+01       0.15630D+00       0.17792D+00       0.82273D+00       0.39225D-01
       0.70000D+01       0.20481D+00       0.63659D+00       0.82316D+00       0.65998D-01
       0.80000D+01       0.19269D+00       0.77932D+00       0.82342D+00       0.57923D-01
       0.90000D+01       0.18982D+00       0.57199D+00       0.82387D+00       0.51811D-01
       0.10000D+02       0.19097D+00       0.31236D+00       0.82346D+00       0.51502D-01
       0.11000D+02       0.20880D+00       0.22337D+00       0.82307D+00       0.47158D-01
       0.12000D+02       0.25582D+00       0.76241D+00       0.82322D+00       0.63265D-01
       0.13000D+02       0.26783D+00       0.10421D+01       0.82334D+00       0.59213D-01
       0.14000D+02       0.25785D+00       0.89129D+00       0.82366D+00       0.55023D-01
       0.15000D+02       0.26514D+00       0.59299D+00       0.82344D+00       0.52147D-01
       0.16000D+02       0.29880D+00       0.29709D+00       0.82321D+00       0.49025D-01
       0.17000D+02       0.33861D+00       0.86020D+00       0.82324D+00       0.62874D-01
       0.18000D+02       0.36816D+00       0.12653D+01       0.82328D+00       0.62819D-01
       0.19000D+02       0.35600D+00       0.11754D+01       0.82353D+00       0.10327D+00
       0.20000D+02       0.36739D+00       0.87460D+00       0.82341D+00       0.10126D+00
       0.21000D+02       0.40257D+00       0.43411D+00       0.82328D+00       0.96650D-01
       0.22000D+02       0.43512D+00       0.97575D+00       0.82326D+00       0.10474D+00
       0.23000D+02       0.46276D+00       0.14225D+01       0.82324D+00       0.10324D+00
       0.24000D+02       0.45004D+00       0.13947D+01       0.82345D+00       0.13384D+00
       0.25000D+02       0.46985D+00       0.10109D+01       0.82339D+00       0.16271D+00
       0.26000D+02       0.49652D+00       0.50394D+00       0.82332D+00       0.16218D+00
       0.27000D+02       0.52135D+00       0.10069D+01       0.82326D+00       0.16543D+00
       0.28000D+02       0.53336D+00       0.13820D+01       0.82321D+00       0.16516D+00
       0.29000D+02       0.52032D+00       0.14153D+01       0.82338D+00       0.18808D+00
       0.30000D+02       0.53984D+00       0.96693D+00       0.82337D+00       0.23791D+00
       0.31000D+02       0.55900D+00       0.42226D+00       0.82335D+00       0.23247D+00
       0.32000D+02       0.57596D+00       0.85345D+00       0.82327D+00       0.23436D+00
       0.33000D+02       0.57164D+00       0.11504D+01       0.82320D+00       0.22879D+00
       0.34000D+02       0.55986D+00       0.12459D+01       0.82334D+00       0.24662D+00
       0.35000D+02       0.56791D+00       0.84983D+00       0.82336D+00       0.33521D+00
       0.36000D+02       0.58127D+00       0.28674D+00       0.82337D+00       0.32785D+00
       0.37000D+02       0.58616D+00       0.56561D+00       0.82327D+00       0.32639D+00
       0.38000D+02       0.57489D+00       0.86468D+00       0.82320D+00       0.31875D+00
       0.39000D+02       0.56550D+00       0.10208D+01       0.82332D+00       0.31101D+00
       0.40000D+02       0.56120D+00       0.75382D+00       0.82335D+00       0.30324D+00
       0.41000D+02       0.56835D+00       0.21970D+00       0.82339D+00       0.29644D+00
       0.42000D+02       0.56256D+00       0.29017D+00       0.82329D+00       0.29533D+00
       0.43000D+02       0.54945D+00       0.54218D+00       0.82321D+00       0.29344D+00
       0.44000D+02       0.54289D+00       0.75435D+00       0.82330D+00       0.28659D+00
       0.45000D+02       0.53377D+00       0.62258D+00       0.82335D+00       0.28027D+00
       0.46000D+02       0.53505D+00       0.17331D+00       0.82340D+00       0.27453D+00
       0.47000D+02       0.52739D+00       0.79568D-01       0.82331D+00       0.27207D+00
       0.48000D+02       0.51753D+00       0.26261D+00       0.82322D+00       0.26726D+00
       0.49000D+02       0.51336D+00       0.53457D+00       0.82330D+00       0.26212D+00
       0.50000D+02       0.50430D+00       0.50226D+00       0.82334D+00       0.25692D+00
       0.51000D+02       0.50218D+00       0.16064D+00       0.82341D+00       0.25207D+00
       0.52000D+02       0.49376D+00       0.68467D-03       0.82332D+00       0.25073D+00
       0.53000D+02       0.48585D+00       0.15428D+00       0.82324D+00       0.25167D+00
       0.54000D+02       0.48462D+00       0.51420D+00       0.82330D+00       0.24845D+00
       0.55000D+02       0.47691D+00       0.56159D+00       0.82334D+00       0.24404D+00
       0.56000D+02       0.47354D+00       0.30180D+00       0.82341D+00       0.23974D+00
       0.57000D+02       0.46644D+00       0.11055D+00       0.82334D+00       0.23618D+00
       0.58000D+02       0.46177D+00       0.18228D+00       0.82326D+00       0.23275D+00
       0.59000D+02       0.46408D+00       0.65011D+00       0.82330D+00       0.23263D+00
       0.60000D+02       0.45917D+00       0.80411D+00       0.82333D+00       0.22874D+00
       0.61000D+02       0.45532D+00       0.60164D+00       0.82340D+00       0.22494D+00
       0.62000D+02       0.44943D+00       0.33469D+00       0.82334D+00       0.22217D+00
       0.63000D+02       0.44863D+00       0.22687D+00       0.82328D+00       0.21883D+00
       0.64000D+02       0.45478D+00       0.77036D+00       0.82330D+00       0.21914D+00
       0.65000D+02       0.45503D+00       0.10627D+01       0.82332D+00       0.21591D+00
       0.66000D+02       0.45075D+00       0.91721D+00       0.82339D+00       0.21255D+00
       0.67000D+02       0.44874D+00       0.62017D+00       0.82335D+00       0.20988D+00
       0.68000D+02       0.45453D+00       0.30781D+00       0.82330D+00       0.20689D+00
       0.69000D+02       0.46279D+00       0.87056D+00       0.82330D+00       0.20951D+00
       0.70000D+02       0.46895D+00       0.12841D+01       0.82331D+00       0.20739D+00
       0.71000D+02       0.46466D+00       0.11997D+01       0.82338D+00       0.21612D+00
       0.72000D+02       0.46609D+00       0.89417D+00       0.82335D+00       0.21404D+00
       0.73000D+02       0.47510D+00       0.44507D+00       0.82331D+00       0.21120D+00
       0.74000D+02       0.48392D+00       0.98358D+00       0.82330D+00       0.21207D+00
       0.75000D+02       0.49173D+00       0.14277D+01       0.82330D+00       0.21016D+00
       0.76000D+02       0.48743D+00       0.14054D+01       0.82336D+00       0.21836D+00
       0.77000D+02       0.49314D+00       0.10130D+01       0.82334D+00       0.21596D+00
       0.78000D+02       0.50173D+00       0.50221D+00       0.82332D+00       0.21458D+00
       0.79000D+02       0.51014D+00       0.10009D+01       0.82330D+00       0.21701D+00
       0.80000D+02       0.51413D+00       0.13673D+01       0.82328D+00       0.21726D+00
       0.81000D+02       0.50964D+00       0.14062D+01       0.82334D+00       0.22480D+00
       0.82000D+02       0.51685D+00       0.95725D+00       0.82334D+00       0.24259D+00
       0.83000D+02       0.52420D+00       0.40965D+00       0.82333D+00       0.24050D+00
       0.84000D+02       0.53084D+00       0.83083D+00       0.82330D+00       0.24111D+00
       0.85000D+02       0.52960D+00       0.11249D+01       0.82327D+00       0.23885D+00
       0.86000D+02       0.52532D+00       0.12258D+01       0.82333D+00       0.24578D+00
       0.87000D+02       0.52848D+00       0.83945D+00       0.82334D+00       0.28143D+00
       0.88000D+02       0.53418D+00       0.27678D+00       0.82334D+00       0.27903D+00
       0.89000D+02       0.53627D+00       0.53811D+00       0.82330D+00       0.27894D+00
       0.90000D+02       0.53212D+00       0.83730D+00       0.82327D+00       0.27619D+00
       0.91000D+02       0.52849D+00       0.99873D+00       0.82332D+00       0.27332D+00
       0.92000D+02       0.52660D+00       0.74445D+00       0.82333D+00       0.27035D+00
       0.93000D+02       0.52980D+00       0.21574D+00       0.82335D+00       0.26771D+00
       0.94000D+02       0.52737D+00       0.26807D+00       0.82331D+00       0.26748D+00
       0.95000D+02       0.52182D+00       0.51233D+00       0.82327D+00       0.26690D+00
       0.96000D+02       0.51906D+00       0.72936D+00       0.82331D+00       0.26405D+00
       0.97000D+02       0.51491D+00       0.60821D+00       0.82333D+00       0.26135D+00
       0.98000D+02       0.51544D+00       0.16855D+00       0.82336D+00       0.25885D+00
       0.99000D+02       0.51201D+00       0.65139D-01       0.82332D+00       0.25801D+00
       0.10000D+03       0.50746D+00       0.24479D+00       0.82327D+00       0.25582D+00
       0.10100D+03       0.50557D+00       0.52320D+00       0.82331D+00       0.25338D+00
       0.10200D+03       0.50119D+00       0.49815D+00       0.82333D+00       0.25091D+00
       0.10300D+03       0.50004D+00       0.16530D+00       0.82336D+00       0.24857D+00
       0.10400D+03       0.49587D+00       0.27415D-02       0.82332D+00       0.24735D+00
       0.10500D+03       0.49187D+00       0.15247D+00       0.82328D+00       0.24577D+00
       0.10600D+03       0.49136D+00       0.52185D+00       0.82331D+00       0.24469D+00
       0.10700D+03       0.48737D+00       0.57715D+00       0.82333D+00       0.24245D+00
       0.10800D+03       0.48551D+00       0.32311D+00       0.82337D+00       0.24023D+00
       0.10900D+03       0.48163D+00       0.12699D+00       0.82333D+00       0.23832D+00
       0.11000D+03       0.47907D+00       0.18637D+00       0.82329D+00       0.23649D+00
       0.11100D+03       0.48037D+00       0.66306D+00       0.82331D+00       0.23641D+00
       0.11200D+03       0.47778D+00       0.82864D+00       0.82333D+00       0.23430D+00
       0.11300D+03       0.47554D+00       0.63104D+00       0.82337D+00       0.23220D+00
       0.11400D+03       0.47225D+00       0.35720D+00       0.82333D+00       0.23062D+00
       0.11500D+03       0.47190D+00       0.23035D+00       0.82330D+00       0.22873D+00
       0.11600D+03       0.47530D+00       0.77781D+00       0.82331D+00       0.22882D+00
       0.11700D+03       0.47560D+00       0.10826D+01       0.82332D+00       0.22694D+00
       0.11800D+03       0.47305D+00       0.94253D+00       0.82336D+00       0.22497D+00
       0.11900D+03       0.47175D+00       0.64704D+00       0.82334D+00       0.22351D+00
       0.12000D+03       0.47514D+00       0.31883D+00       0.82331D+00       0.22170D+00
       0.12100D+03       0.47978D+00       0.88084D+00       0.82331D+00       0.22212D+00
       0.12200D+03       0.48346D+00       0.13020D+01       0.82331D+00       0.22079D+00
       0.12300D+03       0.48089D+00       0.12232D+01       0.82335D+00       0.22572D+00
       0.12400D+03       0.48185D+00       0.91214D+00       0.82334D+00       0.23093D+00
       0.12500D+03       0.48707D+00       0.45507D+00       0.82332D+00       0.22914D+00
       0.12600D+03       0.49219D+00       0.99039D+00       0.82331D+00       0.22913D+00
       0.12700D+03       0.49667D+00       0.14308D+01       0.82331D+00       0.22784D+00
       0.12800D+03       0.49408D+00       0.14140D+01       0.82334D+00       0.23260D+00
       0.12900D+03       0.49773D+00       0.10133D+01       0.82333D+00       0.23108D+00
       0.13000D+03       0.50284D+00       0.49885D+00       0.82332D+00       0.22982D+00
       0.13100D+03       0.50790D+00       0.99299D+00       0.82331D+00       0.23040D+00
       0.13200D+03       0.51009D+00       0.13507D+01       0.82330D+00       0.23044D+00
       0.13300D+03       0.50738D+00       0.13951D+01       0.82333D+00       0.23493D+00
       0.13400D+03       0.51172D+00       0.94683D+00       0.82333D+00       0.24575D+00
       0.13500D+03       0.51624D+00       0.39646D+00       0.82333D+00       0.24444D+00
       0.13600D+03       0.52025D+00       0.80691D+00       0.82331D+00       0.24477D+00
       0.13700D+03       0.51940D+00       0.10989D+01       0.82329D+00       0.24343D+00
       0.13800D+03       0.51680D+00       0.12054D+01       0.82332D+00       0.24192D+00
       0.13900D+03       0.51855D+00       0.82925D+00       0.82333D+00       0.24070D+00
       0.14000D+03       0.52210D+00       0.26739D+00       0.82334D+00       0.23949D+00
       0.14100D+03       0.52320D+00       0.51071D+00       0.82331D+00       0.23969D+00
       0.14200D+03       0.52055D+00       0.80926D+00       0.82329D+00       0.23818D+00
       0.14300D+03       0.51833D+00       0.97590D+00       0.82332D+00       0.23659D+00
       0.14400D+03       0.51696D+00       0.73436D+00       0.82333D+00       0.23495D+00
       0.14500D+03       0.51892D+00       0.21154D+00       0.82334D+00       0.23350D+00
       0.14600D+03       0.51727D+00       0.24621D+00       0.82331D+00       0.23356D+00
       0.14700D+03       0.51423D+00       0.48276D+00       0.82329D+00       0.23301D+00
       0.14800D+03       0.51251D+00       0.70469D+00       0.82332D+00       0.23140D+00
       0.14900D+03       0.50978D+00       0.59381D+00       0.82333D+00       0.22987D+00
       0.15000D+03       0.51002D+00       0.16390D+00       0.82335D+00       0.22846D+00
       0.15100D+03       0.50730D+00       0.51697D-01       0.82332D+00       0.22844D+00
       0.15200D+03       0.50431D+00       0.22837D+00       0.82329D+00       0.22781D+00
       0.15300D+03       0.50314D+00       0.51349D+00       0.82332D+00       0.22639D+00
       0.15400D+03       0.50024D+00       0.49555D+00       0.82333D+00       0.22494D+00
       0.15500D+03       0.49941D+00       0.17121D+00       0.82335D+00       0.22355D+00
       0.15600D+03       0.49662D+00       0.63119D-02       0.82332D+00       0.22288D+00
       0.15700D+03       0.49396D+00       0.15163D+00       0.82330D+00       0.22201D+00
       0.15800D+03       0.49369D+00       0.53065D+00       0.82331D+00       0.22145D+00
       0.15900D+03       0.49102D+00       0.59413D+00       0.82333D+00       0.22009D+00
       0.16000D+03       0.48971D+00       0.34566D+00       0.82335D+00       0.21872D+00
       0.16100D+03       0.48703D+00       0.14415D+00       0.82333D+00       0.21753D+00
       0.16200D+03       0.48531D+00       0.19030D+00       0.82330D+00       0.21641D+00
       0.16300D+03       0.48630D+00       0.67552D+00       0.82331D+00       0.21649D+00
       0.16400D+03       0.48461D+00       0.85295D+00       0.82333D+00       0.21517D+00
       0.16500D+03       0.48302D+00       0.66024D+00       0.82335D+00       0.21385D+00
       0.16600D+03       0.48082D+00       0.38016D+00       0.82333D+00       0.21288D+00
       0.16700D+03       0.48074D+00       0.23416D+00       0.82331D+00       0.21168D+00
       0.16800D+03       0.48315D+00       0.78511D+00       0.82331D+00       0.21184D+00
       0.16900D+03       0.48355D+00       0.11022D+01       0.82332D+00       0.21064D+00
       0.17000D+03       0.48173D+00       0.96756D+00       0.82335D+00       0.20937D+00
       0.17100D+03       0.48083D+00       0.67367D+00       0.82333D+00       0.20844D+00
       0.17200D+03       0.48335D+00       0.33027D+00       0.82331D+00       0.20727D+00
       0.17300D+03       0.48660D+00       0.89119D+00       0.82331D+00       0.20764D+00
       0.17400D+03       0.48931D+00       0.13193D+01       0.82332D+00       0.20679D+00
       0.17500D+03       0.48749D+00       0.12460D+01       0.82334D+00       0.21031D+00
       0.17600D+03       0.48834D+00       0.92867D+00       0.82333D+00       0.21406D+00
       0.17700D+03       0.49204D+00       0.46426D+00       0.82332D+00       0.21288D+00
       0.17800D+03       0.49565D+00       0.99633D+00       0.82331D+00       0.21297D+00
       0.17900D+03       0.49882D+00       0.14322D+01       0.82331D+00       0.21214D+00
       0.18000D+03       0.49696D+00       0.14208D+01       0.82334D+00       0.21561D+00
       0.18100D+03       0.49969D+00       0.10122D+01       0.82333D+00       0.21463D+00
       0.18200D+03       0.50333D+00       0.49414D+00       0.82332D+00       0.21382D+00
       0.18300D+03       0.50694D+00       0.98341D+00       0.82331D+00       0.21431D+00
       0.18400D+03       0.50839D+00       0.13326D+01       0.82330D+00       0.21441D+00
       0.18500D+03       0.50642D+00       0.13826D+01       0.82333D+00       0.21776D+00
       0.18600D+03       0.50947D+00       0.93602D+00       0.82333D+00       0.22570D+00
       0.18700D+03       0.51265D+00       0.38306D+00       0.82333D+00       0.22486D+00
       0.18800D+03       0.51545D+00       0.78205D+00       0.82331D+00       0.22520D+00
       0.18900D+03       0.51474D+00       0.10730D+01       0.82330D+00       0.22432D+00
       0.19000D+03       0.51288D+00       0.11850D+01       0.82332D+00       0.22333D+00
       0.19100D+03       0.51396D+00       0.81952D+00       0.82333D+00       0.22255D+00
       0.19200D+03       0.51649D+00       0.25887D+00       0.82333D+00       0.22176D+00
       0.19300D+03       0.51709D+00       0.48381D+00       0.82331D+00       0.22198D+00
       0.19400D+03       0.51507D+00       0.78077D+00       0.82330D+00       0.22087D+00
       0.19500D+03       0.51350D+00       0.95258D+00       0.82332D+00       0.21971D+00
       0.19600D+03       0.51237D+00       0.72373D+00       0.82333D+00       0.21859D+00
       0.19700D+03       0.51371D+00       0.20728D+00       0.82334D+00       0.21760D+00
       0.19800D+03       0.51241D+00       0.22483D+00       0.82332D+00       0.21772D+00
       0.19900D+03       0.51016D+00       0.45383D+00       0.82330D+00       0.21738D+00
       0.20000D+03       0.50892D+00       0.68070D+00       0.82332D+00       0.21627D+00
       0.20100D+03       0.50687D+00       0.57974D+00       0.82333D+00       0.21521D+00
       0.20200D+03       0.50696D+00       0.15969D+00       0.82334D+00       0.21423D+00
       0.20300D+03       0.50493D+00       0.39528D-01       0.82332D+00       0.21458D+00
       0.20400D+03       0.50272D+00       0.21357D+00       0.82330D+00       0.21385D+00
       0.20500D+03       0.50188D+00       0.50569D+00       0.82332D+00       0.21287D+00
       0.20600D+03       0.49971D+00       0.49475D+00       0.82333D+00       0.21189D+00
       0.20700D+03       0.49904D+00       0.17862D+00       0.82334D+00       0.21092D+00
       0.20800D+03       0.49694D+00       0.11558D-01       0.82332D+00       0.21046D+00
       0.20900D+03       0.49496D+00       0.15188D+00       0.82330D+00       0.20989D+00
       0.21000D+03       0.49483D+00       0.54067D+00       0.82332D+00       0.20954D+00
       0.21100D+03       0.49283D+00       0.61264D+00       0.82333D+00       0.20857D+00
       0.21200D+03       0.49182D+00       0.36957D+00       0.82334D+00       0.20759D+00
       0.21300D+03       0.48977D+00       0.16216D+00       0.82333D+00       0.20712D+00
       0.21400D+03       0.48850D+00       0.19422D+00       0.82331D+00       0.20624D+00
       0.21500D+03       0.48934D+00       0.68760D+00       0.82332D+00       0.20636D+00
       0.21600D+03       0.48814D+00       0.87711D+00       0.82332D+00       0.20541D+00
       0.21700D+03       0.48691D+00       0.68936D+00       0.82334D+00       0.20443D+00
       0.21800D+03       0.48530D+00       0.40376D+00       0.82333D+00       0.20373D+00
       0.21900D+03       0.48539D+00       0.23859D+00       0.82331D+00       0.20287D+00
       0.22000D+03       0.48729D+00       0.79258D+00       0.82332D+00       0.20302D+00
       0.22100D+03       0.48773D+00       0.11218D+01       0.82332D+00       0.20214D+00
       0.22200D+03       0.48634D+00       0.99256D+00       0.82334D+00       0.20124D+00
       0.22300D+03       0.48570D+00       0.70012D+00       0.82333D+00       0.20057D+00
       0.22400D+03       0.48776D+00       0.34221D+00       0.82332D+00       0.19970D+00
       0.22500D+03       0.49028D+00       0.90170D+00       0.82332D+00       0.20003D+00
       0.22600D+03       0.49248D+00       0.13358D+01       0.82332D+00       0.19940D+00
       0.22700D+03       0.49106D+00       0.12681D+01       0.82334D+00       0.20217D+00
       0.22800D+03       0.49187D+00       0.94385D+00       0.82333D+00       0.20510D+00
       0.22900D+03       0.49475D+00       0.47267D+00       0.82332D+00       0.20423D+00
       0.23000D+03       0.49754D+00       0.10015D+01       0.82332D+00       0.20433D+00
       0.23100D+03       0.49992D+00       0.14318D+01       0.82331D+00       0.20371D+00
       0.23200D+03       0.49847D+00       0.14260D+01       0.82333D+00       0.20638D+00
       0.23300D+03       0.50071D+00       0.10098D+01       0.82333D+00       0.20566D+00
       0.23400D+03       0.50352D+00       0.48827D+00       0.82332D+00       0.20507D+00
       0.23500D+03       0.50632D+00       0.97230D+00       0.82331D+00       0.20548D+00
       0.23600D+03       0.50732D+00       0.13132D+01       0.82331D+00       0.20474D+00
       0.23700D+03       0.50579D+00       0.13688D+01       0.82333D+00       0.20739D+00
       0.23800D+03       0.50811D+00       0.92504D+00       0.82333D+00       0.21365D+00
       0.23900D+03       0.51058D+00       0.36972D+00       0.82333D+00       0.21305D+00
       0.24000D+03       0.51266D+00       0.75649D+00       0.82331D+00       0.21335D+00
       0.24100D+03       0.51203D+00       0.10472D+01       0.82330D+00       0.21308D+00
       0.24200D+03       0.51059D+00       0.11647D+01       0.82332D+00       0.21242D+00
       0.24300D+03       0.51127D+00       0.81028D+00       0.82333D+00       0.21185D+00
       0.24400D+03       0.51320D+00       0.25128D+00       0.82333D+00       0.21128D+00
       0.24500D+03       0.51352D+00       0.45752D+00       0.82332D+00       0.21149D+00
       0.24600D+03       0.51208D+00       0.75192D+00       0.82330D+00       0.21082D+00
       0.24700D+03       0.51087D+00       0.92884D+00       0.82332D+00       0.20994D+00
       0.24800D+03       0.50987D+00       0.71260D+00       0.82333D+00       0.20909D+00
       0.24900D+03       0.51085D+00       0.20298D+00       0.82333D+00       0.20833D+00
       0.25000D+03       0.50978D+00       0.20404D+00       0.82332D+00       0.20816D+00
       0.25100D+03       0.50799D+00       0.42578D+00       0.82330D+00       0.20763D+00
       0.25200D+03       0.50704D+00       0.65767D+00       0.82332D+00       0.20679D+00
       0.25300D+03       0.50539D+00       0.56627D+00       0.82333D+00       0.20598D+00
       0.25400D+03       0.50540D+00       0.15613D+00       0.82334D+00       0.20524D+00
       0.25500D+03       0.50376D+00       0.28800D-01       0.82332D+00       0.20554D+00
       0.25600D+03       0.50201D+00       0.20049D+00       0.82330D+00       0.20502D+00
       0.25700D+03       0.50138D+00       0.49989D+00       0.82332D+00       0.20427D+00
       0.25800D+03       0.49965D+00       0.49589D+00       0.82333D+00       0.20352D+00
       0.25900D+03       0.49908D+00       0.18768D+00       0.82334D+00       0.20277D+00
       0.26000D+03       0.49739D+00       0.18511D-01       0.82332D+00       0.20243D+00
       0.26100D+03       0.49581D+00       0.15321D+00       0.82331D+00       0.20202D+00
       0.26200D+03       0.49576D+00       0.55187D+00       0.82332D+00       0.20178D+00
       0.26300D+03       0.49418D+00       0.63264D+00       0.82333D+00       0.20103D+00
       0.26400D+03       0.49334D+00       0.39482D+00       0.82334D+00       0.20027D+00
       0.26500D+03       0.49171D+00       0.18103D+00       0.82333D+00       0.19979D+00
       0.26600D+03       0.49073D+00       0.19818D+00       0.82331D+00       0.19916D+00
       0.26700D+03       0.49147D+00       0.69933D+00       0.82332D+00       0.19929D+00
       0.26800D+03       0.49058D+00       0.90113D+00       0.82332D+00       0.19855D+00
       0.26900D+03       0.48957D+00       0.71837D+00       0.82334D+00       0.19780D+00
       0.27000D+03       0.48833D+00       0.42812D+00       0.82333D+00       0.19725D+00
       0.27100D+03       0.48854D+00       0.24383D+00       0.82331D+00       0.19658D+00
       0.27200D+03       0.49013D+00       0.80040D+00       0.82332D+00       0.19690D+00
       0.27300D+03       0.49063D+00       0.11415D+01       0.82332D+00       0.19621D+00
       0.27400D+03       0.48950D+00       0.10177D+01       0.82334D+00       0.19549D+00
       0.27500D+03       0.48903D+00       0.72636D+00       0.82333D+00       0.19497D+00
       0.27600D+03       0.49080D+00       0.35465D+00       0.82332D+00       0.19428D+00
       0.27700D+03       0.49287D+00       0.91238D+00       0.82332D+00       0.19457D+00
       0.27800D+03       0.49473D+00       0.13515D+01       0.82332D+00       0.19408D+00
       0.27900D+03       0.49357D+00       0.12894D+01       0.82333D+00       0.19636D+00
       0.28000D+03       0.49437D+00       0.95773D+00       0.82333D+00       0.19875D+00
       0.28100D+03       0.49673D+00       0.48032D+00       0.82332D+00       0.19806D+00
       0.28200D+03       0.49901D+00       0.10058D+01       0.82332D+00       0.19817D+00
       0.28300D+03       0.50092D+00       0.14299D+01       0.82331D+00       0.19768D+00
       0.28400D+03       0.49969D+00       0.14295D+01       0.82333D+00       0.19988D+00
       0.28500D+03       0.50160D+00       0.10064D+01       0.82333D+00       0.19927D+00
       0.28600D+03       0.50389D+00       0.48146D+00       0.82332D+00       0.19881D+00
       0.28700D+03       0.50617D+00       0.95981D+00       0.82332D+00       0.19917D+00
       0.28800D+03       0.50685D+00       0.12927D+01       0.82331D+00       0.19854D+00
       0.28900D+03       0.50560D+00       0.13539D+01       0.82333D+00       0.20074D+00
       0.29000D+03       0.50743D+00       0.91409D+00       0.82333D+00       0.20590D+00
       0.29100D+03       0.50944D+00       0.35667D+00       0.82333D+00       0.20543D+00
       0.29200D+03       0.51106D+00       0.73048D+00       0.82332D+00       0.20570D+00
       0.29300D+03       0.51047D+00       0.10217D+01       0.82331D+00       0.20549D+00
       0.29400D+03       0.50930D+00       0.11446D+01       0.82332D+00       0.20497D+00
       0.29500D+03       0.50971D+00       0.80168D+00       0.82333D+00       0.20454D+00
       0.29600D+03       0.51125D+00       0.24475D+00       0.82333D+00       0.20409D+00
       0.29700D+03       0.51138D+00       0.43204D+00       0.82332D+00       0.20428D+00
       0.29800D+03       0.51014D+00       0.72294D+00       0.82331D+00       0.20432D+00
       0.29900D+03       0.50916D+00       0.90491D+00       0.82332D+00       0.20361D+00
       0.30000D+03       0.50826D+00       0.70116D+00       0.82333D+00       0.20294D+00
       0.30100D+03       0.50900D+00       0.19881D+00       0.82333D+00       0.20233D+00
       0.30200D+03       0.50807D+00       0.18409D+00       0.82332D+00       0.20220D+00
       0.30300D+03       0.50658D+00       0.39893D+00       0.82331D+00       0.20178D+00
       0.30400D+03       0.50582D+00       0.63593D+00       0.82332D+00       0.20111D+00
       0.30500D+03       0.50443D+00       0.55374D+00       0.82333D+00       0.20046D+00
       0.30600D+03       0.50438D+00       0.15352D+00       0.82333D+00       0.19985D+00
       0.30700D+03       0.50301D+00       0.19769D-01       0.82332D+00       0.20006D+00
       0.30800D+03       0.50157D+00       0.18928D+00       0.82331D+00       0.19964D+00
       0.30900D+03       0.50108D+00       0.49626D+00       0.82332D+00       0.19904D+00
       0.31000D+03       0.49964D+00       0.49917D+00       0.82333D+00       0.19843D+00
       0.31100D+03       0.49913D+00       0.19859D+00       0.82334D+00       0.19783D+00
       0.31200D+03       0.49771D+00       0.27257D-01       0.82332D+00       0.19755D+00
       0.31300D+03       0.49641D+00       0.15564D+00       0.82331D+00       0.19723D+00
       0.31400D+03       0.49642D+00       0.56422D+00       0.82332D+00       0.19685D+00
       0.31500D+03       0.49512D+00       0.65415D+00       0.82332D+00       0.19624D+00
       0.31600D+03       0.49439D+00       0.42146D+00       0.82334D+00       0.19561D+00
       0.31700D+03       0.49304D+00       0.20083D+00       0.82333D+00       0.19522D+00
       0.31800D+03       0.49226D+00       0.20231D+00       0.82331D+00       0.19471D+00
       0.31900D+03       0.49295D+00       0.71081D+00       0.82332D+00       0.19484D+00
       0.32000D+03       0.49228D+00       0.92507D+00       0.82332D+00       0.19423D+00
       0.32100D+03       0.49141D+00       0.74735D+00       0.82334D+00       0.19361D+00
       0.32200D+03       0.49043D+00       0.45344D+00       0.82333D+00       0.19317D+00
       0.32300D+03       0.49072D+00       0.25017D+00       0.82331D+00       0.19259D+00
       0.32400D+03       0.49210D+00       0.80888D+00       0.82332D+00       0.19287D+00
       0.32500D+03       0.49264D+00       0.11615D+01       0.82332D+00       0.19231D+00
       0.32600D+03       0.49170D+00       0.10432D+01       0.82334D+00       0.19173D+00
       0.32700D+03       0.49135D+00       0.75241D+00       0.82333D+00       0.19132D+00
       0.32800D+03       0.49292D+00       0.36764D+00       0.82332D+00       0.19088D+00
       0.32900D+03       0.49473D+00       0.92331D+00       0.82332D+00       0.19114D+00
       0.33000D+03       0.49630D+00       0.13665D+01       0.82332D+00       0.19081D+00
       0.33100D+03       0.49532D+00       0.13100D+01       0.82333D+00       0.19277D+00
       0.33200D+03       0.49612D+00       0.97042D+00       0.82333D+00       0.19730D+00
       0.33300D+03       0.49811D+00       0.48725D+00       0.82332D+00       0.19672D+00
       0.33400D+03       0.50004D+00       0.10093D+01       0.82332D+00       0.19682D+00
       0.33500D+03       0.50158D+00       0.14266D+01       0.82331D+00       0.19640D+00
       0.33600D+03       0.50054D+00       0.14316D+01       0.82333D+00       0.19826D+00
       0.33700D+03       0.50221D+00       0.10022D+01       0.82333D+00       0.20269D+00
       0.33800D+03       0.50414D+00       0.47393D+00       0.82332D+00       0.20229D+00
       0.33900D+03       0.50606D+00       0.94612D+00       0.82332D+00       0.20258D+00
       0.34000D+03       0.50650D+00       0.12715D+01       0.82331D+00       0.20204D+00
       0.34100D+03       0.50545D+00       0.13383D+01       0.82332D+00       0.20389D+00
       0.34200D+03       0.50692D+00       0.90337D+00       0.82333D+00       0.21308D+00
       0.34300D+03       0.50861D+00       0.34414D+00       0.82333D+00       0.21266D+00
       0.34400D+03       0.50990D+00       0.70427D+00       0.82332D+00       0.21286D+00
       0.34500D+03       0.50935D+00       0.99651D+00       0.82331D+00       0.21265D+00
       0.34600D+03       0.50837D+00       0.11249D+01       0.82332D+00       0.21220D+00
       0.34700D+03       0.50858D+00       0.79378D+00       0.82333D+00       0.21180D+00
       0.34800D+03       0.50985D+00       0.23935D+00       0.82333D+00       0.21140D+00
       0.34900D+03       0.50985D+00       0.40755D+00       0.82332D+00       0.21154D+00
       0.35000D+03       0.50874D+00       0.69394D+00       0.82331D+00       0.21155D+00
       0.35100D+03       0.50793D+00       0.88091D+00       0.82332D+00       0.21093D+00
       0.35200D+03       0.50710D+00       0.68947D+00       0.82332D+00       0.21033D+00
       0.35300D+03       0.50766D+00       0.19484D+00       0.82333D+00       0.20979D+00
       0.35400D+03       0.50684D+00       0.16508D+00       0.82332D+00       0.20966D+00
       0.35500D+03       0.50556D+00       0.37346D+00       0.82331D+00       0.20927D+00
       0.35600D+03       0.50492D+00       0.61569D+00       0.82332D+00       0.20867D+00
       0.35700D+03       0.50372D+00       0.54236D+00       0.82332D+00       0.20809D+00
       0.35800D+03       0.50364D+00       0.15202D+00       0.82333D+00       0.20755D+00
       0.35900D+03       0.50246D+00       0.12541D-01       0.82332D+00       0.20769D+00
       0.36000D+03       0.50123D+00       0.17993D+00       0.82331D+00       0.20731D+00
       0.36100D+03       0.50084D+00       0.49480D+00       0.82332D+00       0.20678D+00
       0.36200D+03       0.49961D+00       0.50464D+00       0.82332D+00       0.20624D+00
       0.36300D+03       0.49915D+00       0.21139D+00       0.82333D+00       0.20570D+00
       0.36400D+03       0.49793D+00       0.37736D-01       0.82332D+00       0.20543D+00
       0.36500D+03       0.49683D+00       0.15908D+00       0.82331D+00       0.20514D+00
       0.36600D+03       0.49688D+00       0.57757D+00       0.82332D+00       0.20480D+00
       0.36700D+03       0.49578D+00       0.67700D+00       0.82332D+00       0.20425D+00
       0.36800D+03       0.49514D+00       0.44934D+00       0.82334D+00       0.20369D+00
       0.36900D+03       0.49400D+00       0.22151D+00       0.82332D+00       0.20334D+00
       0.37000D+03       0.49336D+00       0.20660D+00       0.82331D+00       0.20287D+00
       0.37100D+03       0.49400D+00       0.72200D+00       0.82332D+00       0.20296D+00
       0.37200D+03       0.49350D+00       0.94886D+00       0.82332D+00       0.20242D+00
       0.37300D+03       0.49274D+00       0.77624D+00       0.82333D+00       0.20186D+00
       0.37400D+03       0.49180D+00       0.47962D+00       0.82333D+00       0.20135D+00
       0.37500D+03       0.49216D+00       0.25761D+00       0.82332D+00       0.20083D+00
       0.37600D+03       0.49338D+00       0.81803D+00       0.82332D+00       0.20105D+00
       0.37700D+03       0.49398D+00       0.11818D+01       0.82332D+00       0.20054D+00
       0.37800D+03       0.49314D+00       0.10689D+01       0.82333D+00       0.20002D+00
       0.37900D+03       0.49290D+00       0.77806D+00       0.82333D+00       0.19965D+00
       0.38000D+03       0.49432D+00       0.38095D+00       0.82332D+00       0.19915D+00
       0.38100D+03       0.49589D+00       0.93430D+00       0.82332D+00       0.19935D+00
       0.38200D+03       0.49730D+00       0.13805D+01       0.82332D+00       0.19903D+00
       0.38300D+03       0.49645D+00       0.13296D+01       0.82333D+00       0.20071D+00
       0.38400D+03       0.49721D+00       0.98176D+00       0.82333D+00       0.20672D+00
       0.38500D+03       0.49894D+00       0.49328D+00       0.82332D+00       0.20619D+00
       0.38600D+03       0.50066D+00       0.10119D+01       0.82332D+00       0.20658D+00
       0.38700D+03       0.50187D+00       0.14217D+01       0.82331D+00       0.20619D+00
       0.38800D+03       0.50097D+00       0.14322D+01       0.82333D+00       0.20778D+00
       0.38900D+03       0.50246D+00       0.99720D+00       0.82333D+00       0.21159D+00
       0.39000D+03       0.50413D+00       0.46564D+00       0.82332D+00       0.21122D+00
       0.39100D+03       0.50577D+00       0.93115D+00       0.82332D+00       0.21144D+00
       0.39200D+03       0.50606D+00       0.12496D+01       0.82331D+00       0.21095D+00
       0.39300D+03       0.50514D+00       0.13219D+01       0.82332D+00       0.21254D+00
       0.39400D+03       0.50635D+00       0.89284D+00       0.82333D+00       0.21207D+00
       0.39500D+03       0.50780D+00       0.33212D+00       0.82333D+00       0.21170D+00
       0.39600D+03       0.50884D+00       0.67786D+00       0.82332D+00       0.21187D+00
       0.39700D+03       0.50832D+00       0.97150D+00       0.82331D+00       0.21169D+00
       0.39800D+03       0.50747D+00       0.11053D+01       0.82332D+00       0.21129D+00
       0.39900D+03       0.50756D+00       0.78627D+00       0.82332D+00       0.21077D+00
       0.40000D+03       0.50862D+00       0.23481D+00       0.82333D+00       0.21031D+00
       0.40100D+03       0.50853D+00       0.38383D+00       0.82332D+00       0.21042D+00
       0.40200D+03       0.50752D+00       0.66484D+00       0.82331D+00       0.21043D+00
       0.40300D+03       0.50683D+00       0.85677D+00       0.82332D+00       0.20990D+00
       0.40400D+03       0.50605D+00       0.67745D+00       0.82332D+00       0.20939D+00
       0.40500D+03       0.50649D+00       0.19092D+00       0.82333D+00       0.20892D+00
       0.40600D+03       0.50575D+00       0.14694D+00       0.82332D+00       0.20880D+00
       0.40700D+03       0.50463D+00       0.34934D+00       0.82331D+00       0.20847D+00
       0.40800D+03       0.50409D+00       0.59694D+00       0.82332D+00       0.20798D+00
       0.40900D+03       0.50303D+00       0.53215D+00       0.82332D+00       0.20748D+00
       0.41000D+03       0.50292D+00       0.15160D+00       0.82333D+00       0.20700D+00
       0.41100D+03       0.50189D+00       0.70265D-02       0.82332D+00       0.20712D+00
       0.41200D+03       0.50082D+00       0.17227D+00       0.82331D+00       0.20679D+00
       0.41300D+03       0.50051D+00       0.49530D+00       0.82332D+00       0.20632D+00
       0.41400D+03       0.49943D+00       0.51213D+00       0.82332D+00       0.20584D+00
       0.41500D+03       0.49901D+00       0.22592D+00       0.82333D+00       0.20536D+00
       0.41600D+03       0.49794D+00       0.49689D-01       0.82332D+00       0.20514D+00
       0.41700D+03       0.49698D+00       0.16320D+00       0.82331D+00       0.20488D+00
       0.41800D+03       0.49708D+00       0.59157D+00       0.82332D+00       0.20458D+00
       0.41900D+03       0.49613D+00       0.70086D+00       0.82332D+00       0.20410D+00
       0.42000D+03       0.49556D+00       0.47815D+00       0.82333D+00       0.20361D+00
       0.42100D+03       0.49458D+00       0.24280D+00       0.82332D+00       0.20330D+00
       0.42200D+03       0.49406D+00       0.21087D+00       0.82331D+00       0.20289D+00
       0.42300D+03       0.49471D+00       0.73272D+00       0.82332D+00       0.20297D+00
       0.42400D+03       0.49430D+00       0.97225D+00       0.82332D+00       0.20251D+00
       0.42500D+03       0.49362D+00       0.80479D+00       0.82333D+00       0.20203D+00
       0.42600D+03       0.49285D+00       0.50643D+00       0.82333D+00       0.20158D+00
       0.42700D+03       0.49326D+00       0.26598D+00       0.82332D+00       0.20112D+00
       0.42800D+03       0.49437D+00       0.82768D+00       0.82332D+00       0.20131D+00
       0.42900D+03       0.49499D+00       0.12022D+01       0.82332D+00       0.20097D+00
       0.43000D+03       0.49424D+00       0.10949D+01       0.82333D+00       0.20051D+00
       0.43100D+03       0.49409D+00       0.80304D+00       0.82333D+00       0.20020D+00
       0.43200D+03       0.49539D+00       0.39435D+00       0.82332D+00       0.19975D+00
       0.43300D+03       0.49678D+00       0.94515D+00       0.82332D+00       0.19993D+00
       0.43400D+03       0.49809D+00       0.13933D+01       0.82332D+00       0.19964D+00
       0.43500D+03       0.49734D+00       0.13479D+01       0.82333D+00       0.20112D+00
       0.43600D+03       0.49808D+00       0.99159D+00       0.82333D+00       0.20641D+00
       0.43700D+03       0.49960D+00       0.49819D+00       0.82332D+00       0.20601D+00
       0.43800D+03       0.50111D+00       0.10132D+01       0.82332D+00       0.20635D+00
       0.43900D+03       0.50212D+00       0.14152D+01       0.82332D+00       0.20596D+00
       0.44000D+03       0.50132D+00       0.14312D+01       0.82333D+00       0.20737D+00
       0.44100D+03       0.50267D+00       0.99138D+00       0.82333D+00       0.21073D+00
       0.44200D+03       0.50411D+00       0.45657D+00       0.82332D+00       0.21041D+00
       0.44300D+03       0.50554D+00       0.91483D+00       0.82332D+00       0.21060D+00
       0.44400D+03       0.50570D+00       0.12269D+01       0.82331D+00       0.21017D+00
       0.44500D+03       0.50490D+00       0.13048D+01       0.82332D+00       0.21158D+00
       0.44600D+03       0.50589D+00       0.88247D+00       0.82332D+00       0.21861D+00
       0.44700D+03       0.50716D+00       0.32060D+00       0.82333D+00       0.21827D+00
       0.44800D+03       0.50800D+00       0.65125D+00       0.82332D+00       0.21840D+00
       0.44900D+03       0.50751D+00       0.94649D+00       0.82331D+00       0.21823D+00
       0.45000D+03       0.50678D+00       0.10857D+01       0.82332D+00       0.21788D+00
       0.45100D+03       0.50677D+00       0.77896D+00       0.82332D+00       0.21740D+00
       0.45200D+03       0.50766D+00       0.23092D+00       0.82333D+00       0.21698D+00
       0.45300D+03       0.50751D+00       0.36078D+00       0.82332D+00       0.21706D+00
       0.45400D+03       0.50657D+00       0.63565D+00       0.82331D+00       0.21706D+00
       0.45500D+03       0.50596D+00       0.83248D+00       0.82332D+00       0.21657D+00
       0.45600D+03       0.50524D+00       0.66505D+00       0.82332D+00       0.21610D+00
       0.45700D+03       0.50558D+00       0.18700D+00       0.82333D+00       0.21567D+00
       0.45800D+03       0.50491D+00       0.12965D+00       0.82332D+00       0.21555D+00
       0.45900D+03       0.50393D+00       0.32658D+00       0.82331D+00       0.21516D+00
       0.46000D+03       0.50346D+00       0.57972D+00       0.82332D+00       0.21472D+00
       0.46100D+03       0.50251D+00       0.52316D+00       0.82332D+00       0.21426D+00
       0.46200D+03       0.50239D+00       0.15226D+00       0.82333D+00       0.21382D+00
       0.46300D+03       0.50146D+00       0.31987D-02       0.82332D+00       0.21390D+00
       0.46400D+03       0.50052D+00       0.16614D+00       0.82331D+00       0.21359D+00
       0.46500D+03       0.50027D+00       0.49763D+00       0.82332D+00       0.21317D+00
       0.46600D+03       0.49931D+00       0.52155D+00       0.82332D+00       0.21272D+00
       0.46700D+03       0.49892D+00       0.24210D+00       0.82333D+00       0.21228D+00
       0.46800D+03       0.49798D+00       0.62946D-01       0.82332D+00       0.21194D+00
       0.46900D+03       0.49730D+00       0.16780D+00       0.82331D+00       0.21172D+00
       0.47000D+03       0.49740D+00       0.60593D+00       0.82332D+00       0.21173D+00
       0.47100D+03       0.49661D+00       0.72544D+00       0.82332D+00       0.21128D+00
       0.47200D+03       0.49609D+00       0.50764D+00       0.82333D+00       0.21083D+00
       0.47300D+03       0.49507D+00       0.26460D+00       0.82332D+00       0.21052D+00
       0.47400D+03       0.49466D+00       0.21509D+00       0.82332D+00       0.21011D+00
       0.47500D+03       0.49528D+00       0.74290D+00       0.82332D+00       0.21017D+00
       0.47600D+03       0.49498D+00       0.99517D+00       0.82332D+00       0.20974D+00
       0.47700D+03       0.49436D+00       0.83292D+00       0.82333D+00       0.20929D+00
       0.47800D+03       0.49372D+00       0.53377D+00       0.82333D+00       0.20888D+00
       0.47900D+03       0.49418D+00       0.27525D+00       0.82332D+00       0.20846D+00
       0.48000D+03       0.49519D+00       0.83783D+00       0.82332D+00       0.20862D+00
       0.48100D+03       0.49582D+00       0.12226D+01       0.82332D+00       0.20831D+00
       0.48200D+03       0.49516D+00       0.11208D+01       0.82333D+00       0.20959D+00
       0.48300D+03       0.49507D+00       0.82714D+00       0.82333D+00       0.20928D+00
       0.48400D+03       0.49627D+00       0.40760D+00       0.82332D+00       0.20887D+00
       0.48500D+03       0.49752D+00       0.95565D+00       0.82332D+00       0.20900D+00
       0.48600D+03       0.49872D+00       0.14045D+01       0.82332D+00       0.20873D+00
       0.48700D+03       0.49804D+00       0.13648D+01       0.82333D+00       0.21001D+00
       0.48800D+03       0.49876D+00       0.99977D+00       0.82333D+00       0.21470D+00
       0.48900D+03       0.50012D+00       0.50178D+00       0.82332D+00       0.21427D+00
       0.49000D+03       0.50148D+00       0.10132D+01       0.82332D+00       0.21456D+00
       0.49100D+03       0.50231D+00       0.14069D+01       0.82332D+00       0.21419D+00
       0.49200D+03       0.50159D+00       0.14283D+01       0.82333D+00       0.21543D+00
       0.49300D+03       0.50282D+00       0.98472D+00       0.82332D+00       0.21843D+00
       0.49400D+03       0.50410D+00       0.44671D+00       0.82332D+00       0.21812D+00
       0.49500D+03       0.50536D+00       0.89711D+00       0.82332D+00       0.21828D+00
       0.49600D+03       0.50543D+00       0.12035D+01       0.82331D+00       0.21798D+00
       0.49700D+03       0.50471D+00       0.12870D+01       0.82332D+00       0.21922D+00
       0.49800D+03       0.50554D+00       0.87218D+00       0.82332D+00       0.22550D+00
       0.49900D+03       0.50665D+00       0.30953D+00       0.82333D+00       0.22519D+00
       0.50000D+03       0.50733D+00       0.62443D+00       0.82332D+00       0.22529D+00
       0.50100D+03       0.50687D+00       0.92124D+00       0.82331D+00       0.22498D+00
       0.50200D+03       0.50622D+00       0.10659D+01       0.82332D+00       0.22467D+00
       0.50300D+03       0.50614D+00       0.77157D+00       0.82332D+00       0.22423D+00
       0.50400D+03       0.50690D+00       0.22742D+00       0.82333D+00       0.22383D+00
       0.50500D+03       0.50669D+00       0.33822D+00       0.82332D+00       0.22389D+00
       0.50600D+03       0.50581D+00       0.60629D+00       0.82331D+00       0.22387D+00
       0.50700D+03       0.50528D+00       0.80800D+00       0.82332D+00       0.22342D+00
       0.50800D+03       0.50460D+00       0.65219D+00       0.82332D+00       0.22298D+00
       0.50900D+03       0.50486D+00       0.18295D+00       0.82333D+00       0.22258D+00
       0.51000D+03       0.50424D+00       0.11310D+00       0.82332D+00       0.22245D+00
       0.51100D+03       0.50337D+00       0.30509D+00       0.82331D+00       0.22210D+00
       0.51200D+03       0.50296D+00       0.56395D+00       0.82332D+00       0.22169D+00
       0.51300D+03       0.50211D+00       0.51533D+00       0.82332D+00       0.22126D+00
       0.51400D+03       0.50196D+00       0.15394D+00       0.82333D+00       0.22085D+00
       0.51500D+03       0.50112D+00       0.91762D-03       0.82332D+00       0.22091D+00
       0.51600D+03       0.50028D+00       0.16130D+00       0.82331D+00       0.22073D+00
       0.51700D+03       0.50007D+00       0.50153D+00       0.82332D+00       0.22044D+00
       0.51800D+03       0.49922D+00       0.53268D+00       0.82332D+00       0.22003D+00
       0.51900D+03       0.49885D+00       0.25972D+00       0.82333D+00       0.21962D+00
       0.52000D+03       0.49801D+00       0.77241D-01       0.82332D+00       0.21929D+00
       0.52100D+03       0.49740D+00       0.17257D+00       0.82331D+00       0.21895D+00
       0.52200D+03       0.49753D+00       0.62033D+00       0.82332D+00       0.21895D+00
       0.52300D+03       0.49683D+00       0.75041D+00       0.82332D+00       0.21853D+00
       0.52400D+03       0.49636D+00       0.53747D+00       0.82333D+00       0.21811D+00
       0.52500D+03       0.49546D+00       0.28668D+00       0.82332D+00       0.21782D+00
       0.52600D+03       0.49514D+00       0.21910D+00       0.82332D+00       0.21747D+00
       0.52700D+03       0.49574D+00       0.75239D+00       0.82332D+00       0.21751D+00
       0.52800D+03       0.49553D+00       0.10174D+01       0.82332D+00       0.21712D+00
       0.52900D+03       0.49497D+00       0.86042D+00       0.82333D+00       0.21670D+00
       0.53000D+03       0.49443D+00       0.56128D+00       0.82332D+00       0.21631D+00
       0.53100D+03       0.49492D+00       0.28514D+00       0.82332D+00       0.21592D+00
       0.53200D+03       0.49586D+00       0.84819D+00       0.82332D+00       0.21605D+00
       0.53300D+03       0.49649D+00       0.12427D+01       0.82332D+00       0.21577D+00
       0.53400D+03       0.49589D+00       0.11464D+01       0.82333D+00       0.21691D+00
       0.53500D+03       0.49587D+00       0.84998D+00       0.82333D+00       0.21662D+00
       0.53600D+03       0.49698D+00       0.42032D+00       0.82332D+00       0.21623D+00
       0.53700D+03       0.49812D+00       0.96546D+00       0.82332D+00       0.21634D+00
       0.53800D+03       0.49921D+00       0.14140D+01       0.82332D+00       0.21608D+00
       0.53900D+03       0.49860D+00       0.13798D+01       0.82333D+00       0.21722D+00
       0.54000D+03       0.49931D+00       0.10061D+01       0.82332D+00       0.21994D+00
       0.54100D+03       0.50054D+00       0.50378D+00       0.82332D+00       0.21954D+00
       0.54200D+03       0.50176D+00       0.10114D+01       0.82332D+00       0.21979D+00
       0.54300D+03       0.50253D+00       0.13965D+01       0.82332D+00       0.21966D+00
       0.54400D+03       0.50188D+00       0.14235D+01       0.82333D+00       0.22077D+00
       0.54500D+03       0.50299D+00       0.97705D+00       0.82332D+00       0.22345D+00
       0.54600D+03       0.50414D+00       0.43590D+00       0.82332D+00       0.22317D+00
       0.54700D+03       0.50526D+00       0.87779D+00       0.82332D+00       0.22330D+00
       0.54800D+03       0.50525D+00       0.11793D+01       0.82331D+00       0.22299D+00
       0.54900D+03       0.50461D+00       0.12683D+01       0.82332D+00       0.22410D+00
       0.55000D+03       0.50529D+00       0.86184D+00       0.82332D+00       0.22978D+00
       0.55100D+03       0.50628D+00       0.29876D+00       0.82332D+00       0.22949D+00
       0.55200D+03       0.50683D+00       0.59730D+00       0.82332D+00       0.22957D+00
       0.55300D+03       0.50631D+00       0.89542D+00       0.82331D+00       0.22923D+00
       0.55400D+03       0.50573D+00       0.10454D+01       0.82332D+00       0.22886D+00
       0.55500D+03       0.50559D+00       0.76371D+00       0.82332D+00       0.22845D+00
       0.55600D+03       0.50625D+00       0.22393D+00       0.82333D+00       0.22808D+00
       0.55700D+03       0.50600D+00       0.31588D+00       0.82332D+00       0.22812D+00
       0.55800D+03       0.50517D+00       0.57668D+00       0.82331D+00       0.22809D+00
       0.55900D+03       0.50470D+00       0.78324D+00       0.82332D+00       0.22768D+00
       0.56000D+03       0.50405D+00       0.63876D+00       0.82332D+00       0.22727D+00
       0.56100D+03       0.50424D+00       0.17862D+00       0.82333D+00       0.22690D+00
       0.56200D+03       0.50367D+00       0.97178D-01       0.82332D+00       0.22678D+00
       0.56300D+03       0.50288D+00       0.28474D+00       0.82331D+00       0.22645D+00
       0.56400D+03       0.50252D+00       0.54953D+00       0.82332D+00       0.22607D+00
       0.56500D+03       0.50174D+00       0.50860D+00       0.82332D+00       0.22568D+00
       0.56600D+03       0.50159D+00       0.15650D+00       0.82333D+00       0.22530D+00
       0.56700D+03       0.50082D+00       0.17846D-04       0.82332D+00       0.22533D+00
       0.56800D+03       0.50005D+00       0.15750D+00       0.82331D+00       0.22516D+00
       0.56900D+03       0.49989D+00       0.50672D+00       0.82332D+00       0.22489D+00
       0.57000D+03       0.49912D+00       0.54527D+00       0.82332D+00       0.22451D+00
       0.57100D+03       0.49877D+00       0.27855D+00       0.82333D+00       0.22413D+00
       0.57200D+03       0.49801D+00       0.92290D-01       0.82332D+00       0.22382D+00
