       0.10000D+01       0.33663D-03      -0.47528D-01       0.39561D+00       0.16175D-01
       0.20000D+01       0.56007D-03      -0.58090D-01       0.39664D+00       0.63323D-01
       0.30000D+01       0.61500D-03      -0.89575D-01       0.39553D+00       0.49616D-01
       0.40000D+01       0.58764D-03      -0.71635D-01       0.39626D+00       0.68968D-01
       0.50000D+01       0.56593D-03      -0.73237D-01       0.39540D+00       0.58566D-01
       0.60000D+01       0.61314D-03      -0.37735D-01       0.39621D+00       0.69296D-01
       0.70000D+01       0.64112D-03      -0.10056D-01       0.39562D+00       0.61199D-01
       0.80000D+01       0.75637D-03       0.34552D-01       0.39648D+00       0.68416D-01
       0.90000D+01       0.82866D-03       0.79874D-01       0.39615D+00       0.62265D-01
       0.10000D+02       0.95733D-03       0.12573D+00       0.39700D+00       0.65801D-01
       0.11000D+02       0.10841D-02       0.18117D+00       0.39691D+00       0.60111D-01
       0.12000D+02       0.12132D-02       0.22159D+00       0.39770D+00       0.61265D-01
       0.13000D+02       0.13431D-02       0.27631D+00       0.39778D+00       0.56540D-01
       0.14000D+02       0.14926D-02       0.30971D+00       0.39850D+00       0.78943D-01
       0.15000D+02       0.15687D-02       0.35526D+00       0.39867D+00       0.74957D-01
       0.16000D+02       0.16426D-02       0.37585D+00       0.39930D+00       0.92090D-01
       0.17000D+02       0.16468D-02       0.40637D+00       0.39952D+00       0.10860D+00
       0.18000D+02       0.16166D-02       0.40875D+00       0.40004D+00       0.12251D+00
       0.19000D+02       0.15753D-02       0.41953D+00       0.40026D+00       0.13629D+00
       0.20000D+02       0.15339D-02       0.40362D+00       0.40066D+00       0.14742D+00
       0.21000D+02       0.15169D-02       0.39380D+00       0.40084D+00       0.15870D+00
       0.22000D+02       0.15524D-02       0.36018D+00       0.40112D+00       0.16778D+00
       0.23000D+02       0.15888D-02       0.33316D+00       0.40124D+00       0.17666D+00
       0.24000D+02       0.16687D-02       0.28652D+00       0.40140D+00       0.18451D+00
       0.25000D+02       0.17508D-02       0.24747D+00       0.40145D+00       0.17777D+00
       0.26000D+02       0.17999D-02       0.19458D+00       0.40150D+00       0.18487D+00
       0.27000D+02       0.18792D-02       0.15103D+00       0.40148D+00       0.18028D+00
       0.28000D+02       0.18836D-02       0.94262D-01       0.40143D+00       0.17633D+00
       0.29000D+02       0.19200D-02       0.56666D-01       0.40136D+00       0.17292D+00
       0.30000D+02       0.18925D-02       0.17732D-02       0.40123D+00       0.16771D+00
       0.31000D+02       0.18794D-02      -0.22627D-01       0.40112D+00       0.16714D+00
       0.32000D+02       0.18227D-02      -0.65745D-01       0.40092D+00       0.16248D+00
       0.33000D+02       0.17708D-02      -0.67595D-01       0.40083D+00       0.16093D+00
       0.34000D+02       0.17139D-02      -0.91304D-01       0.40059D+00       0.15682D+00
       0.35000D+02       0.16648D-02      -0.65927D-01       0.40055D+00       0.15601D+00
       0.36000D+02       0.16204D-02      -0.56673D-01       0.40031D+00       0.15215D+00
       0.37000D+02       0.16043D-02      -0.17843D-01       0.40032D+00       0.15140D+00
       0.38000D+02       0.15867D-02       0.16303D-01       0.40012D+00       0.14778D+00
       0.39000D+02       0.15931D-02       0.62478D-01       0.40019D+00       0.14681D+00
       0.40000D+02       0.16072D-02       0.11204D+00       0.40005D+00       0.14327D+00
       0.41000D+02       0.16315D-02       0.15642D+00       0.40017D+00       0.14193D+00
       0.42000D+02       0.16689D-02       0.21282D+00       0.40009D+00       0.13861D+00
       0.43000D+02       0.17093D-02       0.25129D+00       0.40025D+00       0.14367D+00
       0.44000D+02       0.17449D-02       0.30379D+00       0.40023D+00       0.14042D+00
       0.45000D+02       0.17905D-02       0.33392D+00       0.40041D+00       0.15273D+00
       0.46000D+02       0.18046D-02       0.37527D+00       0.40044D+00       0.14977D+00
       0.47000D+02       0.18157D-02       0.39033D+00       0.40062D+00       0.15400D+00
       0.48000D+02       0.18069D-02       0.41492D+00       0.40068D+00       0.15855D+00
       0.49000D+02       0.17847D-02       0.41136D+00       0.40084D+00       0.16263D+00
       0.50000D+02       0.17654D-02       0.41540D+00       0.40091D+00       0.16706D+00
       0.51000D+02       0.17531D-02       0.39370D+00       0.40105D+00       0.17081D+00
       0.52000D+02       0.17501D-02       0.37787D+00       0.40111D+00       0.17491D+00
       0.53000D+02       0.17722D-02       0.33929D+00       0.40122D+00       0.17837D+00
       0.54000D+02       0.17933D-02       0.30782D+00       0.40126D+00       0.18195D+00
       0.55000D+02       0.18244D-02       0.25862D+00       0.40132D+00       0.19156D+00
       0.56000D+02       0.18628D-02       0.21711D+00       0.40133D+00       0.18839D+00
       0.57000D+02       0.18824D-02       0.16284D+00       0.40134D+00       0.19754D+00
       0.58000D+02       0.19132D-02       0.12009D+00       0.40132D+00       0.19531D+00
       0.59000D+02       0.19133D-02       0.62813D-01       0.40129D+00       0.19324D+00
       0.60000D+02       0.19223D-02       0.28847D-01       0.40125D+00       0.19142D+00
       0.61000D+02       0.19076D-02      -0.23055D-01       0.40117D+00       0.18958D+00
       0.62000D+02       0.18933D-02      -0.41702D-01       0.40112D+00       0.18830D+00
       0.63000D+02       0.18640D-02      -0.79912D-01       0.40100D+00       0.18562D+00
       0.64000D+02       0.18305D-02      -0.72220D-01       0.40096D+00       0.18457D+00
       0.65000D+02       0.17965D-02      -0.86217D-01       0.40083D+00       0.18204D+00
       0.66000D+02       0.17683D-02      -0.55294D-01       0.40081D+00       0.18112D+00
       0.67000D+02       0.17453D-02      -0.36467D-01       0.40067D+00       0.17863D+00
       0.68000D+02       0.17347D-02       0.53523D-02       0.40069D+00       0.17770D+00
       0.69000D+02       0.17275D-02       0.45105D-01       0.40058D+00       0.17533D+00
       0.70000D+02       0.17316D-02       0.91727D-01       0.40062D+00       0.17418D+00
       0.71000D+02       0.17438D-02       0.14466D+00       0.40054D+00       0.17186D+00
       0.72000D+02       0.17624D-02       0.18723D+00       0.40062D+00       0.17062D+00
       0.73000D+02       0.17850D-02       0.24343D+00       0.40058D+00       0.16832D+00
       0.74000D+02       0.18113D-02       0.27974D+00       0.40067D+00       0.17088D+00
       0.75000D+02       0.18309D-02       0.32932D+00       0.40066D+00       0.16883D+00
       0.76000D+02       0.18529D-02       0.35540D+00       0.40076D+00       0.17576D+00
       0.77000D+02       0.18571D-02       0.39198D+00       0.40079D+00       0.17371D+00
       0.78000D+02       0.18550D-02       0.40113D+00       0.40089D+00       0.17607D+00
       0.79000D+02       0.18450D-02       0.41938D+00       0.40093D+00       0.17870D+00
       0.80000D+02       0.18294D-02       0.40999D+00       0.40102D+00       0.18094D+00
       0.81000D+02       0.18187D-02       0.40737D+00       0.40107D+00       0.18345D+00
       0.82000D+02       0.18172D-02       0.37993D+00       0.40114D+00       0.18558D+00
       0.83000D+02       0.18202D-02       0.35856D+00       0.40118D+00       0.18797D+00
       0.84000D+02       0.18386D-02       0.31573D+00       0.40124D+00       0.19021D+00
       0.85000D+02       0.18560D-02       0.28035D+00       0.40126D+00       0.18818D+00
       0.86000D+02       0.18742D-02       0.22920D+00       0.40129D+00       0.19428D+00
       0.87000D+02       0.18991D-02       0.18613D+00       0.40129D+00       0.19209D+00
       0.88000D+02       0.19067D-02       0.13057D+00       0.40129D+00       0.19393D+00
       0.89000D+02       0.19222D-02       0.89721D-01       0.40127D+00       0.19252D+00
       0.90000D+02       0.19213D-02       0.32876D-01       0.40124D+00       0.19119D+00
       0.91000D+02       0.19221D-02       0.30764D-02       0.40121D+00       0.19009D+00
       0.92000D+02       0.19065D-02      -0.44979D-01       0.40115D+00       0.18885D+00
       0.93000D+02       0.18918D-02      -0.56544D-01       0.40111D+00       0.18801D+00
       0.94000D+02       0.18722D-02      -0.88876D-01       0.40103D+00       0.18627D+00
       0.95000D+02       0.18487D-02      -0.72007D-01       0.40100D+00       0.18564D+00
       0.96000D+02       0.18256D-02      -0.75023D-01       0.40091D+00       0.18390D+00
       0.97000D+02       0.18101D-02      -0.39978D-01       0.40090D+00       0.18327D+00
       0.98000D+02       0.17964D-02      -0.13198D-01       0.40081D+00       0.18155D+00
       0.99000D+02       0.17950D-02       0.31142D-01       0.40083D+00       0.18091D+00
       0.10000D+03       0.17931D-02       0.75878D-01       0.40075D+00       0.17924D+00
       0.10100D+03       0.18008D-02       0.12187D+00       0.40079D+00       0.17842D+00
       0.10200D+03       0.18121D-02       0.17711D+00       0.40074D+00       0.17671D+00
       0.10300D+03       0.18285D-02       0.21777D+00       0.40080D+00       0.17582D+00
       0.10400D+03       0.18446D-02       0.27272D+00       0.40078D+00       0.17430D+00
       0.10500D+03       0.18654D-02       0.30648D+00       0.40084D+00       0.17614D+00
       0.10600D+03       0.18758D-02       0.35251D+00       0.40084D+00       0.17466D+00
       0.10700D+03       0.18870D-02       0.37377D+00       0.40092D+00       0.17954D+00
       0.10800D+03       0.18863D-02       0.40501D+00       0.40094D+00       0.17805D+00
       0.10900D+03       0.18795D-02       0.40814D+00       0.40101D+00       0.17970D+00
       0.11000D+03       0.18701D-02       0.41977D+00       0.40104D+00       0.18156D+00
       0.11100D+03       0.18598D-02       0.40459D+00       0.40110D+00       0.18315D+00
       0.11200D+03       0.18542D-02       0.39555D+00       0.40113D+00       0.18494D+00
       0.11300D+03       0.18585D-02       0.36260D+00       0.40119D+00       0.18648D+00
       0.11400D+03       0.18639D-02       0.33618D+00       0.40121D+00       0.18810D+00
       0.11500D+03       0.18789D-02       0.28992D+00       0.40124D+00       0.18964D+00
       0.11600D+03       0.18941D-02       0.25124D+00       0.40126D+00       0.18815D+00
       0.11700D+03       0.19043D-02       0.19853D+00       0.40127D+00       0.18964D+00
       0.11800D+03       0.19218D-02       0.15496D+00       0.40127D+00       0.18855D+00
       0.11900D+03       0.19230D-02       0.98307D-01       0.40126D+00       0.18756D+00
       0.12000D+03       0.19318D-02       0.60296D-01       0.40124D+00       0.18664D+00
       0.12100D+03       0.19256D-02       0.51047D-02       0.40121D+00       0.18523D+00
       0.12200D+03       0.19224D-02      -0.19949D-01       0.40119D+00       0.18495D+00
       0.12300D+03       0.19072D-02      -0.63646D-01       0.40114D+00       0.18359D+00
       0.12400D+03       0.18924D-02      -0.66664D-01       0.40111D+00       0.18301D+00
       0.12500D+03       0.18750D-02      -0.91466D-01       0.40104D+00       0.18172D+00
       0.12600D+03       0.18584D-02      -0.66921D-01       0.40103D+00       0.18130D+00
       0.12700D+03       0.18424D-02      -0.58984D-01       0.40095D+00       0.18001D+00
       0.12800D+03       0.18345D-02      -0.20554D-01       0.40095D+00       0.17957D+00
       0.12900D+03       0.18265D-02       0.12829D-01       0.40089D+00       0.17829D+00
       0.13000D+03       0.18257D-02       0.58866D-01       0.40090D+00       0.17776D+00
       0.13100D+03       0.18282D-02       0.10793D+00       0.40085D+00       0.17645D+00
       0.13200D+03       0.18342D-02       0.15253D+00       0.40088D+00       0.17578D+00
       0.13300D+03       0.18448D-02       0.20888D+00       0.40085D+00       0.17447D+00
       0.13400D+03       0.18577D-02       0.24759D+00       0.40090D+00       0.17583D+00
       0.13500D+03       0.18693D-02       0.30042D+00       0.40089D+00       0.17453D+00
       0.13600D+03       0.18846D-02       0.33100D+00       0.40094D+00       0.17834D+00
       0.13700D+03       0.18893D-02       0.37291D+00       0.40095D+00       0.17716D+00
       0.13800D+03       0.18933D-02       0.38870D+00       0.40100D+00       0.17840D+00
       0.13900D+03       0.18900D-02       0.41407D+00       0.40102D+00       0.17979D+00
       0.14000D+03       0.18818D-02       0.41125D+00       0.40107D+00       0.18107D+00
       0.14100D+03       0.18743D-02       0.41614D+00       0.40110D+00       0.18251D+00
       0.14200D+03       0.18688D-02       0.39518D+00       0.40115D+00       0.18375D+00
       0.14300D+03       0.18668D-02       0.38008D+00       0.40117D+00       0.18514D+00
       0.14400D+03       0.18740D-02       0.34209D+00       0.40121D+00       0.18635D+00
       0.14500D+03       0.18812D-02       0.31115D+00       0.40122D+00       0.18762D+00
       0.14600D+03       0.18926D-02       0.26224D+00       0.40125D+00       0.19121D+00
       0.14700D+03       0.19067D-02       0.22099D+00       0.40125D+00       0.19000D+00
       0.14800D+03       0.19143D-02       0.16689D+00       0.40126D+00       0.19352D+00
       0.14900D+03       0.19264D-02       0.12398D+00       0.40125D+00       0.19268D+00
       0.15000D+03       0.19267D-02       0.66720D-01       0.40124D+00       0.19187D+00
       0.15100D+03       0.19306D-02       0.32263D-01       0.40122D+00       0.19115D+00
       0.15200D+03       0.19251D-02      -0.20072D-01       0.40119D+00       0.19042D+00
       0.15300D+03       0.19194D-02      -0.39512D-01       0.40117D+00       0.18989D+00
       0.15400D+03       0.19074D-02      -0.78382D-01       0.40113D+00       0.18879D+00
       0.15500D+03       0.18931D-02      -0.71903D-01       0.40111D+00       0.18833D+00
       0.15600D+03       0.18780D-02      -0.87221D-01       0.40105D+00       0.18726D+00
       0.15700D+03       0.18648D-02      -0.56905D-01       0.40104D+00       0.18683D+00
       0.15800D+03       0.18536D-02      -0.39198D-01       0.40098D+00       0.18574D+00
       0.15900D+03       0.18475D-02       0.22630D-02       0.40099D+00       0.18530D+00
       0.16000D+03       0.18433D-02       0.41344D-01       0.40093D+00       0.18423D+00
       0.16100D+03       0.18438D-02       0.87972D-01       0.40095D+00       0.18368D+00
       0.16200D+03       0.18484D-02       0.14053D+00       0.40092D+00       0.18260D+00
       0.16300D+03       0.18560D-02       0.18334D+00       0.40094D+00       0.18199D+00
       0.16400D+03       0.18659D-02       0.23963D+00       0.40092D+00       0.18089D+00
       0.16500D+03       0.18774D-02       0.27623D+00       0.40096D+00       0.18196D+00
       0.16600D+03       0.18864D-02       0.32621D+00       0.40096D+00       0.18097D+00
       0.16700D+03       0.18966D-02       0.35285D+00       0.40100D+00       0.18405D+00
       0.16800D+03       0.18987D-02       0.39006D+00       0.40101D+00       0.18306D+00
       0.16900D+03       0.18980D-02       0.39998D+00       0.40106D+00       0.18409D+00
       0.17000D+03       0.18933D-02       0.41904D+00       0.40107D+00       0.18526D+00
       0.17100D+03       0.18856D-02       0.41038D+00       0.40112D+00       0.18627D+00
       0.17200D+03       0.18802D-02       0.40860D+00       0.40114D+00       0.18742D+00
       0.17300D+03       0.18788D-02       0.38188D+00       0.40117D+00       0.18841D+00
       0.17400D+03       0.18796D-02       0.36117D+00       0.40119D+00       0.18953D+00
       0.17500D+03       0.18880D-02       0.31884D+00       0.40122D+00       0.19060D+00
       0.17600D+03       0.18960D-02       0.28392D+00       0.40123D+00       0.18962D+00
       0.17700D+03       0.19049D-02       0.23299D+00       0.40124D+00       0.19258D+00
       0.17800D+03       0.19169D-02       0.19006D+00       0.40125D+00       0.19152D+00
       0.17900D+03       0.19209D-02       0.13466D+00       0.40125D+00       0.19243D+00
       0.18000D+03       0.19287D-02       0.93515D-01       0.40124D+00       0.19174D+00
       0.18100D+03       0.19256D-02       0.36551D-01       0.40122D+00       0.19106D+00
       0.18200D+03       0.19263D-02       0.61964D-02       0.40121D+00       0.19047D+00
       0.18300D+03       0.19188D-02      -0.42379D-01       0.40118D+00       0.18985D+00
       0.18400D+03       0.19116D-02      -0.54922D-01       0.40116D+00       0.18942D+00
       0.18500D+03       0.19017D-02      -0.88075D-01       0.40112D+00       0.18851D+00
       0.18600D+03       0.18893D-02      -0.72301D-01       0.40110D+00       0.18818D+00
       0.18700D+03       0.18769D-02      -0.76732D-01       0.40106D+00       0.18727D+00
       0.18800D+03       0.18679D-02      -0.42155D-01       0.40105D+00       0.18693D+00
       0.18900D+03       0.18601D-02      -0.16297D-01       0.40100D+00       0.18601D+00
       0.19000D+03       0.18585D-02       0.27763D-01       0.40101D+00       0.18566D+00
       0.19100D+03       0.18569D-02       0.71902D-01       0.40097D+00       0.18476D+00
       0.19200D+03       0.18609D-02       0.11803D+00       0.40099D+00       0.18430D+00
       0.19300D+03       0.18666D-02       0.17303D+00       0.40096D+00       0.18340D+00
       0.19400D+03       0.18749D-02       0.21394D+00       0.40099D+00       0.18289D+00
       0.19500D+03       0.18835D-02       0.26910D+00       0.40098D+00       0.18204D+00
       0.19600D+03       0.18946D-02       0.30321D+00       0.40101D+00       0.18298D+00
       0.19700D+03       0.19004D-02       0.34973D+00       0.40101D+00       0.18215D+00
       0.19800D+03       0.19067D-02       0.37163D+00       0.40105D+00       0.18475D+00
       0.19900D+03       0.19066D-02       0.40357D+00       0.40106D+00       0.18391D+00
       0.20000D+03       0.19030D-02       0.40747D+00       0.40110D+00       0.18478D+00
       0.20100D+03       0.18978D-02       0.41994D+00       0.40111D+00       0.18577D+00
       0.20200D+03       0.18919D-02       0.40550D+00       0.40115D+00       0.18663D+00
       0.20300D+03       0.18885D-02       0.39725D+00       0.40116D+00       0.18760D+00
       0.20400D+03       0.18904D-02       0.36498D+00       0.40119D+00       0.18844D+00
       0.20500D+03       0.18930D-02       0.33917D+00       0.40121D+00       0.18933D+00
       0.20600D+03       0.19013D-02       0.29329D+00       0.40123D+00       0.19019D+00
       0.20700D+03       0.19095D-02       0.25499D+00       0.40123D+00       0.18935D+00
       0.20800D+03       0.19154D-02       0.20246D+00       0.40124D+00       0.19018D+00
       0.20900D+03       0.19252D-02       0.15890D+00       0.40124D+00       0.18930D+00
       0.21000D+03       0.19261D-02       0.10236D+00       0.40124D+00       0.19007D+00
       0.21100D+03       0.19307D-02       0.63948D-01       0.40123D+00       0.18953D+00
       0.21200D+03       0.19276D-02       0.84777D-02       0.40121D+00       0.18872D+00
       0.21300D+03       0.19260D-02      -0.17216D-01       0.40120D+00       0.18854D+00
       0.21400D+03       0.19174D-02      -0.61486D-01       0.40117D+00       0.18774D+00
       0.21500D+03       0.19090D-02      -0.65654D-01       0.40115D+00       0.18739D+00
       0.21600D+03       0.18989D-02      -0.91517D-01       0.40111D+00       0.18662D+00
       0.21700D+03       0.18889D-02      -0.67836D-01       0.40110D+00       0.18635D+00
       0.21800D+03       0.18791D-02      -0.61237D-01       0.40106D+00       0.18558D+00
       0.21900D+03       0.18739D-02      -0.23211D-01       0.40106D+00       0.18530D+00
       0.22000D+03       0.18687D-02       0.93961D-02       0.40102D+00       0.18452D+00
       0.22100D+03       0.18677D-02       0.55275D-01       0.40103D+00       0.18418D+00
       0.22200D+03       0.18687D-02       0.10384D+00       0.40100D+00       0.18338D+00
       0.22300D+03       0.18740D-02       0.14864D+00       0.40102D+00       0.18300D+00
       0.22400D+03       0.18800D-02       0.20491D+00       0.40100D+00       0.18219D+00
       0.22500D+03       0.18876D-02       0.24388D+00       0.40102D+00       0.18296D+00
       0.22600D+03       0.18946D-02       0.29701D+00       0.40101D+00       0.18215D+00
       0.22700D+03       0.19038D-02       0.32804D+00       0.40104D+00       0.18440D+00
       0.22800D+03       0.19073D-02       0.37051D+00       0.40105D+00       0.18367D+00
       0.22900D+03       0.19101D-02       0.38701D+00       0.40108D+00       0.18438D+00
       0.23000D+03       0.19082D-02       0.41315D+00       0.40109D+00       0.18520D+00
       0.23100D+03       0.19033D-02       0.41108D+00       0.40112D+00       0.18595D+00
       0.23200D+03       0.18986D-02       0.41682D+00       0.40114D+00       0.18680D+00
       0.23300D+03       0.18949D-02       0.39658D+00       0.40117D+00       0.18754D+00
       0.23400D+03       0.18934D-02       0.38223D+00       0.40118D+00       0.18838D+00
       0.23500D+03       0.18975D-02       0.34484D+00       0.40120D+00       0.18910D+00
       0.23600D+03       0.19016D-02       0.31445D+00       0.40121D+00       0.18987D+00
       0.23700D+03       0.19086D-02       0.26583D+00       0.40123D+00       0.19208D+00
       0.23800D+03       0.19172D-02       0.22486D+00       0.40123D+00       0.19133D+00
       0.23900D+03       0.19221D-02       0.17093D+00       0.40124D+00       0.19350D+00
       0.24000D+03       0.19297D-02       0.12787D+00       0.40123D+00       0.19298D+00
       0.24100D+03       0.19302D-02       0.70649D-01       0.40123D+00       0.19247D+00
       0.24200D+03       0.19329D-02       0.35711D-01       0.40122D+00       0.19203D+00
       0.24300D+03       0.19298D-02      -0.17044D-01       0.40120D+00       0.19157D+00
       0.24400D+03       0.19265D-02      -0.37256D-01       0.40119D+00       0.19123D+00
       0.24500D+03       0.19190D-02      -0.76772D-01       0.40116D+00       0.19053D+00
       0.24600D+03       0.19101D-02      -0.71510D-01       0.40114D+00       0.19024D+00
       0.24700D+03       0.19004D-02      -0.88123D-01       0.40111D+00       0.18955D+00
       0.24800D+03       0.18917D-02      -0.58440D-01       0.40110D+00       0.18927D+00
       0.24900D+03       0.18843D-02      -0.41880D-01       0.40106D+00       0.18857D+00
       0.25000D+03       0.18798D-02      -0.78329D-03       0.40107D+00       0.18828D+00
       0.25100D+03       0.18768D-02       0.37615D-01       0.40103D+00       0.18758D+00
       0.25200D+03       0.18766D-02       0.84233D-01       0.40104D+00       0.18722D+00
       0.25300D+03       0.18793D-02       0.13641D+00       0.40102D+00       0.18651D+00
       0.25400D+03       0.18839D-02       0.17945D+00       0.40104D+00       0.18610D+00
       0.25500D+03       0.18901D-02       0.23580D+00       0.40102D+00       0.18538D+00
       0.25600D+03       0.18974D-02       0.27269D+00       0.40105D+00       0.18606D+00
       0.25700D+03       0.19033D-02       0.32307D+00       0.40104D+00       0.18540D+00
       0.25800D+03       0.19101D-02       0.35025D+00       0.40107D+00       0.18737D+00
       0.25900D+03       0.19116D-02       0.38809D+00       0.40108D+00       0.18672D+00
       0.26000D+03       0.19114D-02       0.39876D+00       0.40111D+00       0.18737D+00
       0.26100D+03       0.19084D-02       0.41864D+00       0.40112D+00       0.18812D+00
       0.26200D+03       0.19034D-02       0.41071D+00       0.40115D+00       0.18877D+00
       0.26300D+03       0.18996D-02       0.40976D+00       0.40116D+00       0.18951D+00
       0.26400D+03       0.18984D-02       0.38376D+00       0.40118D+00       0.19015D+00
       0.26500D+03       0.18987D-02       0.36374D+00       0.40119D+00       0.19088D+00
       0.26600D+03       0.19040D-02       0.32191D+00       0.40121D+00       0.19158D+00
       0.26700D+03       0.19090D-02       0.28746D+00       0.40122D+00       0.19093D+00
       0.26800D+03       0.19150D-02       0.23676D+00       0.40123D+00       0.19288D+00
       0.26900D+03       0.19230D-02       0.19399D+00       0.40123D+00       0.19218D+00
       0.27000D+03       0.19258D-02       0.13875D+00       0.40123D+00       0.19278D+00
       0.27100D+03       0.19311D-02       0.97324D-01       0.40123D+00       0.19232D+00
       0.27200D+03       0.19294D-02       0.40260D-01       0.40122D+00       0.19187D+00
       0.27300D+03       0.19300D-02       0.93589D-02       0.40121D+00       0.19148D+00
       0.27400D+03       0.19252D-02      -0.39728D-01       0.40119D+00       0.19106D+00
       0.27500D+03       0.19206D-02      -0.53225D-01       0.40118D+00       0.19077D+00
       0.27600D+03       0.19141D-02      -0.87173D-01       0.40115D+00       0.19015D+00
       0.27700D+03       0.19056D-02      -0.72517D-01       0.40114D+00       0.18992D+00
       0.27800D+03       0.18971D-02      -0.78362D-01       0.40111D+00       0.18931D+00
       0.27900D+03       0.18907D-02      -0.44264D-01       0.40110D+00       0.18907D+00
       0.28000D+03       0.18851D-02      -0.19350D-01       0.40107D+00       0.18845D+00
       0.28100D+03       0.18836D-02       0.24416D-01       0.40107D+00       0.18819D+00
       0.28200D+03       0.18822D-02       0.67948D-01       0.40105D+00       0.18758D+00
       0.28300D+03       0.18845D-02       0.11419D+00       0.40106D+00       0.18725D+00
       0.28400D+03       0.18882D-02       0.16895D+00       0.40104D+00       0.18663D+00
       0.28500D+03       0.18936D-02       0.21010D+00       0.40106D+00       0.18627D+00
       0.28600D+03       0.18995D-02       0.26545D+00       0.40105D+00       0.18568D+00
       0.28700D+03       0.19071D-02       0.29991D+00       0.40107D+00       0.18631D+00
       0.28800D+03       0.19111D-02       0.34690D+00       0.40107D+00       0.18573D+00
       0.28900D+03       0.19157D-02       0.36944D+00       0.40110D+00       0.18750D+00
       0.29000D+03       0.19158D-02       0.40208D+00       0.40110D+00       0.18691D+00
       0.29100D+03       0.19135D-02       0.40674D+00       0.40113D+00       0.18750D+00
       0.29200D+03       0.19101D-02       0.42005D+00       0.40114D+00       0.18817D+00
       0.29300D+03       0.19058D-02       0.40634D+00       0.40116D+00       0.18875D+00
       0.29400D+03       0.19033D-02       0.39889D+00       0.40117D+00       0.18942D+00
       0.29500D+03       0.19043D-02       0.36730D+00       0.40119D+00       0.18999D+00
       0.29600D+03       0.19060D-02       0.34211D+00       0.40120D+00       0.19061D+00
       0.29700D+03       0.19116D-02       0.29664D+00       0.40122D+00       0.19120D+00
       0.29800D+03       0.19171D-02       0.25873D+00       0.40122D+00       0.19061D+00
       0.29900D+03       0.19214D-02       0.20638D+00       0.40123D+00       0.19119D+00
       0.30000D+03       0.19283D-02       0.16284D+00       0.40123D+00       0.19057D+00
       0.30100D+03       0.19291D-02       0.10643D+00       0.40123D+00       0.19110D+00
       0.30200D+03       0.19325D-02       0.67621D-01       0.40122D+00       0.19072D+00
       0.30300D+03       0.19306D-02       0.11892D-01       0.40121D+00       0.19015D+00
       0.30400D+03       0.19296D-02      -0.14428D-01       0.40120D+00       0.19002D+00
       0.30500D+03       0.19237D-02      -0.59265D-01       0.40118D+00       0.18946D+00
       0.30600D+03       0.19180D-02      -0.64566D-01       0.40117D+00       0.18920D+00
       0.30700D+03       0.19109D-02      -0.91457D-01       0.40114D+00       0.18866D+00
       0.30800D+03       0.19037D-02      -0.68672D-01       0.40113D+00       0.18846D+00
       0.30900D+03       0.18966D-02      -0.63428D-01       0.40110D+00       0.18791D+00
       0.31000D+03       0.18925D-02      -0.25813D-01       0.40110D+00       0.18771D+00
       0.31100D+03       0.18886D-02       0.60035D-02       0.40107D+00       0.18715D+00
       0.31200D+03       0.18875D-02       0.51708D-01       0.40108D+00       0.18690D+00
       0.31300D+03       0.18879D-02       0.99751D-01       0.40106D+00       0.18632D+00
       0.31400D+03       0.18915D-02       0.14475D+00       0.40107D+00       0.18604D+00
       0.31500D+03       0.18957D-02       0.20093D+00       0.40106D+00       0.18545D+00
       0.31600D+03       0.19009D-02       0.24015D+00       0.40107D+00       0.18599D+00
       0.31700D+03       0.19059D-02       0.29358D+00       0.40107D+00       0.18540D+00
       0.31800D+03       0.19125D-02       0.32504D+00       0.40109D+00       0.18700D+00
       0.31900D+03       0.19152D-02       0.36805D+00       0.40109D+00       0.18646D+00
       0.32000D+03       0.19174D-02       0.38526D+00       0.40111D+00       0.18697D+00
       0.32100D+03       0.19162D-02       0.41216D+00       0.40112D+00       0.18754D+00
       0.32200D+03       0.19128D-02       0.41084D+00       0.40115D+00       0.18807D+00
       0.32300D+03       0.19094D-02       0.41743D+00       0.40116D+00       0.18868D+00
       0.32400D+03       0.19065D-02       0.39793D+00       0.40118D+00       0.18920D+00
       0.32500D+03       0.19053D-02       0.38432D+00       0.40119D+00       0.18980D+00
       0.32600D+03       0.19080D-02       0.34755D+00       0.40120D+00       0.19032D+00
       0.32700D+03       0.19108D-02       0.31771D+00       0.40121D+00       0.19087D+00
       0.32800D+03       0.19158D-02       0.26940D+00       0.40122D+00       0.19246D+00
       0.32900D+03       0.19220D-02       0.22872D+00       0.40123D+00       0.19192D+00
       0.33000D+03       0.19256D-02       0.17496D+00       0.40123D+00       0.19245D+00
       0.33100D+03       0.19312D-02       0.13178D+00       0.40123D+00       0.19207D+00
       0.33200D+03       0.19319D-02       0.74599D-01       0.40122D+00       0.19171D+00
       0.33300D+03       0.19339D-02       0.39188D-01       0.40121D+00       0.19138D+00
       0.33400D+03       0.19320D-02      -0.13970D-01       0.40120D+00       0.19105D+00
       0.33500D+03       0.19298D-02      -0.34934D-01       0.40119D+00       0.19081D+00
       0.33600D+03       0.19245D-02      -0.75084D-01       0.40117D+00       0.19030D+00
       0.33700D+03       0.19180D-02      -0.71038D-01       0.40116D+00       0.19009D+00
       0.33800D+03       0.19109D-02      -0.88923D-01       0.40114D+00       0.18959D+00
       0.33900D+03       0.19044D-02      -0.59898D-01       0.40113D+00       0.18938D+00
       0.34000D+03       0.18988D-02      -0.44511D-01       0.40110D+00       0.18887D+00
       0.34100D+03       0.18952D-02      -0.37851D-02       0.40110D+00       0.18865D+00
       0.34200D+03       0.18928D-02       0.33922D-01       0.40108D+00       0.18814D+00
       0.34300D+03       0.18923D-02       0.80510D-01       0.40109D+00       0.18787D+00
       0.34400D+03       0.18941D-02       0.13228D+00       0.40107D+00       0.18735D+00
       0.34500D+03       0.18972D-02       0.17556D+00       0.40108D+00       0.18705D+00
       0.34600D+03       0.19018D-02       0.23196D+00       0.40107D+00       0.18651D+00
       0.34700D+03       0.19071D-02       0.26913D+00       0.40109D+00       0.18700D+00
       0.34800D+03       0.19115D-02       0.31989D+00       0.40109D+00       0.18651D+00
       0.34900D+03       0.19166D-02       0.34760D+00       0.40111D+00       0.18797D+00
       0.35000D+03       0.19179D-02       0.38606D+00       0.40111D+00       0.18748D+00
       0.35100D+03       0.19179D-02       0.39748D+00       0.40113D+00       0.18797D+00
       0.35200D+03       0.19158D-02       0.41817D+00       0.40114D+00       0.18852D+00
       0.35300D+03       0.19121D-02       0.41098D+00       0.40116D+00       0.18900D+00
       0.35400D+03       0.19092D-02       0.41087D+00       0.40117D+00       0.18955D+00
       0.35500D+03       0.19081D-02       0.38559D+00       0.40119D+00       0.19003D+00
       0.35600D+03       0.19081D-02       0.36626D+00       0.40120D+00       0.19057D+00
       0.35700D+03       0.19119D-02       0.32495D+00       0.40121D+00       0.19109D+00
       0.35800D+03       0.19155D-02       0.29098D+00       0.40122D+00       0.19061D+00
       0.35900D+03       0.19201D-02       0.24051D+00       0.40122D+00       0.19207D+00
       0.36000D+03       0.19260D-02       0.19792D+00       0.40123D+00       0.19155D+00
       0.36100D+03       0.19282D-02       0.14284D+00       0.40123D+00       0.19293D+00
       0.36200D+03       0.19323D-02       0.10115D+00       0.40122D+00       0.19258D+00
       0.36300D+03       0.19312D-02       0.44002D-01       0.40122D+00       0.19225D+00
       0.36400D+03       0.19319D-02       0.12563D-01       0.40121D+00       0.19195D+00
       0.36500D+03       0.19285D-02      -0.37027D-01       0.40119D+00       0.19164D+00
       0.36600D+03       0.19251D-02      -0.51453D-01       0.40118D+00       0.19141D+00
       0.36700D+03       0.19193D-02      -0.86173D-01       0.40116D+00       0.19094D+00
       0.36800D+03       0.19129D-02      -0.72656D-01       0.40116D+00       0.19075D+00
       0.36900D+03       0.19064D-02      -0.79909D-01       0.40113D+00       0.19028D+00
       0.37000D+03       0.19014D-02      -0.46305D-01       0.40113D+00       0.19010D+00
       0.37100D+03       0.18970D-02      -0.22359D-01       0.40110D+00       0.18962D+00
       0.37200D+03       0.18956D-02       0.21103D-01       0.40111D+00       0.18943D+00
       0.37300D+03       0.18944D-02       0.64019D-01       0.40109D+00       0.18896D+00
       0.37400D+03       0.18958D-02       0.11036D+00       0.40109D+00       0.18871D+00
       0.37500D+03       0.18985D-02       0.16486D+00       0.40108D+00       0.18824D+00
       0.37600D+03       0.19024D-02       0.20625D+00       0.40109D+00       0.18796D+00
       0.37700D+03       0.19069D-02       0.26178D+00       0.40109D+00       0.18750D+00
       0.37800D+03       0.19126D-02       0.29658D+00       0.40110D+00       0.18798D+00
       0.37900D+03       0.19157D-02       0.34402D+00       0.40110D+00       0.18753D+00
       0.38000D+03       0.19194D-02       0.36719D+00       0.40112D+00       0.18887D+00
       0.38100D+03       0.19195D-02       0.40052D+00       0.40113D+00       0.18842D+00
       0.38200D+03       0.19180D-02       0.40594D+00       0.40115D+00       0.18887D+00
       0.38300D+03       0.19154D-02       0.42010D+00       0.40115D+00       0.18937D+00
       0.38400D+03       0.19121D-02       0.40711D+00       0.40117D+00       0.18981D+00
       0.38500D+03       0.19101D-02       0.40047D+00       0.40118D+00       0.19032D+00
       0.38600D+03       0.19106D-02       0.36957D+00       0.40120D+00       0.19075D+00
       0.38700D+03       0.19117D-02       0.34500D+00       0.40120D+00       0.19122D+00
       0.38800D+03       0.19159D-02       0.29995D+00       0.40121D+00       0.19167D+00
       0.38900D+03       0.19201D-02       0.26244D+00       0.40122D+00       0.19122D+00
       0.39000D+03       0.19235D-02       0.21028D+00       0.40122D+00       0.19167D+00
       0.39100D+03       0.19288D-02       0.16678D+00       0.40122D+00       0.19119D+00
       0.39200D+03       0.19296D-02       0.11050D+00       0.40122D+00       0.19160D+00
       0.39300D+03       0.19324D-02       0.71315D-01       0.40122D+00       0.19131D+00
       0.39400D+03       0.19312D-02       0.15347D-01       0.40121D+00       0.19087D+00
       0.39500D+03       0.19306D-02      -0.11588D-01       0.40120D+00       0.19076D+00
       0.39600D+03       0.19262D-02      -0.56985D-01       0.40119D+00       0.19033D+00
       0.39700D+03       0.19218D-02      -0.63400D-01       0.40118D+00       0.19013D+00
       0.39800D+03       0.19165D-02      -0.91286D-01       0.40116D+00       0.18971D+00
       0.39900D+03       0.19108D-02      -0.69429D-01       0.40115D+00       0.18955D+00
       0.40000D+03       0.19052D-02      -0.65556D-01       0.40113D+00       0.18913D+00
       0.40100D+03       0.19018D-02      -0.28357D-01       0.40113D+00       0.18896D+00
       0.40200D+03       0.18987D-02       0.26520D-02       0.40110D+00       0.18853D+00
       0.40300D+03       0.18978D-02       0.48165D-01       0.40111D+00       0.18833D+00
       0.40400D+03       0.18977D-02       0.95677D-01       0.40109D+00       0.18788D+00
       0.40500D+03       0.19002D-02       0.14087D+00       0.40110D+00       0.18766D+00
       0.40600D+03       0.19033D-02       0.19694D+00       0.40109D+00       0.18720D+00
       0.40700D+03       0.19073D-02       0.23640D+00       0.40110D+00       0.18762D+00
       0.40800D+03       0.19113D-02       0.29012D+00       0.40110D+00       0.18716D+00
       0.40900D+03       0.19165D-02       0.32200D+00       0.40111D+00       0.18755D+00
       0.41000D+03       0.19187D-02       0.36554D+00       0.40112D+00       0.18714D+00
       0.41100D+03       0.19207D-02       0.38346D+00       0.40113D+00       0.18754D+00
       0.41200D+03       0.19198D-02       0.41111D+00       0.40114D+00       0.18798D+00
       0.41300D+03       0.19173D-02       0.41054D+00       0.40116D+00       0.18839D+00
       0.41400D+03       0.19146D-02       0.41798D+00       0.40117D+00       0.18887D+00
       0.41500D+03       0.19122D-02       0.39921D+00       0.40118D+00       0.18927D+00
       0.41600D+03       0.19111D-02       0.38636D+00       0.40119D+00       0.18974D+00
       0.41700D+03       0.19131D-02       0.35021D+00       0.40120D+00       0.19015D+00
       0.41800D+03       0.19151D-02       0.32093D+00       0.40121D+00       0.19058D+00
       0.41900D+03       0.19191D-02       0.27294D+00       0.40122D+00       0.19183D+00
       0.42000D+03       0.19239D-02       0.23256D+00       0.40122D+00       0.19141D+00
       0.42100D+03       0.19268D-02       0.17898D+00       0.40122D+00       0.19182D+00
       0.42200D+03       0.19313D-02       0.13569D+00       0.40122D+00       0.19153D+00
       0.42300D+03       0.19320D-02       0.78570D-01       0.40122D+00       0.19124D+00
       0.42400D+03       0.19337D-02       0.42695D-01       0.40121D+00       0.19099D+00
       0.42500D+03       0.19324D-02      -0.10851D-01       0.40120D+00       0.19073D+00
       0.42600D+03       0.19308D-02      -0.32548D-01       0.40120D+00       0.19065D+00
       0.42700D+03       0.19267D-02      -0.73320D-01       0.40118D+00       0.19025D+00
       0.42800D+03       0.19217D-02      -0.70489D-01       0.40117D+00       0.19008D+00
       0.42900D+03       0.19162D-02      -0.89618D-01       0.40115D+00       0.18969D+00
       0.43000D+03       0.19109D-02      -0.61279D-01       0.40115D+00       0.18953D+00
       0.43100D+03       0.19063D-02      -0.47091D-01       0.40113D+00       0.18913D+00
       0.43200D+03       0.19046D-02      -0.67414D-02       0.40113D+00       0.18898D+00
       0.43300D+03       0.19025D-02       0.30263D-01       0.40111D+00       0.18857D+00
       0.43400D+03       0.19031D-02       0.76804D-01       0.40111D+00       0.18839D+00
       0.43500D+03       0.19043D-02       0.12815D+00       0.40110D+00       0.18798D+00
       0.43600D+03       0.19067D-02       0.17166D+00       0.40111D+00       0.18774D+00
       0.43700D+03       0.19102D-02       0.22810D+00       0.40110D+00       0.18732D+00
       0.43800D+03       0.19143D-02       0.26554D+00       0.40111D+00       0.18770D+00
       0.43900D+03       0.19179D-02       0.31668D+00       0.40111D+00       0.18731D+00
       0.44000D+03       0.19221D-02       0.34490D+00       0.40113D+00       0.18846D+00
       0.44100D+03       0.19231D-02       0.38397D+00       0.40113D+00       0.18808D+00
       0.44200D+03       0.19234D-02       0.39614D+00       0.40115D+00       0.18846D+00
       0.44300D+03       0.19218D-02       0.41764D+00       0.40115D+00       0.18890D+00
       0.44400D+03       0.19188D-02       0.41118D+00       0.40117D+00       0.18928D+00
       0.44500D+03       0.19165D-02       0.41191D+00       0.40118D+00       0.18972D+00
       0.44600D+03       0.19154D-02       0.38736D+00       0.40119D+00       0.19010D+00
       0.44700D+03       0.19153D-02       0.36873D+00       0.40120D+00       0.19053D+00
       0.44800D+03       0.19182D-02       0.32795D+00       0.40121D+00       0.19095D+00
       0.44900D+03       0.19210D-02       0.29447D+00       0.40121D+00       0.19056D+00
       0.45000D+03       0.19246D-02       0.24424D+00       0.40122D+00       0.19173D+00
       0.45100D+03       0.19293D-02       0.20184D+00       0.40122D+00       0.19131D+00
       0.45200D+03       0.19312D-02       0.14692D+00       0.40122D+00       0.19241D+00
       0.45300D+03       0.19346D-02       0.10498D+00       0.40122D+00       0.19214D+00
       0.45400D+03       0.19339D-02       0.47776D-01       0.40121D+00       0.19187D+00
       0.45500D+03       0.19346D-02       0.15806D-01       0.40121D+00       0.19164D+00
       0.45600D+03       0.19319D-02      -0.34277D-01       0.40120D+00       0.19139D+00
       0.45700D+03       0.19294D-02      -0.49608D-01       0.40119D+00       0.19121D+00
       0.45800D+03       0.19248D-02      -0.85076D-01       0.40117D+00       0.19083D+00
       0.45900D+03       0.19197D-02      -0.72718D-01       0.40117D+00       0.19068D+00
       0.46000D+03       0.19144D-02      -0.81370D-01       0.40115D+00       0.19030D+00
       0.46100D+03       0.19102D-02      -0.48276D-01       0.40114D+00       0.19016D+00
       0.46200D+03       0.19066D-02      -0.25322D-01       0.40112D+00       0.18977D+00
       0.46300D+03       0.19052D-02       0.17824D-01       0.40113D+00       0.18962D+00
       0.46400D+03       0.19041D-02       0.60114D-01       0.40111D+00       0.18924D+00
       0.46500D+03       0.19051D-02       0.10655D+00       0.40112D+00       0.18904D+00
       0.46600D+03       0.19071D-02       0.16076D+00       0.40110D+00       0.18865D+00
       0.46700D+03       0.19102D-02       0.20239D+00       0.40111D+00       0.18843D+00
       0.46800D+03       0.19138D-02       0.25809D+00       0.40111D+00       0.18806D+00
       0.46900D+03       0.19183D-02       0.29321D+00       0.40112D+00       0.18844D+00
       0.47000D+03       0.19209D-02       0.34111D+00       0.40112D+00       0.18808D+00
       0.47100D+03       0.19240D-02       0.36489D+00       0.40114D+00       0.18916D+00
       0.47200D+03       0.19242D-02       0.39890D+00       0.40114D+00       0.18880D+00
       0.47300D+03       0.19231D-02       0.40508D+00       0.40116D+00       0.18915D+00
       0.47400D+03       0.19210D-02       0.42008D+00       0.40116D+00       0.18956D+00
       0.47500D+03       0.19183D-02       0.40783D+00       0.40118D+00       0.18992D+00
       0.47600D+03       0.19166D-02       0.40199D+00       0.40118D+00       0.19033D+00
       0.47700D+03       0.19168D-02       0.37179D+00       0.40120D+00       0.19068D+00
       0.47800D+03       0.19176D-02       0.34785D+00       0.40120D+00       0.19106D+00
       0.47900D+03       0.19210D-02       0.30322D+00       0.40121D+00       0.19142D+00
       0.48000D+03       0.19242D-02       0.26613D+00       0.40122D+00       0.19106D+00
       0.48100D+03       0.19271D-02       0.21417D+00       0.40122D+00       0.19142D+00
       0.48200D+03       0.19314D-02       0.17072D+00       0.40122D+00       0.19103D+00
       0.48300D+03       0.19322D-02       0.11458D+00       0.40122D+00       0.19137D+00
       0.48400D+03       0.19345D-02       0.75027D-01       0.40122D+00       0.19113D+00
       0.48500D+03       0.19337D-02       0.18841D-01       0.40121D+00       0.19078D+00
       0.48600D+03       0.19334D-02      -0.86970D-02       0.40120D+00       0.19069D+00
       0.48700D+03       0.19299D-02      -0.54649D-01       0.40119D+00       0.19034D+00
       0.48800D+03       0.19265D-02      -0.62156D-01       0.40118D+00       0.19018D+00
       0.48900D+03       0.19222D-02      -0.91006D-01       0.40117D+00       0.18983D+00
       0.49000D+03       0.19175D-02      -0.70107D-01       0.40116D+00       0.18971D+00
       0.49100D+03       0.19128D-02      -0.67619D-01       0.40114D+00       0.18936D+00
       0.49200D+03       0.19099D-02      -0.30843D-01       0.40114D+00       0.18922D+00
       0.49300D+03       0.19073D-02      -0.65799D-03       0.40112D+00       0.18887D+00
       0.49400D+03       0.19063D-02       0.44647D-01       0.40113D+00       0.18871D+00
       0.49500D+03       0.19061D-02       0.91615D-01       0.40111D+00       0.18834D+00
       0.49600D+03       0.19080D-02       0.13699D+00       0.40112D+00       0.18816D+00
       0.49700D+03       0.19105D-02       0.19292D+00       0.40111D+00       0.18779D+00
       0.49800D+03       0.19136D-02       0.23264D+00       0.40112D+00       0.18756D+00
       0.49900D+03       0.19168D-02       0.28663D+00       0.40112D+00       0.18718D+00
       0.50000D+03       0.19212D-02       0.31891D+00       0.40113D+00       0.18751D+00
       0.50100D+03       0.19231D-02       0.36298D+00       0.40113D+00       0.18717D+00
       0.50200D+03       0.19248D-02       0.38160D+00       0.40115D+00       0.18749D+00
       0.50300D+03       0.19242D-02       0.40999D+00       0.40115D+00       0.18786D+00
       0.50400D+03       0.19222D-02       0.41017D+00       0.40117D+00       0.18820D+00
       0.50500D+03       0.19200D-02       0.41847D+00       0.40117D+00       0.18858D+00
       0.50600D+03       0.19180D-02       0.40043D+00       0.40119D+00       0.18892D+00
       0.50700D+03       0.19170D-02       0.38835D+00       0.40119D+00       0.18930D+00
       0.50800D+03       0.19184D-02       0.35283D+00       0.40120D+00       0.18964D+00
       0.50900D+03       0.19200D-02       0.32411D+00       0.40121D+00       0.18999D+00
       0.51000D+03       0.19233D-02       0.27645D+00       0.40121D+00       0.19102D+00
       0.51100D+03       0.19271D-02       0.23640D+00       0.40122D+00       0.19068D+00
       0.51200D+03       0.19290D-02       0.18298D+00       0.40122D+00       0.19101D+00
       0.51300D+03       0.19328D-02       0.13960D+00       0.40122D+00       0.19076D+00
       0.51400D+03       0.19325D-02       0.82558D-01       0.40122D+00       0.19052D+00
       0.51500D+03       0.19341D-02       0.46228D-01       0.40121D+00       0.19030D+00
       0.51600D+03       0.19320D-02      -0.76876D-02       0.40120D+00       0.18996D+00
       0.51700D+03       0.19308D-02      -0.30100D-01       0.40120D+00       0.18989D+00
       0.51800D+03       0.19276D-02      -0.71484D-01       0.40118D+00       0.18956D+00
       0.51900D+03       0.19236D-02      -0.69863D-01       0.40118D+00       0.18942D+00
       0.52000D+03       0.19190D-02      -0.90208D-01       0.40116D+00       0.18910D+00
       0.52100D+03       0.19146D-02      -0.62581D-01       0.40116D+00       0.18897D+00
       0.52200D+03       0.19107D-02      -0.49619D-01       0.40114D+00       0.18864D+00
       0.52300D+03       0.19091D-02      -0.96509D-02       0.40114D+00       0.18852D+00
       0.52400D+03       0.19073D-02       0.26640D-01       0.40112D+00       0.18818D+00
       0.52500D+03       0.19076D-02       0.73114D-01       0.40113D+00       0.18803D+00
       0.52600D+03       0.19085D-02       0.12403D+00       0.40112D+00       0.18769D+00
       0.52700D+03       0.19103D-02       0.16777D+00       0.40112D+00       0.18750D+00
       0.52800D+03       0.19133D-02       0.22423D+00       0.40112D+00       0.18715D+00
       0.52900D+03       0.19166D-02       0.26193D+00       0.40113D+00       0.18747D+00
       0.53000D+03       0.19196D-02       0.31343D+00       0.40113D+00       0.18715D+00
       0.53100D+03       0.19231D-02       0.34216D+00       0.40114D+00       0.18810D+00
       0.53200D+03       0.19241D-02       0.38183D+00       0.40114D+00       0.18778D+00
       0.53300D+03       0.19244D-02       0.39474D+00       0.40115D+00       0.18810D+00
       0.53400D+03       0.19232D-02       0.41704D+00       0.40116D+00       0.18846D+00
       0.53500D+03       0.19207D-02       0.41132D+00       0.40117D+00       0.18878D+00
       0.53600D+03       0.19188D-02       0.41289D+00       0.40118D+00       0.18914D+00
       0.53700D+03       0.19177D-02       0.38907D+00       0.40119D+00       0.18946D+00
       0.53800D+03       0.19175D-02       0.37114D+00       0.40120D+00       0.18982D+00
       0.53900D+03       0.19199D-02       0.33091D+00       0.40121D+00       0.19017D+00
       0.54000D+03       0.19221D-02       0.29793D+00       0.40121D+00       0.18985D+00
       0.54100D+03       0.19251D-02       0.24795D+00       0.40122D+00       0.19082D+00
       0.54200D+03       0.19290D-02       0.20575D+00       0.40122D+00       0.19048D+00
       0.54300D+03       0.19307D-02       0.15100D+00       0.40122D+00       0.19140D+00
       0.54400D+03       0.19336D-02       0.10883D+00       0.40122D+00       0.19117D+00
       0.54500D+03       0.19332D-02       0.51578D-01       0.40121D+00       0.19095D+00
       0.54600D+03       0.19338D-02       0.19087D-01       0.40121D+00       0.19076D+00
       0.54700D+03       0.19317D-02      -0.31478D-01       0.40120D+00       0.19055D+00
       0.54800D+03       0.19297D-02      -0.47690D-01       0.40119D+00       0.19040D+00
       0.54900D+03       0.19260D-02      -0.83886D-01       0.40118D+00       0.19009D+00
       0.55000D+03       0.19217D-02      -0.72703D-01       0.40117D+00       0.18996D+00
       0.55100D+03       0.19173D-02      -0.82744D-01       0.40116D+00       0.18965D+00
       0.55200D+03       0.19137D-02      -0.50176D-01       0.40115D+00       0.18953D+00
       0.55300D+03       0.19106D-02      -0.28239D-01       0.40114D+00       0.18921D+00
       0.55400D+03       0.19093D-02       0.14580D-01       0.40114D+00       0.18908D+00
       0.55500D+03       0.19082D-02       0.56236D-01       0.40113D+00       0.18877D+00
       0.55600D+03       0.19088D-02       0.10274D+00       0.40113D+00       0.18860D+00
       0.55700D+03       0.19104D-02       0.15665D+00       0.40112D+00       0.18828D+00
       0.55800D+03       0.19129D-02       0.19852D+00       0.40113D+00       0.18809D+00
       0.55900D+03       0.19159D-02       0.25437D+00       0.40112D+00       0.18778D+00
       0.56000D+03       0.19197D-02       0.28981D+00       0.40113D+00       0.18810D+00
       0.56100D+03       0.19219D-02       0.33815D+00       0.40113D+00       0.18780D+00
       0.56200D+03       0.19246D-02       0.36254D+00       0.40115D+00       0.18870D+00
       0.56300D+03       0.19249D-02       0.39722D+00       0.40115D+00       0.18840D+00
       0.56400D+03       0.19241D-02       0.40416D+00       0.40116D+00       0.18870D+00
       0.56500D+03       0.19224D-02       0.41999D+00       0.40117D+00       0.18904D+00
       0.56600D+03       0.19200D-02       0.40847D+00       0.40118D+00       0.18934D+00
       0.56700D+03       0.19185D-02       0.40346D+00       0.40119D+00       0.18969D+00
       0.56800D+03       0.19186D-02       0.37395D+00       0.40120D+00       0.18998D+00
       0.56900D+03       0.19192D-02       0.35066D+00       0.40120D+00       0.19030D+00
       0.57000D+03       0.19220D-02       0.30647D+00       0.40121D+00       0.19061D+00
       0.57100D+03       0.19247D-02       0.26980D+00       0.40121D+00       0.19031D+00
       0.57200D+03       0.19271D-02       0.21804D+00       0.40122D+00       0.19122D+00
       0.57300D+03       0.19308D-02       0.17466D+00       0.40122D+00       0.19089D+00
       0.57400D+03       0.19316D-02       0.11866D+00       0.40122D+00       0.19118D+00
       0.57500D+03       0.19336D-02       0.78758D-01       0.40121D+00       0.19096D+00
       0.57600D+03       0.19331D-02       0.22373D-01       0.40121D+00       0.19076D+00
       0.57700D+03       0.19329D-02      -0.57568D-02       0.40120D+00       0.19069D+00
       0.57800D+03       0.19300D-02      -0.52256D-01       0.40119D+00       0.19038D+00
       0.57900D+03       0.19273D-02      -0.60834D-01       0.40119D+00       0.19025D+00
       0.58000D+03       0.19237D-02      -0.90618D-01       0.40117D+00       0.18996D+00
       0.58100D+03       0.19197D-02      -0.70707D-01       0.40117D+00       0.18985D+00
       0.58200D+03       0.19157D-02      -0.69615D-01       0.40115D+00       0.18956D+00
       0.58300D+03       0.19132D-02      -0.33269D-01       0.40115D+00       0.18944D+00
       0.58400D+03       0.19108D-02      -0.39258D-02       0.40114D+00       0.18914D+00
       0.58500D+03       0.19098D-02       0.41155D-01       0.40114D+00       0.18901D+00
       0.58600D+03       0.19096D-02       0.87568D-01       0.40113D+00       0.18870D+00
       0.58700D+03       0.19111D-02       0.13312D+00       0.40113D+00       0.18854D+00
       0.58800D+03       0.19131D-02       0.18890D+00       0.40112D+00       0.18823D+00
       0.58900D+03       0.19157D-02       0.22886D+00       0.40113D+00       0.18803D+00
       0.59000D+03       0.19185D-02       0.28311D+00       0.40113D+00       0.18772D+00
       0.59100D+03       0.19222D-02       0.31579D+00       0.40114D+00       0.18802D+00
       0.59200D+03       0.19238D-02       0.36037D+00       0.40114D+00       0.18774D+00
       0.59300D+03       0.19254D-02       0.37968D+00       0.40115D+00       0.18801D+00
       0.59400D+03       0.19250D-02       0.40881D+00       0.40116D+00       0.18832D+00
       0.59500D+03       0.19234D-02       0.40975D+00       0.40117D+00       0.18860D+00
       0.59600D+03       0.19215D-02       0.41889D+00       0.40118D+00       0.18893D+00
       0.59700D+03       0.19197D-02       0.40159D+00       0.40119D+00       0.18921D+00
       0.59800D+03       0.19188D-02       0.39027D+00       0.40119D+00       0.18954D+00
       0.59900D+03       0.19199D-02       0.35540D+00       0.40120D+00       0.18982D+00
       0.60000D+03       0.19211D-02       0.32726D+00       0.40121D+00       0.19012D+00
       0.60100D+03       0.19239D-02       0.27993D+00       0.40121D+00       0.19041D+00
       0.60200D+03       0.19272D-02       0.24021D+00       0.40122D+00       0.19012D+00
       0.60300D+03       0.19288D-02       0.18698D+00       0.40122D+00       0.19041D+00
       0.60400D+03       0.19321D-02       0.14352D+00       0.40122D+00       0.19019D+00
       0.60500D+03       0.19320D-02       0.86562D-01       0.40121D+00       0.18999D+00
       0.60600D+03       0.19334D-02       0.49788D-01       0.40121D+00       0.18981D+00
       0.60700D+03       0.19318D-02      -0.44808D-02       0.40120D+00       0.18952D+00
       0.60800D+03       0.19308D-02      -0.27591D-01       0.40120D+00       0.18946D+00
       0.60900D+03       0.19282D-02      -0.69578D-01       0.40119D+00       0.18918D+00
       0.61000D+03       0.19249D-02      -0.69159D-01       0.40118D+00       0.18907D+00
       0.61100D+03       0.19210D-02      -0.90689D-01       0.40117D+00       0.18879D+00
       0.61200D+03       0.19176D-02      -0.63805D-01       0.40117D+00       0.18869D+00
       0.61300D+03       0.19143D-02      -0.52094D-01       0.40115D+00       0.18841D+00
       0.61400D+03       0.19128D-02      -0.12512D-01       0.40115D+00       0.18831D+00
       0.61500D+03       0.19111D-02       0.23054D-01       0.40114D+00       0.18802D+00
       0.61600D+03       0.19112D-02       0.69444D-01       0.40114D+00       0.18790D+00
       0.61700D+03       0.19119D-02       0.11991D+00       0.40113D+00       0.18760D+00
       0.61800D+03       0.19134D-02       0.16387D+00       0.40114D+00       0.18744D+00
       0.61900D+03       0.19159D-02       0.22033D+00       0.40113D+00       0.18714D+00
       0.62000D+03       0.19187D-02       0.25830D+00       0.40114D+00       0.18742D+00
       0.62100D+03       0.19212D-02       0.31015D+00       0.40114D+00       0.18712D+00
       0.62200D+03       0.19243D-02       0.33937D+00       0.40115D+00       0.18793D+00
       0.62300D+03       0.19252D-02       0.37963D+00       0.40115D+00       0.18766D+00
       0.62400D+03       0.19256D-02       0.39328D+00       0.40116D+00       0.18791D+00
       0.62500D+03       0.19246D-02       0.41638D+00       0.40117D+00       0.18821D+00
       0.62600D+03       0.19226D-02       0.41140D+00       0.40118D+00       0.18848D+00
       0.62700D+03       0.19208D-02       0.41381D+00       0.40118D+00       0.18879D+00
       0.62800D+03       0.19198D-02       0.39072D+00       0.40119D+00       0.18906D+00
       0.62900D+03       0.19196D-02       0.37350D+00       0.40120D+00       0.18937D+00
       0.63000D+03       0.19215D-02       0.33383D+00       0.40121D+00       0.18967D+00
       0.63100D+03       0.19233D-02       0.30136D+00       0.40121D+00       0.18940D+00
       0.63200D+03       0.19260D-02       0.25164D+00       0.40121D+00       0.19023D+00
       0.63300D+03       0.19293D-02       0.20966D+00       0.40122D+00       0.18994D+00
       0.63400D+03       0.19308D-02       0.15507D+00       0.40122D+00       0.19076D+00
       0.63500D+03       0.19334D-02       0.11269D+00       0.40122D+00       0.19056D+00
       0.63600D+03       0.19331D-02       0.55410D-01       0.40121D+00       0.19038D+00
       0.63700D+03       0.19338D-02       0.22404D-01       0.40121D+00       0.19021D+00
       0.63800D+03       0.19321D-02      -0.28631D-01       0.40120D+00       0.19004D+00
       0.63900D+03       0.19305D-02      -0.45701D-01       0.40119D+00       0.18991D+00
       0.64000D+03       0.19273D-02      -0.82606D-01       0.40118D+00       0.18964D+00
       0.64100D+03       0.19237D-02      -0.72611D-01       0.40118D+00       0.18953D+00
       0.64200D+03       0.19199D-02      -0.84027D-01       0.40116D+00       0.18927D+00
       0.64300D+03       0.19167D-02      -0.52004D-01       0.40116D+00       0.18916D+00
       0.64400D+03       0.19140D-02      -0.31109D-01       0.40115D+00       0.18889D+00
       0.64500D+03       0.19127D-02       0.11374D-01       0.40115D+00       0.18878D+00
       0.64600D+03       0.19117D-02       0.52386D-01       0.40114D+00       0.18851D+00
       0.64700D+03       0.19121D-02       0.98946D-01       0.40114D+00       0.18836D+00
       0.64800D+03       0.19134D-02       0.15254D+00       0.40113D+00       0.18809D+00
       0.64900D+03       0.19154D-02       0.19465D+00       0.40114D+00       0.18793D+00
       0.65000D+03       0.19180D-02       0.25064D+00       0.40113D+00       0.18766D+00
       0.65100D+03       0.19210D-02       0.28638D+00       0.40114D+00       0.18792D+00
       0.65200D+03       0.19232D-02       0.33516D+00       0.40114D+00       0.18766D+00
       0.65300D+03       0.19255D-02       0.36014D+00       0.40115D+00       0.18844D+00
       0.65400D+03       0.19258D-02       0.39548D+00       0.40116D+00       0.18818D+00
       0.65500D+03       0.19252D-02       0.40318D+00       0.40117D+00       0.18844D+00
       0.65600D+03       0.19238D-02       0.41985D+00       0.40117D+00       0.18874D+00
       0.65700D+03       0.19218D-02       0.40905D+00       0.40118D+00       0.18899D+00
       0.65800D+03       0.19205D-02       0.40486D+00       0.40119D+00       0.18929D+00
       0.65900D+03       0.19204D-02       0.37606D+00       0.40120D+00       0.18955D+00
       0.66000D+03       0.19208D-02       0.35341D+00       0.40120D+00       0.18984D+00
       0.66100D+03       0.19232D-02       0.30968D+00       0.40121D+00       0.19012D+00
       0.66200D+03       0.19254D-02       0.27344D+00       0.40121D+00       0.18986D+00
       0.66300D+03       0.19276D-02       0.22189D+00       0.40122D+00       0.19065D+00
       0.66400D+03       0.19308D-02       0.17860D+00       0.40122D+00       0.19037D+00
       0.66500D+03       0.19316D-02       0.12275D+00       0.40122D+00       0.19061D+00
       0.66600D+03       0.19335D-02       0.82506D-01       0.40121D+00       0.19043D+00
       0.66700D+03       0.19331D-02       0.25944D-01       0.40121D+00       0.19025D+00
       0.66800D+03       0.19330D-02      -0.27682D-02       0.40120D+00       0.19019D+00
       0.66900D+03       0.19306D-02      -0.49809D-01       0.40120D+00       0.18993D+00
       0.67000D+03       0.19283D-02      -0.59434D-01       0.40119D+00       0.18981D+00
       0.67100D+03       0.19253D-02      -0.90121D-01       0.40118D+00       0.18957D+00
       0.67200D+03       0.19218D-02      -0.71228D-01       0.40117D+00       0.18947D+00
       0.67300D+03       0.19184D-02      -0.71542D-01       0.40116D+00       0.18922D+00
       0.67400D+03       0.19160D-02      -0.35633D-01       0.40116D+00       0.18912D+00
       0.67500D+03       0.19139D-02      -0.71508D-02       0.40115D+00       0.18886D+00
       0.67600D+03       0.19137D-02       0.37690D-01       0.40115D+00       0.18876D+00
       0.67700D+03       0.19134D-02       0.83537D-01       0.40114D+00       0.18850D+00
       0.67800D+03       0.19146D-02       0.12925D+00       0.40114D+00       0.18837D+00
       0.67900D+03       0.19163D-02       0.18486D+00       0.40114D+00       0.18810D+00
       0.68000D+03       0.19185D-02       0.22506D+00       0.40114D+00       0.18793D+00
       0.68100D+03       0.19209D-02       0.27957D+00       0.40114D+00       0.18765D+00
       0.68200D+03       0.19241D-02       0.31263D+00       0.40115D+00       0.18792D+00
       0.68300D+03       0.19256D-02       0.35772D+00       0.40115D+00       0.18767D+00
       0.68400D+03       0.19271D-02       0.37770D+00       0.40116D+00       0.18790D+00
       0.68500D+03       0.19268D-02       0.40757D+00       0.40116D+00       0.18817D+00
       0.68600D+03       0.19255D-02       0.40925D+00       0.40117D+00       0.18842D+00
       0.68700D+03       0.19239D-02       0.41925D+00       0.40118D+00       0.18870D+00
       0.68800D+03       0.19222D-02       0.40268D+00       0.40119D+00       0.18895D+00
       0.68900D+03       0.19214D-02       0.39214D+00       0.40119D+00       0.18923D+00
       0.69000D+03       0.19222D-02       0.35792D+00       0.40120D+00       0.18948D+00
       0.69100D+03       0.19232D-02       0.33036D+00       0.40121D+00       0.18974D+00
       0.69200D+03       0.19256D-02       0.28339D+00       0.40121D+00       0.18999D+00
       0.69300D+03       0.19284D-02       0.24402D+00       0.40121D+00       0.18974D+00
       0.69400D+03       0.19299D-02       0.19096D+00       0.40122D+00       0.18999D+00
       0.69500D+03       0.19328D-02       0.14745D+00       0.40122D+00       0.18981D+00
       0.69600D+03       0.19328D-02       0.90582D-01       0.40121D+00       0.18963D+00
       0.69700D+03       0.19341D-02       0.53373D-01       0.40121D+00       0.18947D+00
       0.69800D+03       0.19328D-02      -0.12304D-02       0.40121D+00       0.18922D+00
       0.69900D+03       0.19321D-02      -0.25022D-01       0.40120D+00       0.18917D+00
       0.70000D+03       0.19299D-02      -0.67604D-01       0.40119D+00       0.18893D+00
       0.70100D+03       0.19270D-02      -0.68377D-01       0.40119D+00       0.18883D+00
       0.70200D+03       0.19237D-02      -0.91061D-01       0.40117D+00       0.18859D+00
       0.70300D+03       0.19207D-02      -0.64950D-01       0.40117D+00       0.18850D+00
       0.70400D+03       0.19177D-02      -0.54514D-01       0.40116D+00       0.18826D+00
       0.70500D+03       0.19163D-02      -0.15322D-01       0.40116D+00       0.18817D+00
       0.70600D+03       0.19147D-02       0.19507D-01       0.40115D+00       0.18792D+00
       0.70700D+03       0.19147D-02       0.65793D-01       0.40115D+00       0.18781D+00
       0.70800D+03       0.19152D-02       0.11579D+00       0.40114D+00       0.18756D+00
       0.70900D+03       0.19164D-02       0.15998D+00       0.40114D+00       0.18742D+00
       0.71000D+03       0.19185D-02       0.21641D+00       0.40114D+00       0.18716D+00
       0.71100D+03       0.19209D-02       0.25464D+00       0.40115D+00       0.18739D+00
       0.71200D+03       0.19232D-02       0.30684D+00       0.40115D+00       0.18713D+00
       0.71300D+03       0.19259D-02       0.33654D+00       0.40115D+00       0.18784D+00
       0.71400D+03       0.19267D-02       0.37737D+00       0.40116D+00       0.18760D+00
       0.71500D+03       0.19272D-02       0.39177D+00       0.40117D+00       0.18783D+00
       0.71600D+03       0.19264D-02       0.41565D+00       0.40117D+00       0.18809D+00
       0.71700D+03       0.19246D-02       0.41141D+00       0.40118D+00       0.18832D+00
       0.71800D+03       0.19231D-02       0.41467D+00       0.40118D+00       0.18859D+00
       0.71900D+03       0.19222D-02       0.39231D+00       0.40119D+00       0.18883D+00
       0.72000D+03       0.19219D-02       0.37581D+00       0.40120D+00       0.18910D+00
       0.72100D+03       0.19234D-02       0.33670D+00       0.40121D+00       0.18936D+00
       0.72200D+03       0.19250D-02       0.30475D+00       0.40121D+00       0.18913D+00
       0.72300D+03       0.19273D-02       0.25530D+00       0.40121D+00       0.18986D+00
       0.72400D+03       0.19302D-02       0.21356D+00       0.40121D+00       0.18960D+00
       0.72500D+03       0.19315D-02       0.15914D+00       0.40122D+00       0.19031D+00
       0.72600D+03       0.19339D-02       0.11655D+00       0.40121D+00       0.19015D+00
       0.72700D+03       0.19338D-02       0.59269D-01       0.40121D+00       0.18999D+00
       0.72800D+03       0.19344D-02       0.25757D-01       0.40121D+00       0.18984D+00
