       0.10000D+01       0.61428D-02      -0.73931D-02       0.42670D+00       0.32013D-01
       0.20000D+01       0.12470D-01      -0.30169D-01       0.42682D+00       0.32496D-01
       0.30000D+01       0.94849D-02      -0.41996D-01       0.42706D+00       0.32790D-01
       0.40000D+01       0.82164D-02      -0.62849D-01       0.42725D+00       0.32922D-01
       0.50000D+01       0.11234D-01      -0.81033D-01       0.42748D+00       0.32402D-01
       0.60000D+01       0.11759D-01      -0.10548D+00       0.42767D+00       0.33169D-01
       0.70000D+01       0.96393D-02      -0.10542D+00       0.42785D+00       0.34577D-01
       0.80000D+01       0.86925D-02      -0.11940D+00       0.42799D+00       0.35722D-01
       0.90000D+01       0.88701D-02      -0.15135D+00       0.42814D+00       0.37309D-01
       0.10000D+02       0.78113D-02      -0.17073D+00       0.42831D+00       0.39385D-01
       0.11000D+02       0.68342D-02      -0.17441D+00       0.42847D+00       0.39650D-01
       0.12000D+02       0.63420D-02      -0.17286D+00       0.42860D+00       0.39720D-01
       0.13000D+02       0.62062D-02      -0.16688D+00       0.42869D+00       0.39922D-01
       0.14000D+02       0.62685D-02      -0.16718D+00       0.42878D+00       0.39728D-01
       0.15000D+02       0.62668D-02      -0.16903D+00       0.42888D+00       0.39212D-01
       0.16000D+02       0.64607D-02      -0.15706D+00       0.42896D+00       0.38865D-01
       0.17000D+02       0.69712D-02      -0.12670D+00       0.42901D+00       0.38655D-01
       0.18000D+02       0.69718D-02      -0.11403D+00       0.42903D+00       0.38580D-01
       0.19000D+02       0.68849D-02      -0.11555D+00       0.42905D+00       0.37877D-01
       0.20000D+02       0.68306D-02      -0.10653D+00       0.42906D+00       0.38741D-01
       0.21000D+02       0.67524D-02      -0.10595D+00       0.42906D+00       0.39439D-01
       0.22000D+02       0.66810D-02      -0.11522D+00       0.42907D+00       0.39730D-01
       0.23000D+02       0.65926D-02      -0.11410D+00       0.42908D+00       0.38885D-01
       0.24000D+02       0.65789D-02      -0.12515D+00       0.42909D+00       0.38536D-01
       0.25000D+02       0.69538D-02      -0.15567D+00       0.42912D+00       0.38601D-01
       0.26000D+02       0.71153D-02      -0.16894D+00       0.42916D+00       0.38739D-01
       0.27000D+02       0.70859D-02      -0.16764D+00       0.42920D+00       0.38341D-01
       0.28000D+02       0.70860D-02      -0.16667D+00       0.42923D+00       0.38267D-01
       0.29000D+02       0.69948D-02      -0.17280D+00       0.42925D+00       0.38435D-01
       0.30000D+02       0.67644D-02      -0.17455D+00       0.42927D+00       0.38499D-01
       0.31000D+02       0.64480D-02      -0.17114D+00       0.42930D+00       0.38561D-01
       0.32000D+02       0.62041D-02      -0.15385D+00       0.42932D+00       0.38659D-01
       0.33000D+02       0.63163D-02      -0.12186D+00       0.42932D+00       0.39003D-01
       0.34000D+02       0.63221D-02      -0.10575D+00       0.42931D+00       0.39176D-01
       0.35000D+02       0.61677D-02      -0.10649D+00       0.42930D+00       0.39015D-01
       0.36000D+02       0.63225D-02      -0.83597D-01       0.42928D+00       0.38839D-01
       0.37000D+02       0.66166D-02      -0.67058D-01       0.42926D+00       0.38744D-01
       0.38000D+02       0.66289D-02      -0.44505D-01       0.42922D+00       0.38510D-01
       0.39000D+02       0.66247D-02      -0.34188D-01       0.42918D+00       0.38548D-01
       0.40000D+02       0.67661D-02      -0.11066D-01       0.42912D+00       0.38192D-01
       0.41000D+02       0.68737D-02      -0.26340D-02       0.42906D+00       0.38290D-01
       0.42000D+02       0.69630D-02      -0.89975D-02       0.42901D+00       0.38164D-01
       0.43000D+02       0.71051D-02      -0.31247D-01       0.42896D+00       0.38450D-01
       0.44000D+02       0.70910D-02      -0.44567D-01       0.42893D+00       0.38336D-01
       0.45000D+02       0.70565D-02      -0.62933D-01       0.42890D+00       0.38229D-01
       0.46000D+02       0.72723D-02      -0.83359D-01       0.42889D+00       0.38054D-01
       0.47000D+02       0.74363D-02      -0.10927D+00       0.42888D+00       0.38026D-01
       0.48000D+02       0.72984D-02      -0.11014D+00       0.42888D+00       0.38132D-01
       0.49000D+02       0.72124D-02      -0.12199D+00       0.42889D+00       0.38243D-01
       0.50000D+02       0.72841D-02      -0.15385D+00       0.42889D+00       0.38474D-01
       0.51000D+02       0.71474D-02      -0.17528D+00       0.42891D+00       0.38853D-01
       0.52000D+02       0.69493D-02      -0.17920D+00       0.42893D+00       0.38920D-01
       0.53000D+02       0.68226D-02      -0.17788D+00       0.42895D+00       0.38950D-01
       0.54000D+02       0.67679D-02      -0.17214D+00       0.42897D+00       0.39014D-01
       0.55000D+02       0.67752D-02      -0.17169D+00       0.42899D+00       0.39080D-01
       0.56000D+02       0.67717D-02      -0.17404D+00       0.42901D+00       0.39054D-01
       0.57000D+02       0.68149D-02      -0.16333D+00       0.42903D+00       0.38962D-01
       0.58000D+02       0.69717D-02      -0.13342D+00       0.42905D+00       0.38899D-01
       0.59000D+02       0.69766D-02      -0.11907D+00       0.42905D+00       0.38871D-01
       0.60000D+02       0.69466D-02      -0.12081D+00       0.42906D+00       0.38642D-01
       0.61000D+02       0.69259D-02      -0.11219D+00       0.42906D+00       0.38794D-01
       0.62000D+02       0.69005D-02      -0.11044D+00       0.42906D+00       0.39019D-01
       0.63000D+02       0.68767D-02      -0.11984D+00       0.42906D+00       0.39123D-01
       0.64000D+02       0.68457D-02      -0.11928D+00       0.42907D+00       0.38804D-01
       0.65000D+02       0.68344D-02      -0.12877D+00       0.42907D+00       0.38667D-01
       0.66000D+02       0.69594D-02      -0.15914D+00       0.42908D+00       0.38690D-01
       0.67000D+02       0.70263D-02      -0.17375D+00       0.42910D+00       0.38769D-01
       0.68000D+02       0.70180D-02      -0.17306D+00       0.42912D+00       0.38603D-01
       0.69000D+02       0.70178D-02      -0.17149D+00       0.42913D+00       0.38568D-01
       0.70000D+02       0.69867D-02      -0.17768D+00       0.42914D+00       0.38631D-01
       0.71000D+02       0.68937D-02      -0.17962D+00       0.42915D+00       0.38655D-01
       0.72000D+02       0.67562D-02      -0.17652D+00       0.42916D+00       0.38680D-01
       0.73000D+02       0.66341D-02      -0.16128D+00       0.42917D+00       0.38723D-01
       0.74000D+02       0.66679D-02      -0.12926D+00       0.42918D+00       0.38831D-01
       0.75000D+02       0.66844D-02      -0.11105D+00       0.42917D+00       0.38939D-01
       0.76000D+02       0.66047D-02      -0.11222D+00       0.42917D+00       0.38929D-01
       0.77000D+02       0.66564D-02      -0.90936D-01       0.42916D+00       0.38849D-01
       0.78000D+02       0.68049D-02      -0.75165D-01       0.42915D+00       0.38803D-01
       0.79000D+02       0.68203D-02      -0.51364D-01       0.42914D+00       0.38782D-01
       0.80000D+02       0.68069D-02      -0.42596D-01       0.42912D+00       0.38795D-01
       0.81000D+02       0.68793D-02      -0.19297D-01       0.42909D+00       0.38614D-01
       0.82000D+02       0.69368D-02      -0.98083D-02       0.42906D+00       0.38660D-01
       0.83000D+02       0.69781D-02      -0.15148D-01       0.42904D+00       0.38537D-01
       0.84000D+02       0.70509D-02      -0.36681D-01       0.42901D+00       0.38730D-01
       0.85000D+02       0.70485D-02      -0.51468D-01       0.42899D+00       0.38668D-01
       0.86000D+02       0.70269D-02      -0.66526D-01       0.42898D+00       0.38610D-01
       0.87000D+02       0.71191D-02      -0.89459D-01       0.42897D+00       0.38464D-01
       0.88000D+02       0.72167D-02      -0.11670D+00       0.42897D+00       0.38441D-01
       0.89000D+02       0.71531D-02      -0.11870D+00       0.42897D+00       0.38494D-01
       0.90000D+02       0.71017D-02      -0.12849D+00       0.42896D+00       0.38548D-01
       0.91000D+02       0.71419D-02      -0.16014D+00       0.42897D+00       0.38669D-01
       0.92000D+02       0.70800D-02      -0.18348D+00       0.42898D+00       0.38872D-01
       0.93000D+02       0.69693D-02      -0.18767D+00       0.42899D+00       0.38909D-01
       0.94000D+02       0.68945D-02      -0.18659D+00       0.42900D+00       0.38926D-01
       0.95000D+02       0.68575D-02      -0.18115D+00       0.42901D+00       0.38924D-01
       0.96000D+02       0.68615D-02      -0.17995D+00       0.42902D+00       0.38963D-01
       0.97000D+02       0.68578D-02      -0.18271D+00       0.42903D+00       0.38948D-01
       0.98000D+02       0.68794D-02      -0.17322D+00       0.42904D+00       0.38896D-01
       0.99000D+02       0.69737D-02      -0.14404D+00       0.42905D+00       0.38860D-01
       0.10000D+03       0.69797D-02      -0.12796D+00       0.42905D+00       0.38843D-01
       0.10100D+03       0.69625D-02      -0.12976D+00       0.42906D+00       0.38706D-01
       0.10200D+03       0.69497D-02      -0.12164D+00       0.42906D+00       0.38799D-01
       0.10300D+03       0.69345D-02      -0.11876D+00       0.42906D+00       0.38986D-01
       0.10400D+03       0.69204D-02      -0.12815D+00       0.42906D+00       0.39066D-01
       0.10500D+03       0.69020D-02      -0.12826D+00       0.42906D+00       0.38910D-01
       0.10600D+03       0.68931D-02      -0.13628D+00       0.42907D+00       0.38816D-01
       0.10700D+03       0.69630D-02      -0.16618D+00       0.42907D+00       0.38828D-01
       0.10800D+03       0.70087D-02      -0.18219D+00       0.42908D+00       0.38876D-01
       0.10900D+03       0.70059D-02      -0.18217D+00       0.42909D+00       0.38805D-01
       0.11000D+03       0.70057D-02      -0.18006D+00       0.42910D+00       0.38780D-01
       0.11100D+03       0.69888D-02      -0.18620D+00       0.42911D+00       0.38816D-01
       0.11200D+03       0.69320D-02      -0.18836D+00       0.42912D+00       0.38828D-01
       0.11300D+03       0.68450D-02      -0.18562D+00       0.42912D+00       0.38843D-01
       0.11400D+03       0.67615D-02      -0.17232D+00       0.42913D+00       0.38870D-01
       0.11500D+03       0.67762D-02      -0.14029D+00       0.42913D+00       0.38949D-01
       0.11600D+03       0.67935D-02      -0.12006D+00       0.42913D+00       0.39022D-01
       0.11700D+03       0.67402D-02      -0.12141D+00       0.42913D+00       0.39133D-01
       0.11800D+03       0.67619D-02      -0.10174D+00       0.42913D+00       0.39079D-01
       0.11900D+03       0.68624D-02      -0.85812D-01       0.42912D+00       0.39049D-01
       0.12000D+03       0.68762D-02      -0.60926D-01       0.42911D+00       0.39015D-01
       0.12100D+03       0.68654D-02      -0.53728D-01       0.42910D+00       0.39038D-01
       0.12200D+03       0.69102D-02      -0.30413D-01       0.42908D+00       0.38914D-01
       0.12300D+03       0.69512D-02      -0.19835D-01       0.42906D+00       0.38944D-01
       0.12400D+03       0.69769D-02      -0.24157D-01       0.42904D+00       0.38855D-01
       0.12500D+03       0.70256D-02      -0.44800D-01       0.42903D+00       0.38910D-01
       0.12600D+03       0.70271D-02      -0.60998D-01       0.42901D+00       0.38867D-01
       0.12700D+03       0.70103D-02      -0.72493D-01       0.42900D+00       0.38826D-01
       0.12800D+03       0.70668D-02      -0.97862D-01       0.42900D+00       0.38736D-01
       0.12900D+03       0.71406D-02      -0.12608D+00       0.42900D+00       0.38714D-01
       0.13000D+03       0.71014D-02      -0.12944D+00       0.42899D+00       0.38749D-01
       0.13100D+03       0.70625D-02      -0.13727D+00       0.42899D+00       0.38784D-01
       0.13200D+03       0.70893D-02      -0.16856D+00       0.42900D+00       0.38864D-01
       0.13300D+03       0.70558D-02      -0.19364D+00       0.42900D+00       0.38998D-01
       0.13400D+03       0.69787D-02      -0.19815D+00       0.42901D+00       0.39023D-01
       0.13500D+03       0.69246D-02      -0.19734D+00       0.42902D+00       0.39034D-01
       0.13600D+03       0.68951D-02      -0.19227D+00       0.42902D+00       0.39033D-01
       0.13700D+03       0.68967D-02      -0.19030D+00       0.42903D+00       0.39038D-01
       0.13800D+03       0.68935D-02      -0.19339D+00       0.42904D+00       0.39021D-01
       0.13900D+03       0.69061D-02      -0.18508D+00       0.42905D+00       0.38984D-01
       0.14000D+03       0.69718D-02      -0.15688D+00       0.42905D+00       0.38960D-01
       0.14100D+03       0.69799D-02      -0.13904D+00       0.42906D+00       0.38967D-01
       0.14200D+03       0.69694D-02      -0.14067D+00       0.42906D+00       0.38895D-01
       0.14300D+03       0.69603D-02      -0.13318D+00       0.42906D+00       0.38961D-01
       0.14400D+03       0.69497D-02      -0.12920D+00       0.42906D+00       0.39094D-01
       0.14500D+03       0.69396D-02      -0.13844D+00       0.42906D+00       0.39149D-01
       0.14600D+03       0.69267D-02      -0.13935D+00       0.42906D+00       0.39037D-01
       0.14700D+03       0.69191D-02      -0.14593D+00       0.42906D+00       0.39050D-01
       0.14800D+03       0.69653D-02      -0.17508D+00       0.42907D+00       0.39057D-01
       0.14900D+03       0.70004D-02      -0.19252D+00       0.42908D+00       0.39089D-01
       0.15000D+03       0.70001D-02      -0.19324D+00       0.42908D+00       0.39038D-01
       0.15100D+03       0.69998D-02      -0.19069D+00       0.42909D+00       0.39017D-01
       0.15200D+03       0.69892D-02      -0.19668D+00       0.42909D+00       0.39030D-01
       0.15300D+03       0.69494D-02      -0.19907D+00       0.42910D+00       0.39037D-01
       0.15400D+03       0.68862D-02      -0.19674D+00       0.42911D+00       0.39047D-01
       0.15500D+03       0.68222D-02      -0.18520D+00       0.42911D+00       0.39065D-01
       0.15600D+03       0.68280D-02      -0.15323D+00       0.42911D+00       0.39122D-01
       0.15700D+03       0.68457D-02      -0.13109D+00       0.42911D+00       0.39179D-01
       0.15800D+03       0.68066D-02      -0.13236D+00       0.42911D+00       0.39288D-01
       0.15900D+03       0.68139D-02      -0.11437D+00       0.42911D+00       0.39247D-01
       0.16000D+03       0.68903D-02      -0.97420D-01       0.42911D+00       0.39223D-01
       0.16100D+03       0.69087D-02      -0.71481D-01       0.42910D+00       0.39196D-01
       0.16200D+03       0.68994D-02      -0.65741D-01       0.42909D+00       0.39210D-01
       0.16300D+03       0.69300D-02      -0.42587D-01       0.42908D+00       0.39118D-01
       0.16400D+03       0.69626D-02      -0.30880D-01       0.42906D+00       0.39012D-01
       0.16500D+03       0.69807D-02      -0.34185D-01       0.42905D+00       0.38941D-01
       0.16600D+03       0.70169D-02      -0.53794D-01       0.42904D+00       0.38979D-01
       0.16700D+03       0.70245D-02      -0.71338D-01       0.42903D+00       0.38946D-01
       0.16800D+03       0.70080D-02      -0.79659D-01       0.42902D+00       0.38918D-01
       0.16900D+03       0.70462D-02      -0.10707D+00       0.42901D+00       0.38854D-01
       0.17000D+03       0.71074D-02      -0.13566D+00       0.42901D+00       0.38861D-01
       0.17100D+03       0.70809D-02      -0.14061D+00       0.42901D+00       0.38887D-01
       0.17200D+03       0.70489D-02      -0.14661D+00       0.42901D+00       0.38912D-01
       0.17300D+03       0.70679D-02      -0.17734D+00       0.42901D+00       0.38991D-01
       0.17400D+03       0.70492D-02      -0.20401D+00       0.42901D+00       0.39088D-01
       0.17500D+03       0.69900D-02      -0.20892D+00       0.42902D+00       0.39161D-01
       0.17600D+03       0.69469D-02      -0.20842D+00       0.42903D+00       0.39169D-01
       0.17700D+03       0.69217D-02      -0.20374D+00       0.42903D+00       0.39168D-01
       0.17800D+03       0.69228D-02      -0.20103D+00       0.42904D+00       0.39171D-01
       0.17900D+03       0.69201D-02      -0.20435D+00       0.42904D+00       0.39157D-01
       0.18000D+03       0.69281D-02      -0.19720D+00       0.42905D+00       0.39129D-01
       0.18100D+03       0.69773D-02      -0.17017D+00       0.42905D+00       0.39110D-01
       0.18200D+03       0.69856D-02      -0.15057D+00       0.42906D+00       0.39085D-01
       0.18300D+03       0.69776D-02      -0.15178D+00       0.42906D+00       0.39029D-01
       0.18400D+03       0.69704D-02      -0.14501D+00       0.42906D+00       0.38928D-01
       0.18500D+03       0.69622D-02      -0.13999D+00       0.42906D+00       0.39046D-01
       0.18600D+03       0.69544D-02      -0.14895D+00       0.42906D+00       0.39096D-01
       0.18700D+03       0.69446D-02      -0.15072D+00       0.42906D+00       0.39009D-01
       0.18800D+03       0.69380D-02      -0.15589D+00       0.42906D+00       0.39021D-01
       0.18900D+03       0.69695D-02      -0.18404D+00       0.42907D+00       0.39026D-01
       0.19000D+03       0.69998D-02      -0.20296D+00       0.42907D+00       0.39052D-01
       0.19100D+03       0.70009D-02      -0.20448D+00       0.42908D+00       0.39012D-01
       0.19200D+03       0.70005D-02      -0.20157D+00       0.42908D+00       0.38995D-01
       0.19300D+03       0.69937D-02      -0.20730D+00       0.42909D+00       0.39004D-01
       0.19400D+03       0.69635D-02      -0.20995D+00       0.42909D+00       0.39009D-01
       0.19500D+03       0.69144D-02      -0.20806D+00       0.42910D+00       0.39017D-01
       0.19600D+03       0.68624D-02      -0.19809D+00       0.42910D+00       0.39020D-01
       0.19700D+03       0.68629D-02      -0.16632D+00       0.42910D+00       0.39013D-01
       0.19800D+03       0.68775D-02      -0.14240D+00       0.42910D+00       0.39037D-01
       0.19900D+03       0.68468D-02      -0.14330D+00       0.42910D+00       0.39125D-01
       0.20000D+03       0.68462D-02      -0.12712D+00       0.42910D+00       0.39129D-01
       0.20100D+03       0.69078D-02      -0.10835D+00       0.42910D+00       0.39111D-01
       0.20200D+03       0.69251D-02      -0.81365D-01       0.42909D+00       0.39056D-01
       0.20300D+03       0.69169D-02      -0.76790D-01       0.42908D+00       0.39059D-01
       0.20400D+03       0.69388D-02      -0.53983D-01       0.42907D+00       0.38992D-01
       0.20500D+03       0.69666D-02      -0.41116D-01       0.42906D+00       0.38911D-01
       0.20600D+03       0.69802D-02      -0.43406D-01       0.42905D+00       0.38854D-01
       0.20700D+03       0.70084D-02      -0.61868D-01       0.42904D+00       0.38948D-01
       0.20800D+03       0.70165D-02      -0.80691D-01       0.42903D+00       0.38924D-01
       0.20900D+03       0.70030D-02      -0.86667D-01       0.42903D+00       0.38918D-01
       0.21000D+03       0.70303D-02      -0.11544D+00       0.42902D+00       0.38867D-01
       0.21100D+03       0.70827D-02      -0.14355D+00       0.42902D+00       0.38891D-01
       0.21200D+03       0.70649D-02      -0.15030D+00       0.42902D+00       0.38986D-01
       0.21300D+03       0.70374D-02      -0.15461D+00       0.42902D+00       0.39006D-01
       0.21400D+03       0.70514D-02      -0.18457D+00       0.42902D+00       0.39068D-01
       0.21500D+03       0.70416D-02      -0.21267D+00       0.42902D+00       0.39133D-01
       0.21600D+03       0.69935D-02      -0.21811D+00       0.42903D+00       0.39193D-01
       0.21700D+03       0.69573D-02      -0.21797D+00       0.42903D+00       0.39199D-01
       0.21800D+03       0.69362D-02      -0.21370D+00       0.42904D+00       0.39207D-01
       0.21900D+03       0.69366D-02      -0.21028D+00       0.42904D+00       0.39210D-01
       0.22000D+03       0.69344D-02      -0.21375D+00       0.42904D+00       0.39198D-01
       0.22100D+03       0.69399D-02      -0.20772D+00       0.42905D+00       0.39181D-01
       0.22200D+03       0.69777D-02      -0.18200D+00       0.42905D+00       0.39169D-01
       0.22300D+03       0.69876D-02      -0.16066D+00       0.42906D+00       0.39148D-01
       0.22400D+03       0.69812D-02      -0.16115D+00       0.42906D+00       0.39113D-01
       0.22500D+03       0.69751D-02      -0.15518D+00       0.42906D+00       0.39044D-01
       0.22600D+03       0.69686D-02      -0.14920D+00       0.42906D+00       0.39126D-01
       0.22700D+03       0.69621D-02      -0.15774D+00       0.42906D+00       0.39166D-01
       0.22800D+03       0.69543D-02      -0.16042D+00       0.42906D+00       0.39095D-01
       0.22900D+03       0.69485D-02      -0.16422D+00       0.42906D+00       0.39106D-01
       0.23000D+03       0.69709D-02      -0.19115D+00       0.42906D+00       0.39128D-01
       0.23100D+03       0.69984D-02      -0.21157D+00       0.42907D+00       0.39147D-01
       0.23200D+03       0.70001D-02      -0.21397D+00       0.42907D+00       0.39115D-01
       0.23300D+03       0.69994D-02      -0.21077D+00       0.42908D+00       0.39100D-01
       0.23400D+03       0.69951D-02      -0.21616D+00       0.42908D+00       0.39106D-01
       0.23500D+03       0.69714D-02      -0.21910D+00       0.42908D+00       0.39109D-01
       0.23600D+03       0.69316D-02      -0.21767D+00       0.42909D+00       0.39115D-01
       0.23700D+03       0.68884D-02      -0.20904D+00       0.42909D+00       0.39141D-01
       0.23800D+03       0.68852D-02      -0.17764D+00       0.42909D+00       0.39138D-01
       0.23900D+03       0.68999D-02      -0.15209D+00       0.42909D+00       0.39156D-01
       0.24000D+03       0.68752D-02      -0.15232D+00       0.42909D+00       0.39224D-01
       0.24100D+03       0.68700D-02      -0.13814D+00       0.42909D+00       0.39227D-01
       0.24200D+03       0.69212D-02      -0.11702D+00       0.42909D+00       0.39212D-01
       0.24300D+03       0.69378D-02      -0.89035D-01       0.42909D+00       0.39171D-01
       0.24400D+03       0.69305D-02      -0.85205D-01       0.42908D+00       0.39140D-01
       0.24500D+03       0.69467D-02      -0.62929D-01       0.42907D+00       0.39086D-01
       0.24600D+03       0.69712D-02      -0.48879D-01       0.42906D+00       0.39018D-01
       0.24700D+03       0.69822D-02      -0.50160D-01       0.42905D+00       0.38968D-01
       0.24800D+03       0.70047D-02      -0.67400D-01       0.42904D+00       0.39046D-01
       0.24900D+03       0.70132D-02      -0.87407D-01       0.42904D+00       0.39025D-01
       0.25000D+03       0.70021D-02      -0.91871D-01       0.42903D+00       0.39021D-01
       0.25100D+03       0.70220D-02      -0.12118D+00       0.42903D+00       0.38979D-01
       0.25200D+03       0.70676D-02      -0.14801D+00       0.42903D+00       0.38997D-01
       0.25300D+03       0.70557D-02      -0.15673D+00       0.42902D+00       0.39055D-01
       0.25400D+03       0.70314D-02      -0.15951D+00       0.42902D+00       0.39071D-01
       0.25500D+03       0.70415D-02      -0.18849D+00       0.42902D+00       0.39122D-01
       0.25600D+03       0.70375D-02      -0.21781D+00       0.42903D+00       0.39143D-01
       0.25700D+03       0.69969D-02      -0.22391D+00       0.42903D+00       0.39211D-01
       0.25800D+03       0.69653D-02      -0.22418D+00       0.42904D+00       0.39216D-01
       0.25900D+03       0.69462D-02      -0.22032D+00       0.42904D+00       0.39217D-01
       0.26000D+03       0.69458D-02      -0.21625D+00       0.42904D+00       0.39220D-01
       0.26100D+03       0.69442D-02      -0.21976D+00       0.42905D+00       0.39210D-01
       0.26200D+03       0.69477D-02      -0.21481D+00       0.42905D+00       0.39196D-01
       0.26300D+03       0.69772D-02      -0.19050D+00       0.42905D+00       0.39197D-01
       0.26400D+03       0.69883D-02      -0.16748D+00       0.42906D+00       0.39179D-01
       0.26500D+03       0.69830D-02      -0.16696D+00       0.42906D+00       0.39149D-01
       0.26600D+03       0.69778D-02      -0.16187D+00       0.42906D+00       0.39091D-01
       0.26700D+03       0.69723D-02      -0.15503D+00       0.42906D+00       0.39160D-01
       0.26800D+03       0.69668D-02      -0.16301D+00       0.42906D+00       0.39194D-01
       0.26900D+03       0.69603D-02      -0.16663D+00       0.42906D+00       0.39133D-01
       0.27000D+03       0.69550D-02      -0.16910D+00       0.42906D+00       0.39144D-01
       0.27100D+03       0.69712D-02      -0.19462D+00       0.42906D+00       0.39162D-01
       0.27200D+03       0.69958D-02      -0.21656D+00       0.42907D+00       0.39178D-01
       0.27300D+03       0.69984D-02      -0.21990D+00       0.42907D+00       0.39151D-01
       0.27400D+03       0.69974D-02      -0.21651D+00       0.42907D+00       0.39138D-01
       0.27500D+03       0.69948D-02      -0.22145D+00       0.42908D+00       0.39142D-01
       0.27600D+03       0.69756D-02      -0.22472D+00       0.42908D+00       0.39144D-01
       0.27700D+03       0.69426D-02      -0.22375D+00       0.42908D+00       0.39149D-01
       0.27800D+03       0.69054D-02      -0.21626D+00       0.42909D+00       0.39171D-01
       0.27900D+03       0.68995D-02      -0.18546D+00       0.42909D+00       0.39169D-01
       0.28000D+03       0.69140D-02      -0.15845D+00       0.42909D+00       0.39186D-01
       0.28100D+03       0.68924D-02      -0.15770D+00       0.42909D+00       0.39246D-01
       0.28200D+03       0.68854D-02      -0.14563D+00       0.42909D+00       0.39274D-01
       0.28300D+03       0.69287D-02      -0.12205D+00       0.42908D+00       0.39261D-01
       0.28400D+03       0.69450D-02      -0.93234D-01       0.42908D+00       0.39227D-01
       0.28500D+03       0.69384D-02      -0.89646D-01       0.42908D+00       0.39199D-01
       0.28600D+03       0.69506D-02      -0.68092D-01       0.42907D+00       0.39180D-01
       0.28700D+03       0.69689D-02      -0.52831D-01       0.42906D+00       0.39142D-01
       0.28800D+03       0.69782D-02      -0.53120D-01       0.42905D+00       0.39156D-01
       0.28900D+03       0.69967D-02      -0.69109D-01       0.42905D+00       0.39223D-01
       0.29000D+03       0.70058D-02      -0.90146D-01       0.42904D+00       0.39204D-01
       0.29100D+03       0.69988D-02      -0.93864D-01       0.42904D+00       0.39189D-01
       0.29200D+03       0.70133D-02      -0.12301D+00       0.42903D+00       0.39144D-01
       0.29300D+03       0.70535D-02      -0.14793D+00       0.42903D+00       0.39159D-01
       0.29400D+03       0.70462D-02      -0.15875D+00       0.42903D+00       0.39189D-01
       0.29500D+03       0.70246D-02      -0.16019D+00       0.42903D+00       0.39185D-01
       0.29600D+03       0.70318D-02      -0.18798D+00       0.42903D+00       0.39228D-01
       0.29700D+03       0.70316D-02      -0.21831D+00       0.42903D+00       0.39245D-01
       0.29800D+03       0.69966D-02      -0.22523D+00       0.42903D+00       0.39303D-01
       0.29900D+03       0.69662D-02      -0.22593D+00       0.42904D+00       0.39307D-01
       0.30000D+03       0.69505D-02      -0.22246D+00       0.42904D+00       0.39308D-01
       0.30100D+03       0.69494D-02      -0.21781D+00       0.42904D+00       0.39310D-01
       0.30200D+03       0.69482D-02      -0.22128D+00       0.42905D+00       0.39302D-01
       0.30300D+03       0.69502D-02      -0.21736D+00       0.42905D+00       0.39272D-01
       0.30400D+03       0.69734D-02      -0.19453D+00       0.42905D+00       0.39273D-01
       0.30500D+03       0.69861D-02      -0.16990D+00       0.42906D+00       0.39256D-01
       0.30600D+03       0.69814D-02      -0.16819D+00       0.42906D+00       0.39230D-01
       0.30700D+03       0.69767D-02      -0.16402D+00       0.42906D+00       0.39180D-01
       0.30800D+03       0.69720D-02      -0.15642D+00       0.42906D+00       0.39228D-01
       0.30900D+03       0.69672D-02      -0.16372D+00       0.42906D+00       0.39292D-01
       0.31000D+03       0.69617D-02      -0.16827D+00       0.42906D+00       0.39240D-01
       0.31100D+03       0.69568D-02      -0.16947D+00       0.42906D+00       0.39249D-01
       0.31200D+03       0.69672D-02      -0.19346D+00       0.42906D+00       0.39244D-01
       0.31300D+03       0.69902D-02      -0.21690D+00       0.42906D+00       0.39257D-01
       0.31400D+03       0.69940D-02      -0.22124D+00       0.42907D+00       0.39234D-01
       0.31500D+03       0.69930D-02      -0.21774D+00       0.42907D+00       0.39222D-01
       0.31600D+03       0.69916D-02      -0.22216D+00       0.42907D+00       0.39224D-01
       0.31700D+03       0.69758D-02      -0.22579D+00       0.42908D+00       0.39225D-01
       0.31800D+03       0.69479D-02      -0.22527D+00       0.42908D+00       0.39229D-01
       0.31900D+03       0.69153D-02      -0.21871D+00       0.42908D+00       0.39245D-01
       0.32000D+03       0.69068D-02      -0.18876D+00       0.42908D+00       0.39246D-01
       0.32100D+03       0.69203D-02      -0.16046D+00       0.42908D+00       0.39257D-01
       0.32200D+03       0.69024D-02      -0.15849D+00       0.42908D+00       0.39310D-01
       0.32300D+03       0.68934D-02      -0.14855D+00       0.42908D+00       0.39333D-01
       0.32400D+03       0.69302D-02      -0.12277D+00       0.42908D+00       0.39320D-01
       0.32500D+03       0.69464D-02      -0.93493D-01       0.42908D+00       0.39290D-01
       0.32600D+03       0.69401D-02      -0.89553D-01       0.42907D+00       0.39265D-01
       0.32700D+03       0.69497D-02      -0.68918D-01       0.42907D+00       0.39248D-01
       0.32800D+03       0.69665D-02      -0.52413D-01       0.42906D+00       0.39215D-01
       0.32900D+03       0.69746D-02      -0.51718D-01       0.42905D+00       0.39253D-01
       0.33000D+03       0.69900D-02      -0.66475D-01       0.42905D+00       0.39294D-01
       0.33100D+03       0.69994D-02      -0.88350D-01       0.42904D+00       0.39276D-01
       0.33200D+03       0.69935D-02      -0.91971D-01       0.42904D+00       0.39264D-01
       0.33300D+03       0.70045D-02      -0.12047D+00       0.42904D+00       0.39225D-01
       0.33400D+03       0.70404D-02      -0.14305D+00       0.42903D+00       0.39235D-01
       0.33500D+03       0.70369D-02      -0.15600D+00       0.42903D+00       0.39229D-01
       0.33600D+03       0.70174D-02      -0.15631D+00       0.42903D+00       0.39225D-01
       0.33700D+03       0.70221D-02      -0.18274D+00       0.42903D+00       0.39262D-01
       0.33800D+03       0.70257D-02      -0.21382D+00       0.42903D+00       0.39289D-01
       0.33900D+03       0.69950D-02      -0.22176D+00       0.42904D+00       0.39340D-01
       0.34000D+03       0.69675D-02      -0.22291D+00       0.42904D+00       0.39346D-01
       0.34100D+03       0.69529D-02      -0.21979D+00       0.42904D+00       0.39348D-01
       0.34200D+03       0.69511D-02      -0.21465D+00       0.42904D+00       0.39350D-01
       0.34300D+03       0.69503D-02      -0.21797D+00       0.42905D+00       0.39343D-01
       0.34400D+03       0.69513D-02      -0.21503D+00       0.42905D+00       0.39316D-01
       0.34500D+03       0.69704D-02      -0.19371D+00       0.42905D+00       0.39316D-01
       0.34600D+03       0.69848D-02      -0.16759D+00       0.42906D+00       0.39314D-01
       0.34700D+03       0.69809D-02      -0.16458D+00       0.42906D+00       0.39291D-01
       0.34800D+03       0.69764D-02      -0.16135D+00       0.42906D+00       0.39246D-01
       0.34900D+03       0.69724D-02      -0.15312D+00       0.42906D+00       0.39280D-01
       0.35000D+03       0.69680D-02      -0.15962D+00       0.42906D+00       0.39299D-01
       0.35100D+03       0.69633D-02      -0.16508D+00       0.42906D+00       0.39285D-01
       0.35200D+03       0.69589D-02      -0.16516D+00       0.42906D+00       0.39294D-01
       0.35300D+03       0.69660D-02      -0.18749D+00       0.42906D+00       0.39289D-01
       0.35400D+03       0.69879D-02      -0.21239D+00       0.42906D+00       0.39300D-01
       0.35500D+03       0.69923D-02      -0.21778D+00       0.42907D+00       0.39307D-01
       0.35600D+03       0.69912D-02      -0.21428D+00       0.42907D+00       0.39296D-01
       0.35700D+03       0.69905D-02      -0.21808D+00       0.42907D+00       0.39298D-01
       0.35800D+03       0.69774D-02      -0.22211D+00       0.42907D+00       0.39297D-01
       0.35900D+03       0.69535D-02      -0.22202D+00       0.42908D+00       0.39301D-01
       0.36000D+03       0.69246D-02      -0.21621D+00       0.42908D+00       0.39309D-01
       0.36100D+03       0.69147D-02      -0.18736D+00       0.42908D+00       0.39310D-01
       0.36200D+03       0.69273D-02      -0.15796D+00       0.42908D+00       0.39321D-01
       0.36300D+03       0.69124D-02      -0.15456D+00       0.42908D+00       0.39373D-01
       0.36400D+03       0.69021D-02      -0.14667D+00       0.42908D+00       0.39377D-01
       0.36500D+03       0.69337D-02      -0.11923D+00       0.42908D+00       0.39365D-01
       0.36600D+03       0.69503D-02      -0.90049D-01       0.42908D+00       0.39342D-01
       0.36700D+03       0.69429D-02      -0.85060D-01       0.42907D+00       0.39327D-01
       0.36800D+03       0.69502D-02      -0.65526D-01       0.42907D+00       0.39312D-01
       0.36900D+03       0.69658D-02      -0.47775D-01       0.42906D+00       0.39281D-01
       0.37000D+03       0.69732D-02      -0.46080D-01       0.42906D+00       0.39315D-01
       0.37100D+03       0.69889D-02      -0.59640D-01       0.42905D+00       0.39352D-01
       0.37200D+03       0.69985D-02      -0.82157D-01       0.42904D+00       0.39341D-01
       0.37300D+03       0.69936D-02      -0.86239D-01       0.42904D+00       0.39330D-01
       0.37400D+03       0.70019D-02      -0.11382D+00       0.42904D+00       0.39295D-01
       0.37500D+03       0.70340D-02      -0.13393D+00       0.42904D+00       0.39303D-01
       0.37600D+03       0.70337D-02      -0.14896D+00       0.42903D+00       0.39298D-01
       0.37700D+03       0.70161D-02      -0.14842D+00       0.42903D+00       0.39293D-01
       0.37800D+03       0.70187D-02      -0.17331D+00       0.42903D+00       0.39325D-01
       0.37900D+03       0.70239D-02      -0.20489D+00       0.42904D+00       0.39347D-01
       0.38000D+03       0.69964D-02      -0.21404D+00       0.42904D+00       0.39377D-01
       0.38100D+03       0.69714D-02      -0.21567D+00       0.42904D+00       0.39383D-01
       0.38200D+03       0.69576D-02      -0.21285D+00       0.42904D+00       0.39384D-01
       0.38300D+03       0.69552D-02      -0.20731D+00       0.42905D+00       0.39386D-01
       0.38400D+03       0.69548D-02      -0.21040D+00       0.42905D+00       0.39380D-01
       0.38500D+03       0.69550D-02      -0.20837D+00       0.42905D+00       0.39356D-01
       0.38600D+03       0.69706D-02      -0.18857D+00       0.42905D+00       0.39356D-01
       0.38700D+03       0.69856D-02      -0.16111D+00       0.42906D+00       0.39353D-01
       0.38800D+03       0.69823D-02      -0.15676D+00       0.42906D+00       0.39332D-01
       0.38900D+03       0.69782D-02      -0.15445D+00       0.42906D+00       0.39291D-01
       0.39000D+03       0.69746D-02      -0.14573D+00       0.42906D+00       0.39322D-01
       0.39100D+03       0.69706D-02      -0.15132D+00       0.42906D+00       0.39346D-01
       0.39200D+03       0.69665D-02      -0.15763D+00       0.42906D+00       0.39326D-01
       0.39300D+03       0.69625D-02      -0.15680D+00       0.42906D+00       0.39335D-01
       0.39400D+03       0.69671D-02      -0.17743D+00       0.42906D+00       0.39330D-01
       0.39500D+03       0.69880D-02      -0.20371D+00       0.42906D+00       0.39336D-01
       0.39600D+03       0.69927D-02      -0.21019D+00       0.42907D+00       0.39342D-01
       0.39700D+03       0.69915D-02      -0.20677D+00       0.42907D+00       0.39329D-01
       0.39800D+03       0.69913D-02      -0.20991D+00       0.42907D+00       0.39329D-01
       0.39900D+03       0.69802D-02      -0.21435D+00       0.42907D+00       0.39332D-01
       0.40000D+03       0.69596D-02      -0.21464D+00       0.42907D+00       0.39335D-01
       0.40100D+03       0.69336D-02      -0.20944D+00       0.42908D+00       0.39338D-01
       0.40200D+03       0.69226D-02      -0.18190D+00       0.42908D+00       0.39343D-01
       0.40300D+03       0.69341D-02      -0.15160D+00       0.42908D+00       0.39354D-01
       0.40400D+03       0.69217D-02      -0.14661D+00       0.42908D+00       0.39402D-01
       0.40500D+03       0.69108D-02      -0.14063D+00       0.42908D+00       0.39409D-01
       0.40600D+03       0.69377D-02      -0.11221D+00       0.42908D+00       0.39395D-01
       0.40700D+03       0.69545D-02      -0.83900D-01       0.42907D+00       0.39375D-01
       0.40800D+03       0.69479D-02      -0.77061D-01       0.42907D+00       0.39357D-01
       0.40900D+03       0.69534D-02      -0.58756D-01       0.42907D+00       0.39344D-01
       0.41000D+03       0.69679D-02      -0.39810D-01       0.42906D+00       0.39318D-01
       0.41100D+03       0.69749D-02      -0.37102D-01       0.42906D+00       0.39330D-01
       0.41200D+03       0.69884D-02      -0.49487D-01       0.42905D+00       0.39363D-01
       0.41300D+03       0.69982D-02      -0.72460D-01       0.42905D+00       0.39350D-01
       0.41400D+03       0.69941D-02      -0.77468D-01       0.42904D+00       0.39343D-01
       0.41500D+03       0.70003D-02      -0.10402D+00       0.42904D+00       0.39309D-01
       0.41600D+03       0.70289D-02      -0.12196D+00       0.42904D+00       0.39294D-01
       0.41700D+03       0.70312D-02      -0.13891D+00       0.42904D+00       0.39289D-01
       0.41800D+03       0.70152D-02      -0.13781D+00       0.42904D+00       0.39285D-01
       0.41900D+03       0.70160D-02      -0.16102D+00       0.42904D+00       0.39313D-01
       0.42000D+03       0.70223D-02      -0.19290D+00       0.42904D+00       0.39352D-01
       0.42100D+03       0.69979D-02      -0.20348D+00       0.42904D+00       0.39401D-01
       0.42200D+03       0.69749D-02      -0.20556D+00       0.42904D+00       0.39407D-01
       0.42300D+03       0.69618D-02      -0.20302D+00       0.42904D+00       0.39408D-01
       0.42400D+03       0.69589D-02      -0.19717D+00       0.42905D+00       0.39411D-01
       0.42500D+03       0.69587D-02      -0.19994D+00       0.42905D+00       0.39405D-01
       0.42600D+03       0.69584D-02      -0.19876D+00       0.42905D+00       0.39384D-01
       0.42700D+03       0.69710D-02      -0.18045D+00       0.42905D+00       0.39383D-01
       0.42800D+03       0.69864D-02      -0.15186D+00       0.42906D+00       0.39380D-01
       0.42900D+03       0.69837D-02      -0.14611D+00       0.42906D+00       0.39361D-01
       0.43000D+03       0.69798D-02      -0.14470D+00       0.42906D+00       0.39323D-01
       0.43100D+03       0.69766D-02      -0.13561D+00       0.42906D+00       0.39351D-01
       0.43200D+03       0.69729D-02      -0.14021D+00       0.42906D+00       0.39366D-01
       0.43300D+03       0.69692D-02      -0.14729D+00       0.42906D+00       0.39452D-01
       0.43400D+03       0.69655D-02      -0.14588D+00       0.42906D+00       0.39435D-01
       0.43500D+03       0.69686D-02      -0.16475D+00       0.42906D+00       0.39431D-01
       0.43600D+03       0.69880D-02      -0.19229D+00       0.42906D+00       0.39433D-01
       0.43700D+03       0.69931D-02      -0.19991D+00       0.42906D+00       0.39439D-01
       0.43800D+03       0.69920D-02      -0.19667D+00       0.42907D+00       0.39426D-01
       0.43900D+03       0.69919D-02      -0.19908D+00       0.42907D+00       0.39426D-01
       0.44000D+03       0.69822D-02      -0.20392D+00       0.42907D+00       0.39424D-01
       0.44100D+03       0.69642D-02      -0.20456D+00       0.42907D+00       0.39426D-01
       0.44200D+03       0.69407D-02      -0.19982D+00       0.42907D+00       0.39429D-01
       0.44300D+03       0.69287D-02      -0.17379D+00       0.42908D+00       0.39434D-01
       0.44400D+03       0.69384D-02      -0.14280D+00       0.42908D+00       0.39457D-01
       0.44500D+03       0.69288D-02      -0.13607D+00       0.42908D+00       0.39502D-01
       0.44600D+03       0.69176D-02      -0.13180D+00       0.42908D+00       0.39488D-01
       0.44700D+03       0.69402D-02      -0.10327D+00       0.42907D+00       0.39478D-01
       0.44800D+03       0.69561D-02      -0.76636D-01       0.42907D+00       0.39459D-01
       0.44900D+03       0.69520D-02      -0.67096D-01       0.42907D+00       0.39439D-01
       0.45000D+03       0.69545D-02      -0.50098D-01       0.42907D+00       0.39440D-01
       0.45100D+03       0.69680D-02      -0.30048D-01       0.42906D+00       0.39417D-01
       0.45200D+03       0.69747D-02      -0.26324D-01       0.42906D+00       0.39410D-01
       0.45300D+03       0.69862D-02      -0.37560D-01       0.42905D+00       0.39401D-01
       0.45400D+03       0.69961D-02      -0.60803D-01       0.42905D+00       0.39388D-01
       0.45500D+03       0.69927D-02      -0.67120D-01       0.42904D+00       0.39382D-01
       0.45600D+03       0.69958D-02      -0.92625D-01       0.42904D+00       0.39364D-01
       0.45700D+03       0.70214D-02      -0.10905D+00       0.42904D+00       0.39347D-01
       0.45800D+03       0.70258D-02      -0.12775D+00       0.42904D+00       0.39343D-01
       0.45900D+03       0.70116D-02      -0.12641D+00       0.42904D+00       0.39339D-01
       0.46000D+03       0.70120D-02      -0.14778D+00       0.42904D+00       0.39375D-01
       0.46100D+03       0.70190D-02      -0.17979D+00       0.42904D+00       0.39390D-01
       0.46200D+03       0.69974D-02      -0.19203D+00       0.42904D+00       0.39433D-01
       0.46300D+03       0.69761D-02      -0.19453D+00       0.42904D+00       0.39439D-01
       0.46400D+03       0.69636D-02      -0.19224D+00       0.42905D+00       0.39441D-01
       0.46500D+03       0.69603D-02      -0.18617D+00       0.42905D+00       0.39443D-01
       0.46600D+03       0.69603D-02      -0.18855D+00       0.42905D+00       0.39438D-01
       0.46700D+03       0.69596D-02      -0.18814D+00       0.42905D+00       0.39418D-01
       0.46800D+03       0.69698D-02      -0.17130D+00       0.42905D+00       0.39412D-01
       0.46900D+03       0.69857D-02      -0.14180D+00       0.42906D+00       0.39404D-01
       0.47000D+03       0.69835D-02      -0.13464D+00       0.42906D+00       0.39386D-01
       0.47100D+03       0.69799D-02      -0.13407D+00       0.42906D+00       0.39374D-01
       0.47200D+03       0.69770D-02      -0.12475D+00       0.42906D+00       0.39399D-01
       0.47300D+03       0.69735D-02      -0.12828D+00       0.42906D+00       0.39413D-01
       0.47400D+03       0.69702D-02      -0.13605D+00       0.42906D+00       0.39427D-01
       0.47500D+03       0.69662D-02      -0.13432D+00       0.42906D+00       0.39414D-01
       0.47600D+03       0.69682D-02      -0.15143D+00       0.42906D+00       0.39392D-01
       0.47700D+03       0.69867D-02      -0.18006D+00       0.42906D+00       0.39395D-01
       0.47800D+03       0.69917D-02      -0.18885D+00       0.42906D+00       0.39400D-01
       0.47900D+03       0.69908D-02      -0.18588D+00       0.42907D+00       0.39389D-01
       0.48000D+03       0.69907D-02      -0.18754D+00       0.42907D+00       0.39388D-01
       0.48100D+03       0.69826D-02      -0.19277D+00       0.42907D+00       0.39386D-01
       0.48200D+03       0.69666D-02      -0.19370D+00       0.42907D+00       0.39388D-01
       0.48300D+03       0.69452D-02      -0.18933D+00       0.42907D+00       0.39390D-01
       0.48400D+03       0.69324D-02      -0.16495D+00       0.42907D+00       0.39395D-01
       0.48500D+03       0.69409D-02      -0.13349D+00       0.42908D+00       0.39417D-01
       0.48600D+03       0.69334D-02      -0.12486D+00       0.42907D+00       0.39459D-01
       0.48700D+03       0.69221D-02      -0.12209D+00       0.42907D+00       0.39447D-01
       0.48800D+03       0.69408D-02      -0.94214D-01       0.42907D+00       0.39433D-01
       0.48900D+03       0.69569D-02      -0.69820D-01       0.42907D+00       0.39416D-01
       0.49000D+03       0.69540D-02      -0.56866D-01       0.42907D+00       0.39396D-01
       0.49100D+03       0.69555D-02      -0.41242D-01       0.42907D+00       0.39398D-01
       0.49200D+03       0.69679D-02      -0.20213D-01       0.42906D+00       0.39378D-01
       0.49300D+03       0.69746D-02      -0.15472D-01       0.42906D+00       0.39372D-01
       0.49400D+03       0.69845D-02      -0.25596D-01       0.42905D+00       0.39360D-01
       0.49500D+03       0.69944D-02      -0.48924D-01       0.42905D+00       0.39347D-01
       0.49600D+03       0.69916D-02      -0.56765D-01       0.42904D+00       0.39342D-01
       0.49700D+03       0.69934D-02      -0.81213D-01       0.42904D+00       0.39344D-01
       0.49800D+03       0.70162D-02      -0.96967D-01       0.42904D+00       0.39328D-01
       0.49900D+03       0.70227D-02      -0.11731D+00       0.42904D+00       0.39324D-01
       0.50000D+03       0.70098D-02      -0.11600D+00       0.42904D+00       0.39321D-01
       0.50100D+03       0.70087D-02      -0.13541D+00       0.42904D+00       0.39348D-01
       0.50200D+03       0.70159D-02      -0.16745D+00       0.42904D+00       0.39360D-01
       0.50300D+03       0.69969D-02      -0.18153D+00       0.42904D+00       0.39399D-01
       0.50400D+03       0.69771D-02      -0.18442D+00       0.42904D+00       0.39405D-01
       0.50500D+03       0.69652D-02      -0.18235D+00       0.42905D+00       0.39406D-01
       0.50600D+03       0.69617D-02      -0.17618D+00       0.42905D+00       0.39412D-01
       0.50700D+03       0.69617D-02      -0.17807D+00       0.42905D+00       0.39407D-01
       0.50800D+03       0.69607D-02      -0.17838D+00       0.42905D+00       0.39390D-01
       0.50900D+03       0.69689D-02      -0.16295D+00       0.42905D+00       0.39389D-01
       0.51000D+03       0.69849D-02      -0.13282D+00       0.42906D+00       0.39382D-01
       0.51100D+03       0.69832D-02      -0.12420D+00       0.42906D+00       0.39366D-01
       0.51200D+03       0.69795D-02      -0.12438D+00       0.42906D+00       0.39354D-01
       0.51300D+03       0.69771D-02      -0.11497D+00       0.42906D+00       0.39373D-01
       0.51400D+03       0.69739D-02      -0.11739D+00       0.42906D+00       0.39394D-01
       0.51500D+03       0.69709D-02      -0.12573D+00       0.42906D+00       0.39407D-01
       0.51600D+03       0.69673D-02      -0.12393D+00       0.42906D+00       0.39395D-01
       0.51700D+03       0.69681D-02      -0.13929D+00       0.42906D+00       0.39380D-01
       0.51800D+03       0.69852D-02      -0.16881D+00       0.42906D+00       0.39382D-01
       0.51900D+03       0.69906D-02      -0.17880D+00       0.42906D+00       0.39388D-01
       0.52000D+03       0.69898D-02      -0.17620D+00       0.42907D+00       0.39377D-01
       0.52100D+03       0.69900D-02      -0.17708D+00       0.42907D+00       0.39382D-01
       0.52200D+03       0.69833D-02      -0.18265D+00       0.42907D+00       0.39380D-01
       0.52300D+03       0.69691D-02      -0.18384D+00       0.42907D+00       0.39382D-01
       0.52400D+03       0.69495D-02      -0.17976D+00       0.42907D+00       0.39383D-01
       0.52500D+03       0.69361D-02      -0.15719D+00       0.42907D+00       0.39388D-01
       0.52600D+03       0.69432D-02      -0.12543D+00       0.42907D+00       0.39408D-01
       0.52700D+03       0.69378D-02      -0.11481D+00       0.42907D+00       0.39416D-01
       0.52800D+03       0.69267D-02      -0.11330D+00       0.42907D+00       0.39405D-01
       0.52900D+03       0.69424D-02      -0.86581D-01       0.42907D+00       0.39394D-01
       0.53000D+03       0.69605D-02      -0.64691D-01       0.42907D+00       0.39386D-01
       0.53100D+03       0.69581D-02      -0.48202D-01       0.42907D+00       0.39368D-01
       0.53200D+03       0.69588D-02      -0.34015D-01       0.42907D+00       0.39369D-01
       0.53300D+03       0.69702D-02      -0.12163D-01       0.42906D+00       0.39340D-01
       0.53400D+03       0.69768D-02      -0.64020D-02       0.42906D+00       0.39335D-01
       0.53500D+03       0.69853D-02      -0.15452D-01       0.42905D+00       0.39324D-01
       0.53600D+03       0.69950D-02      -0.38698D-01       0.42905D+00       0.39313D-01
       0.53700D+03       0.69928D-02      -0.48111D-01       0.42905D+00       0.39306D-01
       0.53800D+03       0.69937D-02      -0.71431D-01       0.42904D+00       0.39308D-01
       0.53900D+03       0.70140D-02      -0.87404D-01       0.42904D+00       0.39291D-01
       0.54000D+03       0.70225D-02      -0.10935D+00       0.42904D+00       0.39287D-01
       0.54100D+03       0.70106D-02      -0.10833D+00       0.42904D+00       0.39293D-01
       0.54200D+03       0.70081D-02      -0.12568D+00       0.42904D+00       0.39318D-01
       0.54300D+03       0.70153D-02      -0.15769D+00       0.42904D+00       0.39326D-01
       0.54400D+03       0.69988D-02      -0.17376D+00       0.42904D+00       0.39362D-01
       0.54500D+03       0.69804D-02      -0.17700D+00       0.42905D+00       0.39367D-01
       0.54600D+03       0.69690D-02      -0.17513D+00       0.42905D+00       0.39369D-01
       0.54700D+03       0.69650D-02      -0.16896D+00       0.42905D+00       0.39375D-01
       0.54800D+03       0.69651D-02      -0.17029D+00       0.42905D+00       0.39370D-01
       0.54900D+03       0.69640D-02      -0.17124D+00       0.42905D+00       0.39357D-01
       0.55000D+03       0.69705D-02      -0.15719D+00       0.42906D+00       0.39356D-01
       0.55100D+03       0.69863D-02      -0.12672D+00       0.42906D+00       0.39349D-01
       0.55200D+03       0.69852D-02      -0.11659D+00       0.42906D+00       0.39345D-01
       0.55300D+03       0.69817D-02      -0.11740D+00       0.42906D+00       0.39333D-01
       0.55400D+03       0.69795D-02      -0.10804D+00       0.42906D+00       0.39351D-01
       0.55500D+03       0.69765D-02      -0.10931D+00       0.42906D+00       0.39378D-01
       0.55600D+03       0.69738D-02      -0.11811D+00       0.42906D+00       0.39390D-01
       0.55700D+03       0.69704D-02      -0.11644D+00       0.42906D+00       0.39394D-01
       0.55800D+03       0.69704D-02      -0.13009D+00       0.42906D+00       0.39379D-01
       0.55900D+03       0.69859D-02      -0.16022D+00       0.42906D+00       0.39381D-01
       0.56000D+03       0.69915D-02      -0.17145D+00       0.42906D+00       0.39386D-01
       0.56100D+03       0.69909D-02      -0.16929D+00       0.42906D+00       0.39376D-01
       0.56200D+03       0.69911D-02      -0.16943D+00       0.42907D+00       0.39370D-01
       0.56300D+03       0.69856D-02      -0.17528D+00       0.42907D+00       0.39378D-01
       0.56400D+03       0.69729D-02      -0.17670D+00       0.42907D+00       0.39380D-01
       0.56500D+03       0.69548D-02      -0.17287D+00       0.42907D+00       0.39382D-01
       0.56600D+03       0.69411D-02      -0.15228D+00       0.42907D+00       0.39386D-01
       0.56700D+03       0.69469D-02      -0.12037D+00       0.42907D+00       0.39405D-01
       0.56800D+03       0.69433D-02      -0.10765D+00       0.42907D+00       0.39413D-01
       0.56900D+03       0.69325D-02      -0.10718D+00       0.42907D+00       0.39404D-01
       0.57000D+03       0.69450D-02      -0.81864D-01       0.42907D+00       0.39392D-01
       0.57100D+03       0.69629D-02      -0.62414D-01       0.42907D+00       0.39384D-01
       0.57200D+03       0.69614D-02      -0.42908D-01       0.42907D+00       0.39367D-01
       0.57300D+03       0.69615D-02      -0.30203D-01       0.42907D+00       0.39369D-01
       0.57400D+03       0.69719D-02      -0.77132D-02       0.42906D+00       0.39342D-01
