       0.10000D+01       0.83148D-05       0.53468D-01       0.43274D+00       0.10540D-01
       0.20000D+01       0.37891D-04       0.23894D-01       0.43279D+00       0.13331D-01
       0.30000D+01       0.81440D-04       0.43786D-01       0.43114D+00       0.17763D-01
       0.40000D+01       0.80155D-04       0.32525D-01       0.43295D+00       0.11479D+00
       0.50000D+01       0.10534D-03       0.26863D-01       0.43190D+00       0.95767D-01
       0.60000D+01       0.10309D-03       0.48269D-01       0.43225D+00       0.14743D+00
       0.70000D+01       0.93808D-04       0.37194D-02       0.43206D+00       0.18804D+00
       0.80000D+01       0.12108D-03       0.58463D-01       0.43238D+00       0.16590D+00
       0.90000D+01       0.12180D-03       0.24123D-01       0.43228D+00       0.14943D+00
       0.10000D+02       0.11610D-03       0.54488D-01       0.43191D+00       0.13827D+00
       0.11000D+02       0.12854D-03       0.23600D-01       0.43244D+00       0.16127D+00
       0.12000D+02       0.12870D-03       0.35332D-01       0.43208D+00       0.14905D+00
       0.13000D+02       0.12547D-03       0.43536D-01       0.43228D+00       0.16953D+00
       0.14000D+02       0.11900D-03       0.13108D-01       0.43207D+00       0.16168D+00
       0.15000D+02       0.13445D-03       0.59649D-01       0.43236D+00       0.15197D+00
       0.16000D+02       0.13195D-03       0.23907D-01       0.43221D+00       0.14348D+00
       0.17000D+02       0.12711D-03       0.59542D-01       0.43207D+00       0.13615D+00
       0.18000D+02       0.14205D-03       0.13777D-01       0.43231D+00       0.13110D+00
       0.19000D+02       0.13601D-03       0.43168D-01       0.43215D+00       0.12475D+00
       0.20000D+02       0.13375D-03       0.35919D-01       0.43228D+00       0.13915D+00
       0.21000D+02       0.13318D-03       0.23038D-01       0.43209D+00       0.13576D+00
       0.22000D+02       0.13889D-03       0.55001D-01       0.43234D+00       0.14746D+00
       0.23000D+02       0.13579D-03       0.24120D-01       0.43218D+00       0.14132D+00
       0.24000D+02       0.13352D-03       0.58681D-01       0.43215D+00       0.13699D+00
       0.25000D+02       0.14313D-03       0.41858D-02       0.43225D+00       0.13219D+00
       0.26000D+02       0.13802D-03       0.47984D-01       0.43220D+00       0.12805D+00
       0.27000D+02       0.13716D-03       0.27272D-01       0.43226D+00       0.13806D+00
       0.28000D+02       0.13857D-03       0.31908D-01       0.43210D+00       0.13576D+00
       0.29000D+02       0.13771D-03       0.44549D-01       0.43232D+00       0.14473D+00
       0.30000D+02       0.13735D-03       0.23881D-01       0.43217D+00       0.14012D+00
       0.31000D+02       0.13672D-03       0.53828D-01       0.43219D+00       0.13657D+00
       0.32000D+02       0.13779D-03       0.15352D-04       0.43221D+00       0.13296D+00
       0.33000D+02       0.13702D-03       0.53108D-01       0.43222D+00       0.12924D+00
       0.34000D+02       0.13741D-03       0.23919D-01       0.43224D+00       0.12591D+00
       0.35000D+02       0.13726D-03       0.43022D-01       0.43212D+00       0.12308D+00
       0.36000D+02       0.13624D-03       0.33153D-01       0.43229D+00       0.13092D+00
       0.37000D+02       0.13737D-03       0.26482D-01       0.43217D+00       0.12791D+00
       0.38000D+02       0.13669D-03       0.48558D-01       0.43221D+00       0.13522D+00
       0.39000D+02       0.13387D-03       0.32773D-02       0.43218D+00       0.14279D+00
       0.40000D+02       0.13823D-03       0.58229D-01       0.43224D+00       0.13950D+00
       0.41000D+02       0.13815D-03       0.24122D-01       0.43222D+00       0.13653D+00
       0.42000D+02       0.13631D-03       0.53950D-01       0.43214D+00       0.13418D+00
       0.43000D+02       0.13896D-03       0.24156D-01       0.43227D+00       0.14017D+00
       0.44000D+02       0.13881D-03       0.34741D-01       0.43217D+00       0.13750D+00
       0.45000D+02       0.13784D-03       0.43891D-01       0.43223D+00       0.14368D+00
       0.46000D+02       0.13533D-03       0.12439D-01       0.43217D+00       0.14184D+00
       0.47000D+02       0.14007D-03       0.59732D-01       0.43225D+00       0.13918D+00
       0.48000D+02       0.13916D-03       0.23911D-01       0.43221D+00       0.13661D+00
       0.49000D+02       0.13734D-03       0.59412D-01       0.43216D+00       0.13419D+00
       0.50000D+02       0.14242D-03       0.14445D-01       0.43225D+00       0.13153D+00
       0.51000D+02       0.14023D-03       0.42785D-01       0.43219D+00       0.12915D+00
       0.52000D+02       0.13932D-03       0.36499D-01       0.43223D+00       0.13461D+00
       0.53000D+02       0.13880D-03       0.22468D-01       0.43216D+00       0.13334D+00
       0.54000D+02       0.14123D-03       0.55488D-01       0.43226D+00       0.13815D+00
       0.55000D+02       0.13985D-03       0.24114D-01       0.43220D+00       0.13576D+00
       0.56000D+02       0.13876D-03       0.58883D-01       0.43218D+00       0.13400D+00
       0.57000D+02       0.14301D-03       0.46757D-02       0.43223D+00       0.13195D+00
       0.58000D+02       0.14065D-03       0.47702D-01       0.43220D+00       0.13010D+00
       0.59000D+02       0.14023D-03       0.27705D-01       0.43223D+00       0.13465D+00
       0.60000D+02       0.14080D-03       0.31304D-01       0.43216D+00       0.13363D+00
       0.61000D+02       0.14050D-03       0.45308D-01       0.43226D+00       0.13793D+00
       0.62000D+02       0.14020D-03       0.23880D-01       0.43219D+00       0.13581D+00
       0.63000D+02       0.13984D-03       0.54188D-01       0.43220D+00       0.13413D+00
       0.64000D+02       0.14051D-03       0.61337D-04       0.43221D+00       0.13241D+00
       0.65000D+02       0.13990D-03       0.52749D-01       0.43221D+00       0.13053D+00
       0.66000D+02       0.14008D-03       0.23959D-01       0.43223D+00       0.12880D+00
       0.67000D+02       0.14001D-03       0.42258D-01       0.43216D+00       0.12804D+00
       0.68000D+02       0.13937D-03       0.33795D-01       0.43225D+00       0.13211D+00
       0.69000D+02       0.13988D-03       0.26127D-01       0.43218D+00       0.13048D+00
       0.70000D+02       0.13952D-03       0.48852D-01       0.43221D+00       0.13441D+00
       0.71000D+02       0.13800D-03       0.28605D-02       0.43219D+00       0.13857D+00
       0.72000D+02       0.14023D-03       0.57979D-01       0.43222D+00       0.13685D+00
       0.73000D+02       0.14021D-03       0.24115D-01       0.43222D+00       0.13522D+00
       0.74000D+02       0.13916D-03       0.53388D-01       0.43217D+00       0.13390D+00
       0.75000D+02       0.14051D-03       0.24708D-01       0.43224D+00       0.13734D+00
       0.76000D+02       0.14046D-03       0.34147D-01       0.43219D+00       0.13583D+00
       0.77000D+02       0.13990D-03       0.44232D-01       0.43222D+00       0.13946D+00
       0.78000D+02       0.13833D-03       0.11773D-01       0.43218D+00       0.13843D+00
       0.79000D+02       0.14120D-03       0.59792D-01       0.43223D+00       0.13684D+00
       0.80000D+02       0.14068D-03       0.23918D-01       0.43221D+00       0.13535D+00
       0.81000D+02       0.13954D-03       0.59257D-01       0.43218D+00       0.13390D+00
       0.82000D+02       0.14254D-03       0.15112D-01       0.43223D+00       0.13227D+00
       0.83000D+02       0.14129D-03       0.42387D-01       0.43219D+00       0.13091D+00
       0.84000D+02       0.14071D-03       0.37071D-01       0.43222D+00       0.13427D+00
       0.85000D+02       0.14029D-03       0.21892D-01       0.43218D+00       0.13348D+00
       0.86000D+02       0.14191D-03       0.55949D-01       0.43224D+00       0.13650D+00
       0.87000D+02       0.14102D-03       0.24103D-01       0.43220D+00       0.13501D+00
       0.88000D+02       0.14027D-03       0.59066D-01       0.43219D+00       0.13390D+00
       0.89000D+02       0.14306D-03       0.51877D-02       0.43222D+00       0.13259D+00
       0.90000D+02       0.14150D-03       0.47423D-01       0.43220D+00       0.13119D+00
       0.91000D+02       0.14121D-03       0.28163D-01       0.43222D+00       0.13414D+00
       0.92000D+02       0.14156D-03       0.30711D-01       0.43217D+00       0.13347D+00
       0.93000D+02       0.14144D-03       0.46062D-01       0.43224D+00       0.13629D+00
       0.94000D+02       0.14118D-03       0.23888D-01       0.43220D+00       0.13491D+00
       0.95000D+02       0.14092D-03       0.54546D-01       0.43220D+00       0.13375D+00
       0.96000D+02       0.14150D-03       0.13790D-03       0.43221D+00       0.13261D+00
       0.97000D+02       0.14095D-03       0.52393D-01       0.43221D+00       0.13134D+00
       0.98000D+02       0.14106D-03       0.24016D-01       0.43222D+00       0.13017D+00
       0.99000D+02       0.14105D-03       0.41497D-01       0.43217D+00       0.12964D+00
       0.10000D+03       0.14056D-03       0.34450D-01       0.43224D+00       0.13239D+00
       0.10100D+03       0.14087D-03       0.25800D-01       0.43219D+00       0.13128D+00
       0.10200D+03       0.14063D-03       0.49151D-01       0.43221D+00       0.13050D+00
       0.10300D+03       0.13963D-03       0.24697D-02       0.43220D+00       0.12973D+00
       0.10400D+03       0.14106D-03       0.57715D-01       0.43222D+00       0.12863D+00
       0.10500D+03       0.14107D-03       0.24105D-01       0.43221D+00       0.12758D+00
       0.10600D+03       0.14035D-03       0.52803D-01       0.43218D+00       0.12673D+00
       0.10700D+03       0.14119D-03       0.25255D-01       0.43223D+00       0.12921D+00
       0.10800D+03       0.14119D-03       0.33552D-01       0.43219D+00       0.12822D+00
       0.10900D+03       0.14081D-03       0.44562D-01       0.43221D+00       0.13085D+00
       0.11000D+03       0.13965D-03       0.11112D-01       0.43219D+00       0.13019D+00
       0.11100D+03       0.14170D-03       0.59830D-01       0.43223D+00       0.12914D+00
       0.11200D+03       0.14135D-03       0.23929D-01       0.43221D+00       0.12815D+00
       0.11300D+03       0.14052D-03       0.59077D-01       0.43218D+00       0.12732D+00
       0.11400D+03       0.14263D-03       0.15774D-01       0.43222D+00       0.12681D+00
       0.11500D+03       0.14176D-03       0.41973D-01       0.43220D+00       0.12587D+00
       0.11600D+03       0.14134D-03       0.37633D-01       0.43222D+00       0.12835D+00
       0.11700D+03       0.14097D-03       0.21306D-01       0.43219D+00       0.12783D+00
       0.11800D+03       0.14222D-03       0.56384D-01       0.43223D+00       0.13329D+00
       0.11900D+03       0.14156D-03       0.24089D-01       0.43220D+00       0.13223D+00
       0.12000D+03       0.14098D-03       0.59232D-01       0.43219D+00       0.13145D+00
       0.12100D+03       0.14308D-03       0.57209D-02       0.43222D+00       0.13050D+00
       0.12200D+03       0.14191D-03       0.47144D-01       0.43220D+00       0.12948D+00
       0.12300D+03       0.14169D-03       0.28643D-01       0.43222D+00       0.13168D+00
       0.12400D+03       0.14193D-03       0.30129D-01       0.43218D+00       0.13120D+00
       0.12500D+03       0.14190D-03       0.46810D-01       0.43223D+00       0.13332D+00
       0.12600D+03       0.14167D-03       0.23904D-01       0.43220D+00       0.13231D+00
       0.12700D+03       0.14146D-03       0.54901D-01       0.43220D+00       0.13146D+00
       0.12800D+03       0.14200D-03       0.24499D-03       0.43221D+00       0.13062D+00
       0.12900D+03       0.14161D-03       0.52040D-01       0.43221D+00       0.12968D+00
       0.13000D+03       0.14157D-03       0.24092D-01       0.43222D+00       0.12881D+00
       0.13100D+03       0.14159D-03       0.40739D-01       0.43218D+00       0.12842D+00
       0.13200D+03       0.14119D-03       0.35118D-01       0.43223D+00       0.13052D+00
       0.13300D+03       0.14140D-03       0.25501D-01       0.43220D+00       0.12968D+00
       0.13400D+03       0.14123D-03       0.49456D-01       0.43221D+00       0.12910D+00
       0.13500D+03       0.14052D-03       0.21057D-02       0.43220D+00       0.12852D+00
       0.13600D+03       0.14152D-03       0.57436D-01       0.43222D+00       0.12770D+00
       0.13700D+03       0.14154D-03       0.24090D-01       0.43221D+00       0.12689D+00
       0.13800D+03       0.14101D-03       0.52194D-01       0.43218D+00       0.12625D+00
       0.13900D+03       0.14157D-03       0.25800D-01       0.43223D+00       0.12816D+00
       0.14000D+03       0.14160D-03       0.32959D-01       0.43220D+00       0.12740D+00
       0.14100D+03       0.14131D-03       0.44881D-01       0.43221D+00       0.12944D+00
       0.14200D+03       0.14039D-03       0.10455D-01       0.43219D+00       0.12894D+00
       0.14300D+03       0.14200D-03       0.59844D-01       0.43222D+00       0.12813D+00
       0.14400D+03       0.14174D-03       0.23942D-01       0.43221D+00       0.12737D+00
       0.14500D+03       0.14109D-03       0.58873D-01       0.43219D+00       0.12673D+00
       0.14600D+03       0.14267D-03       0.16432D-01       0.43222D+00       0.12634D+00
       0.14700D+03       0.14204D-03       0.41542D-01       0.43220D+00       0.12560D+00
       0.14800D+03       0.14171D-03       0.38183D-01       0.43222D+00       0.12755D+00
       0.14900D+03       0.14137D-03       0.20712D-01       0.43219D+00       0.12714D+00
       0.15000D+03       0.14241D-03       0.56793D-01       0.43223D+00       0.12642D+00
       0.15100D+03       0.14189D-03       0.24072D-01       0.43220D+00       0.12562D+00
       0.15200D+03       0.14142D-03       0.59379D-01       0.43220D+00       0.12505D+00
       0.15300D+03       0.14321D-03       0.62739D-02       0.43222D+00       0.12434D+00
       0.15400D+03       0.14227D-03       0.46866D-01       0.43220D+00       0.12358D+00
       0.15500D+03       0.14209D-03       0.29144D-01       0.43222D+00       0.12536D+00
       0.15600D+03       0.14226D-03       0.29556D-01       0.43219D+00       0.12502D+00
       0.15700D+03       0.14229D-03       0.47548D-01       0.43223D+00       0.12674D+00
       0.15800D+03       0.14208D-03       0.23924D-01       0.43220D+00       0.12598D+00
       0.15900D+03       0.14191D-03       0.55251D-01       0.43220D+00       0.12534D+00
       0.16000D+03       0.14244D-03       0.38240D-03       0.43221D+00       0.12464D+00
       0.16100D+03       0.14205D-03       0.51690D-01       0.43221D+00       0.12393D+00
       0.16200D+03       0.14201D-03       0.24189D-01       0.43221D+00       0.12327D+00
       0.16300D+03       0.14200D-03       0.39988D-01       0.43219D+00       0.12298D+00
       0.16400D+03       0.14166D-03       0.35799D-01       0.43223D+00       0.12470D+00
       0.16500D+03       0.14179D-03       0.25231D-01       0.43220D+00       0.12406D+00
       0.16600D+03       0.14166D-03       0.49766D-01       0.43221D+00       0.12363D+00
       0.16700D+03       0.14112D-03       0.17692D-02       0.43220D+00       0.12319D+00
       0.16800D+03       0.14186D-03       0.57145D-01       0.43221D+00       0.12256D+00
       0.16900D+03       0.14186D-03       0.24071D-01       0.43221D+00       0.12195D+00
       0.17000D+03       0.14144D-03       0.51564D-01       0.43219D+00       0.12145D+00
       0.17100D+03       0.14184D-03       0.26344D-01       0.43222D+00       0.12303D+00
       0.17200D+03       0.14189D-03       0.32370D-01       0.43220D+00       0.12244D+00
       0.17300D+03       0.14165D-03       0.45190D-01       0.43221D+00       0.12414D+00
       0.17400D+03       0.14089D-03       0.98069D-02       0.43220D+00       0.12375D+00
       0.17500D+03       0.14220D-03       0.59837D-01       0.43222D+00       0.12313D+00
       0.17600D+03       0.14202D-03       0.23959D-01       0.43221D+00       0.12253D+00
       0.17700D+03       0.14148D-03       0.58643D-01       0.43219D+00       0.12203D+00
       0.17800D+03       0.14273D-03       0.17083D-01       0.43222D+00       0.12183D+00
       0.17900D+03       0.14224D-03       0.41096D-01       0.43220D+00       0.12125D+00
       0.18000D+03       0.14196D-03       0.38720D-01       0.43221D+00       0.12288D+00
       0.18100D+03       0.14165D-03       0.20109D-01       0.43219D+00       0.12256D+00
       0.18200D+03       0.14255D-03       0.57174D-01       0.43222D+00       0.12199D+00
       0.18300D+03       0.14212D-03       0.24053D-01       0.43220D+00       0.12136D+00
       0.18400D+03       0.14172D-03       0.59506D-01       0.43220D+00       0.12092D+00
       0.18500D+03       0.14322D-03       0.68455D-02       0.43221D+00       0.12035D+00
       0.18600D+03       0.14245D-03       0.46587D-01       0.43220D+00       0.11974D+00
       0.18700D+03       0.14228D-03       0.29664D-01       0.43221D+00       0.12124D+00
       0.18800D+03       0.14241D-03       0.28991D-01       0.43219D+00       0.12097D+00
       0.18900D+03       0.14249D-03       0.48275D-01       0.43222D+00       0.12243D+00
       0.19000D+03       0.14229D-03       0.23948D-01       0.43220D+00       0.12182D+00
       0.19100D+03       0.14215D-03       0.55596D-01       0.43220D+00       0.12131D+00
       0.19200D+03       0.14266D-03       0.54997D-03       0.43221D+00       0.12075D+00
       0.19300D+03       0.14236D-03       0.51346D-01       0.43221D+00       0.12021D+00
       0.19400D+03       0.14232D-03       0.24308D-01       0.43221D+00       0.11976D+00
       0.19500D+03       0.14234D-03       0.39243D-01       0.43219D+00       0.11954D+00
       0.19600D+03       0.14204D-03       0.36493D-01       0.43222D+00       0.12099D+00
       0.19700D+03       0.14213D-03       0.24988D-01       0.43220D+00       0.12047D+00
       0.19800D+03       0.14202D-03       0.50083D-01       0.43221D+00       0.12013D+00
       0.19900D+03       0.14160D-03       0.14607D-02       0.43220D+00       0.11978D+00
       0.20000D+03       0.14216D-03       0.56842D-01       0.43221D+00       0.11927D+00
       0.20100D+03       0.14218D-03       0.24048D-01       0.43221D+00       0.11877D+00
       0.20200D+03       0.14188D-03       0.50914D-01       0.43219D+00       0.11837D+00
       0.20300D+03       0.14218D-03       0.26889D-01       0.43222D+00       0.11972D+00
       0.20400D+03       0.14224D-03       0.31787D-01       0.43220D+00       0.11923D+00
       0.20500D+03       0.14205D-03       0.45492D-01       0.43221D+00       0.12063D+00
       0.20600D+03       0.14138D-03       0.91676D-02       0.43220D+00       0.12032D+00
       0.20700D+03       0.14249D-03       0.59808D-01       0.43222D+00       0.11981D+00
       0.20800D+03       0.14235D-03       0.23977D-01       0.43221D+00       0.11932D+00
       0.20900D+03       0.14189D-03       0.58388D-01       0.43219D+00       0.11892D+00
       0.21000D+03       0.14291D-03       0.17728D-01       0.43222D+00       0.11876D+00
       0.21100D+03       0.14252D-03       0.40632D-01       0.43220D+00       0.11828D+00
       0.21200D+03       0.14228D-03       0.39243D-01       0.43221D+00       0.11968D+00
       0.21300D+03       0.14198D-03       0.19497D-01       0.43220D+00       0.11942D+00
       0.21400D+03       0.14279D-03       0.57530D-01       0.43222D+00       0.11898D+00
       0.21500D+03       0.14242D-03       0.24033D-01       0.43220D+00       0.11845D+00
       0.21600D+03       0.14206D-03       0.59614D-01       0.43220D+00       0.11809D+00
       0.21700D+03       0.14336D-03       0.74340D-02       0.43221D+00       0.11762D+00
       0.21800D+03       0.14270D-03       0.46305D-01       0.43220D+00       0.11711D+00
       0.21900D+03       0.14254D-03       0.30202D-01       0.43221D+00       0.11840D+00
       0.22000D+03       0.14264D-03       0.28433D-01       0.43219D+00       0.11819D+00
       0.22100D+03       0.14274D-03       0.48989D-01       0.43222D+00       0.11945D+00
       0.22200D+03       0.14256D-03       0.23975D-01       0.43220D+00       0.11894D+00
       0.22300D+03       0.14243D-03       0.55935D-01       0.43220D+00       0.11853D+00
       0.22400D+03       0.14293D-03       0.74749D-03       0.43221D+00       0.11810D+00
       0.22500D+03       0.14263D-03       0.51006D-01       0.43221D+00       0.11765D+00
       0.22600D+03       0.14258D-03       0.24450D-01       0.43221D+00       0.11728D+00
       0.22700D+03       0.14261D-03       0.38507D-01       0.43219D+00       0.11710D+00
       0.22800D+03       0.14235D-03       0.37199D-01       0.43222D+00       0.11836D+00
       0.22900D+03       0.14241D-03       0.24773D-01       0.43220D+00       0.11792D+00
       0.23000D+03       0.14232D-03       0.50406D-01       0.43221D+00       0.11754D+00
       0.23100D+03       0.14199D-03       0.11807D-02       0.43220D+00       0.11724D+00
       0.23200D+03       0.14242D-03       0.56528D-01       0.43221D+00       0.11677D+00
       0.23300D+03       0.14244D-03       0.24023D-01       0.43221D+00       0.11632D+00
       0.23400D+03       0.14219D-03       0.50245D-01       0.43219D+00       0.11598D+00
       0.23500D+03       0.14241D-03       0.27434D-01       0.43222D+00       0.11716D+00
       0.23600D+03       0.14248D-03       0.31213D-01       0.43220D+00       0.11675D+00
       0.23700D+03       0.14231D-03       0.45786D-01       0.43221D+00       0.11797D+00
       0.23800D+03       0.14173D-03       0.85393D-02       0.43220D+00       0.11771D+00
       0.23900D+03       0.14268D-03       0.59758D-01       0.43221D+00       0.11728D+00
       0.24000D+03       0.14257D-03       0.23996D-01       0.43221D+00       0.11686D+00
       0.24100D+03       0.14218D-03       0.58106D-01       0.43220D+00       0.11653D+00
       0.24200D+03       0.14302D-03       0.18365D-01       0.43222D+00       0.11640D+00
       0.24300D+03       0.14271D-03       0.40153D-01       0.43220D+00       0.11599D+00
       0.24400D+03       0.14250D-03       0.39751D-01       0.43221D+00       0.11721D+00
       0.24500D+03       0.14222D-03       0.18876D-01       0.43220D+00       0.11700D+00
       0.24600D+03       0.14289D-03       0.57859D-01       0.43222D+00       0.11663D+00
       0.24700D+03       0.14263D-03       0.24013D-01       0.43221D+00       0.11620D+00
       0.24800D+03       0.14231D-03       0.59702D-01       0.43220D+00       0.11590D+00
       0.24900D+03       0.14344D-03       0.80382D-02       0.43221D+00       0.11550D+00
       0.25000D+03       0.14286D-03       0.46021D-01       0.43220D+00       0.11509D+00
       0.25100D+03       0.14272D-03       0.30754D-01       0.43221D+00       0.11623D+00
       0.25200D+03       0.14279D-03       0.27880D-01       0.43220D+00       0.11605D+00
       0.25300D+03       0.14291D-03       0.49689D-01       0.43222D+00       0.11715D+00
       0.25400D+03       0.14274D-03       0.24002D-01       0.43220D+00       0.11672D+00
       0.25500D+03       0.14261D-03       0.56266D-01       0.43220D+00       0.11637D+00
       0.25600D+03       0.14311D-03       0.97461D-03       0.43221D+00       0.11600D+00
       0.25700D+03       0.14281D-03       0.50672D-01       0.43221D+00       0.11562D+00
       0.25800D+03       0.14276D-03       0.24618D-01       0.43221D+00       0.11530D+00
       0.25900D+03       0.14280D-03       0.37781D-01       0.43219D+00       0.11515D+00
       0.26000D+03       0.14257D-03       0.37916D-01       0.43222D+00       0.11626D+00
       0.26100D+03       0.14261D-03       0.24584D-01       0.43220D+00       0.11589D+00
       0.26200D+03       0.14253D-03       0.50735D-01       0.43221D+00       0.11556D+00
       0.26300D+03       0.14228D-03       0.92974D-03       0.43220D+00       0.11530D+00
       0.26400D+03       0.14260D-03       0.56204D-01       0.43221D+00       0.11489D+00
       0.26500D+03       0.14263D-03       0.23997D-01       0.43221D+00       0.11450D+00
       0.26600D+03       0.14243D-03       0.49559D-01       0.43219D+00       0.11422D+00
       0.26700D+03       0.14258D-03       0.27983D-01       0.43222D+00       0.11526D+00
       0.26800D+03       0.14265D-03       0.30650D-01       0.43220D+00       0.11491D+00
       0.26900D+03       0.14251D-03       0.46074D-01       0.43221D+00       0.11599D+00
       0.27000D+03       0.14199D-03       0.79237D-02       0.43220D+00       0.11576D+00
       0.27100D+03       0.14282D-03       0.59687D-01       0.43221D+00       0.11539D+00
       0.27200D+03       0.14274D-03       0.24017D-01       0.43221D+00       0.11503D+00
       0.27300D+03       0.14239D-03       0.57799D-01       0.43220D+00       0.11474D+00
       0.27400D+03       0.14310D-03       0.18993D-01       0.43221D+00       0.11464D+00
       0.27500D+03       0.14285D-03       0.39657D-01       0.43220D+00       0.11428D+00
       0.27600D+03       0.14267D-03       0.40244D-01       0.43221D+00       0.11537D+00
       0.27700D+03       0.14239D-03       0.18246D-01       0.43220D+00       0.11518D+00
       0.27800D+03       0.14302D-03       0.58161D-01       0.43222D+00       0.11486D+00
       0.27900D+03       0.14278D-03       0.23993D-01       0.43221D+00       0.11449D+00
       0.28000D+03       0.14249D-03       0.59769D-01       0.43220D+00       0.11423D+00
       0.28100D+03       0.14349D-03       0.86563D-02       0.43221D+00       0.11388D+00
       0.28200D+03       0.14299D-03       0.45731D-01       0.43220D+00       0.11353D+00
       0.28300D+03       0.14285D-03       0.31320D-01       0.43221D+00       0.11454D+00
       0.28400D+03       0.14290D-03       0.27332D-01       0.43220D+00       0.11439D+00
       0.28500D+03       0.14305D-03       0.50372D-01       0.43222D+00       0.11538D+00
       0.28600D+03       0.14289D-03       0.24028D-01       0.43220D+00       0.11499D+00
       0.28700D+03       0.14276D-03       0.56588D-01       0.43220D+00       0.11470D+00
       0.28800D+03       0.14325D-03       0.12311D-02       0.43221D+00       0.11437D+00
       0.28900D+03       0.14295D-03       0.50345D-01       0.43221D+00       0.11403D+00
       0.29000D+03       0.14290D-03       0.24811D-01       0.43221D+00       0.11375D+00
       0.29100D+03       0.14295D-03       0.37065D-01       0.43220D+00       0.11362D+00
       0.29200D+03       0.14275D-03       0.38645D-01       0.43222D+00       0.11462D+00
       0.29300D+03       0.14277D-03       0.24422D-01       0.43220D+00       0.11429D+00
       0.29400D+03       0.14270D-03       0.51070D-01       0.43221D+00       0.11401D+00
       0.29500D+03       0.14252D-03       0.70815D-03       0.43221D+00       0.11378D+00
       0.29600D+03       0.14275D-03       0.55872D-01       0.43221D+00       0.11342D+00
       0.29700D+03       0.14278D-03       0.23970D-01       0.43221D+00       0.11308D+00
       0.29800D+03       0.14261D-03       0.48856D-01       0.43220D+00       0.11283D+00
       0.29900D+03       0.14271D-03       0.28537D-01       0.43222D+00       0.11376D+00
       0.30000D+03       0.14279D-03       0.30100D-01       0.43220D+00       0.11345D+00
       0.30100D+03       0.14267D-03       0.46358D-01       0.43221D+00       0.11442D+00
       0.30200D+03       0.14220D-03       0.73223D-02       0.43220D+00       0.11423D+00
       0.30300D+03       0.14294D-03       0.59595D-01       0.43221D+00       0.11390D+00
       0.30400D+03       0.14288D-03       0.24037D-01       0.43221D+00       0.11358D+00
       0.30500D+03       0.14257D-03       0.57465D-01       0.43220D+00       0.11333D+00
       0.30600D+03       0.14318D-03       0.19613D-01       0.43221D+00       0.11300D+00
       0.30700D+03       0.14297D-03       0.39146D-01       0.43220D+00       0.11269D+00
       0.30800D+03       0.14280D-03       0.40721D-01       0.43221D+00       0.11367D+00
       0.30900D+03       0.14254D-03       0.17607D-01       0.43220D+00       0.11351D+00
       0.31000D+03       0.14312D-03       0.58438D-01       0.43221D+00       0.11323D+00
       0.31100D+03       0.14292D-03       0.23973D-01       0.43221D+00       0.11290D+00
       0.31200D+03       0.14264D-03       0.59815D-01       0.43220D+00       0.11267D+00
       0.31300D+03       0.14354D-03       0.92868D-02       0.43221D+00       0.11236D+00
       0.31400D+03       0.14309D-03       0.45436D-01       0.43220D+00       0.11205D+00
       0.31500D+03       0.14297D-03       0.31896D-01       0.43221D+00       0.11296D+00
       0.31600D+03       0.14300D-03       0.26786D-01       0.43220D+00       0.11283D+00
       0.31700D+03       0.14316D-03       0.51038D-01       0.43222D+00       0.11372D+00
       0.31800D+03       0.14301D-03       0.24053D-01       0.43220D+00       0.11339D+00
       0.31900D+03       0.14288D-03       0.56900D-01       0.43220D+00       0.11313D+00
       0.32000D+03       0.14337D-03       0.15164D-02       0.43221D+00       0.11285D+00
       0.32100D+03       0.14308D-03       0.50023D-01       0.43221D+00       0.11258D+00
       0.32200D+03       0.14303D-03       0.25031D-01       0.43221D+00       0.11229D+00
       0.32300D+03       0.14308D-03       0.36362D-01       0.43220D+00       0.11217D+00
       0.32400D+03       0.14290D-03       0.39382D-01       0.43222D+00       0.11308D+00
       0.32500D+03       0.14291D-03       0.24284D-01       0.43220D+00       0.11279D+00
       0.32600D+03       0.14285D-03       0.51410D-01       0.43221D+00       0.11253D+00
       0.32700D+03       0.14272D-03       0.51623D-03       0.43221D+00       0.11233D+00
       0.32800D+03       0.14288D-03       0.55532D-01       0.43221D+00       0.11201D+00
       0.32900D+03       0.14291D-03       0.23944D-01       0.43221D+00       0.11171D+00
       0.33000D+03       0.14278D-03       0.48139D-01       0.43220D+00       0.11149D+00
       0.33100D+03       0.14283D-03       0.29096D-01       0.43222D+00       0.11234D+00
       0.33200D+03       0.14291D-03       0.29565D-01       0.43220D+00       0.11206D+00
       0.33300D+03       0.14280D-03       0.46639D-01       0.43221D+00       0.11294D+00
       0.33400D+03       0.14239D-03       0.67368D-02       0.43220D+00       0.11271D+00
       0.33500D+03       0.14304D-03       0.59484D-01       0.43221D+00       0.11243D+00
       0.33600D+03       0.14300D-03       0.24057D-01       0.43221D+00       0.11214D+00
       0.33700D+03       0.14272D-03       0.57105D-01       0.43220D+00       0.11192D+00
       0.33800D+03       0.14324D-03       0.20223D-01       0.43221D+00       0.11162D+00
       0.33900D+03       0.14307D-03       0.38620D-01       0.43220D+00       0.11133D+00
       0.34000D+03       0.14293D-03       0.41181D-01       0.43221D+00       0.11223D+00
       0.34100D+03       0.14266D-03       0.16961D-01       0.43220D+00       0.11208D+00
       0.34200D+03       0.14322D-03       0.58688D-01       0.43221D+00       0.11184D+00
       0.34300D+03       0.14303D-03       0.23955D-01       0.43221D+00       0.11154D+00
       0.34400D+03       0.14278D-03       0.59840D-01       0.43220D+00       0.11134D+00
       0.34500D+03       0.14359D-03       0.99280D-02       0.43221D+00       0.11107D+00
       0.34600D+03       0.14319D-03       0.45133D-01       0.43220D+00       0.11078D+00
       0.34700D+03       0.14308D-03       0.32480D-01       0.43221D+00       0.11165D+00
       0.34800D+03       0.14309D-03       0.26242D-01       0.43220D+00       0.11153D+00
       0.34900D+03       0.14327D-03       0.51684D-01       0.43222D+00       0.11234D+00
       0.35000D+03       0.14308D-03       0.24074D-01       0.43220D+00       0.11204D+00
       0.35100D+03       0.14296D-03       0.57201D-01       0.43220D+00       0.11182D+00
       0.35200D+03       0.14344D-03       0.18302D-02       0.43221D+00       0.11156D+00
       0.35300D+03       0.14315D-03       0.49707D-01       0.43221D+00       0.11132D+00
       0.35400D+03       0.14311D-03       0.25279D-01       0.43221D+00       0.11107D+00
       0.35500D+03       0.14316D-03       0.35670D-01       0.43220D+00       0.11096D+00
       0.35600D+03       0.14300D-03       0.40128D-01       0.43222D+00       0.11179D+00
       0.35700D+03       0.14303D-03       0.24169D-01       0.43220D+00       0.11153D+00
       0.35800D+03       0.14297D-03       0.51756D-01       0.43221D+00       0.11130D+00
       0.35900D+03       0.14284D-03       0.35431D-03       0.43221D+00       0.11106D+00
       0.36000D+03       0.14295D-03       0.55186D-01       0.43221D+00       0.11077D+00
       0.36100D+03       0.14298D-03       0.23920D-01       0.43221D+00       0.11049D+00
       0.36200D+03       0.14286D-03       0.47410D-01       0.43220D+00       0.11029D+00
       0.36300D+03       0.14289D-03       0.29663D-01       0.43221D+00       0.11107D+00
       0.36400D+03       0.14296D-03       0.29049D-01       0.43220D+00       0.11082D+00
       0.36500D+03       0.14288D-03       0.46918D-01       0.43221D+00       0.11163D+00
       0.36600D+03       0.14249D-03       0.61687D-02       0.43220D+00       0.11147D+00
       0.36700D+03       0.14307D-03       0.59353D-01       0.43221D+00       0.11119D+00
       0.36800D+03       0.14298D-03       0.24075D-01       0.43221D+00       0.11094D+00
       0.36900D+03       0.14273D-03       0.56718D-01       0.43220D+00       0.11073D+00
       0.37000D+03       0.14318D-03       0.20824D-01       0.43221D+00       0.11147D+00
       0.37100D+03       0.14304D-03       0.38080D-01       0.43220D+00       0.11122D+00
       0.37200D+03       0.14291D-03       0.41624D-01       0.43221D+00       0.11203D+00
       0.37300D+03       0.14266D-03       0.16309D-01       0.43220D+00       0.11190D+00
       0.37400D+03       0.14318D-03       0.58913D-01       0.43221D+00       0.11164D+00
       0.37500D+03       0.14302D-03       0.23940D-01       0.43221D+00       0.11134D+00
       0.37600D+03       0.14278D-03       0.59843D-01       0.43220D+00       0.11116D+00
       0.37700D+03       0.14352D-03       0.10578D-01       0.43221D+00       0.11091D+00
       0.37800D+03       0.14316D-03       0.44822D-01       0.43220D+00       0.11065D+00
       0.37900D+03       0.14305D-03       0.33070D-01       0.43221D+00       0.11144D+00
       0.38000D+03       0.14306D-03       0.25698D-01       0.43220D+00       0.11133D+00
       0.38100D+03       0.14325D-03       0.52310D-01       0.43221D+00       0.11208D+00
       0.38200D+03       0.14307D-03       0.24093D-01       0.43220D+00       0.11180D+00
       0.38300D+03       0.14295D-03       0.57490D-01       0.43220D+00       0.11160D+00
       0.38400D+03       0.14343D-03       0.21719D-02       0.43221D+00       0.11137D+00
       0.38500D+03       0.14314D-03       0.49398D-01       0.43221D+00       0.11114D+00
       0.38600D+03       0.14310D-03       0.25555D-01       0.43221D+00       0.11091D+00
       0.38700D+03       0.14316D-03       0.34991D-01       0.43220D+00       0.11082D+00
       0.38800D+03       0.14302D-03       0.40881D-01       0.43221D+00       0.11158D+00
       0.38900D+03       0.14303D-03       0.24077D-01       0.43220D+00       0.11134D+00
       0.39000D+03       0.14298D-03       0.52106D-01       0.43221D+00       0.11113D+00
       0.39100D+03       0.14289D-03       0.22257D-03       0.43221D+00       0.11090D+00
       0.39200D+03       0.14296D-03       0.54834D-01       0.43221D+00       0.11064D+00
       0.39300D+03       0.14299D-03       0.23900D-01       0.43221D+00       0.11039D+00
       0.39400D+03       0.14289D-03       0.46670D-01       0.43220D+00       0.11020D+00
       0.39500D+03       0.14289D-03       0.30238D-01       0.43221D+00       0.11092D+00
       0.39600D+03       0.14296D-03       0.28551D-01       0.43220D+00       0.11069D+00
       0.39700D+03       0.14289D-03       0.47196D-01       0.43221D+00       0.11143D+00
       0.39800D+03       0.14254D-03       0.56193D-02       0.43220D+00       0.11128D+00
       0.39900D+03       0.14306D-03       0.59202D-01       0.43221D+00       0.11103D+00
       0.40000D+03       0.14299D-03       0.24092D-01       0.43221D+00       0.11079D+00
       0.40100D+03       0.14276D-03       0.56304D-01       0.43220D+00       0.11061D+00
       0.40200D+03       0.14315D-03       0.21417D-01       0.43221D+00       0.11129D+00
       0.40300D+03       0.14304D-03       0.37528D-01       0.43220D+00       0.11105D+00
       0.40400D+03       0.14292D-03       0.42052D-01       0.43221D+00       0.11181D+00
       0.40500D+03       0.14267D-03       0.15650D-01       0.43220D+00       0.11168D+00
       0.40600D+03       0.14317D-03       0.59113D-01       0.43221D+00       0.11144D+00
       0.40700D+03       0.14303D-03       0.23927D-01       0.43221D+00       0.11117D+00
       0.40800D+03       0.14281D-03       0.59824D-01       0.43220D+00       0.11100D+00
       0.40900D+03       0.14348D-03       0.11235D-01       0.43221D+00       0.11077D+00
       0.41000D+03       0.14315D-03       0.44501D-01       0.43220D+00       0.11053D+00
       0.41100D+03       0.14305D-03       0.33663D-01       0.43221D+00       0.11126D+00
       0.41200D+03       0.14304D-03       0.25153D-01       0.43220D+00       0.11116D+00
       0.41300D+03       0.14324D-03       0.52914D-01       0.43221D+00       0.11185D+00
       0.41400D+03       0.14307D-03       0.24107D-01       0.43220D+00       0.11159D+00
       0.41500D+03       0.14295D-03       0.57765D-01       0.43220D+00       0.11141D+00
       0.41600D+03       0.14342D-03       0.25410D-02       0.43221D+00       0.11119D+00
       0.41700D+03       0.14314D-03       0.49094D-01       0.43221D+00       0.11099D+00
       0.41800D+03       0.14310D-03       0.25859D-01       0.43221D+00       0.11078D+00
       0.41900D+03       0.14315D-03       0.34326D-01       0.43220D+00       0.11069D+00
       0.42000D+03       0.14304D-03       0.41639D-01       0.43221D+00       0.11139D+00
       0.42100D+03       0.14304D-03       0.24004D-01       0.43220D+00       0.11117D+00
       0.42200D+03       0.14299D-03       0.52459D-01       0.43221D+00       0.11098D+00
       0.42300D+03       0.14294D-03       0.12120D-03       0.43221D+00       0.11077D+00
       0.42400D+03       0.14297D-03       0.54479D-01       0.43221D+00       0.11053D+00
       0.42500D+03       0.14300D-03       0.23886D-01       0.43221D+00       0.11030D+00
       0.42600D+03       0.14292D-03       0.45921D-01       0.43220D+00       0.11013D+00
       0.42700D+03       0.14290D-03       0.30822D-01       0.43221D+00       0.11079D+00
       0.42800D+03       0.14297D-03       0.28075D-01       0.43220D+00       0.11058D+00
       0.42900D+03       0.14290D-03       0.47475D-01       0.43221D+00       0.11126D+00
       0.43000D+03       0.14259D-03       0.50900D-02       0.43220D+00       0.11113D+00
       0.43100D+03       0.14305D-03       0.59033D-01       0.43221D+00       0.11089D+00
       0.43200D+03       0.14300D-03       0.24105D-01       0.43221D+00       0.11067D+00
       0.43300D+03       0.14279D-03       0.55865D-01       0.43220D+00       0.11051D+00
       0.43400D+03       0.14313D-03       0.22000D-01       0.43221D+00       0.11115D+00
       0.43500D+03       0.14304D-03       0.36965D-01       0.43220D+00       0.11093D+00
       0.43600D+03       0.14293D-03       0.42463D-01       0.43221D+00       0.11163D+00
       0.43700D+03       0.14268D-03       0.14987D-01       0.43220D+00       0.11151D+00
       0.43800D+03       0.14315D-03       0.59288D-01       0.43221D+00       0.11127D+00
       0.43900D+03       0.14303D-03       0.23917D-01       0.43221D+00       0.11102D+00
       0.44000D+03       0.14282D-03       0.59783D-01       0.43220D+00       0.11087D+00
       0.44100D+03       0.14343D-03       0.11898D-01       0.43221D+00       0.11065D+00
       0.44200D+03       0.14314D-03       0.44169D-01       0.43220D+00       0.11043D+00
       0.44300D+03       0.14304D-03       0.34258D-01       0.43221D+00       0.11111D+00
       0.44400D+03       0.14302D-03       0.24604D-01       0.43220D+00       0.11101D+00
       0.44500D+03       0.14323D-03       0.53496D-01       0.43221D+00       0.11165D+00
       0.44600D+03       0.14307D-03       0.24117D-01       0.43221D+00       0.11142D+00
       0.44700D+03       0.14295D-03       0.58027D-01       0.43220D+00       0.11125D+00
       0.44800D+03       0.14341D-03       0.29367D-02       0.43221D+00       0.11105D+00
       0.44900D+03       0.14314D-03       0.48797D-01       0.43221D+00       0.11086D+00
       0.45000D+03       0.14309D-03       0.26191D-01       0.43221D+00       0.11149D+00
       0.45100D+03       0.14315D-03       0.33673D-01       0.43220D+00       0.11141D+00
       0.45200D+03       0.14305D-03       0.42401D-01       0.43221D+00       0.11206D+00
       0.45300D+03       0.14304D-03       0.23950D-01       0.43220D+00       0.11185D+00
       0.45400D+03       0.14300D-03       0.52816D-01       0.43221D+00       0.11167D+00
       0.45500D+03       0.14297D-03       0.50374D-04       0.43221D+00       0.11147D+00
       0.45600D+03       0.14298D-03       0.54121D-01       0.43221D+00       0.11125D+00
       0.45700D+03       0.14300D-03       0.23880D-01       0.43221D+00       0.11104D+00
       0.45800D+03       0.14294D-03       0.45166D-01       0.43220D+00       0.11086D+00
       0.45900D+03       0.14291D-03       0.31417D-01       0.43221D+00       0.11147D+00
       0.46000D+03       0.14297D-03       0.27622D-01       0.43220D+00       0.11127D+00
       0.46100D+03       0.14291D-03       0.47755D-01       0.43221D+00       0.11191D+00
       0.46200D+03       0.14262D-03       0.45820D-02       0.43220D+00       0.11261D+00
       0.46300D+03       0.14304D-03       0.58846D-01       0.43221D+00       0.11239D+00
       0.46400D+03       0.14300D-03       0.24115D-01       0.43221D+00       0.11218D+00
       0.46500D+03       0.14281D-03       0.55399D-01       0.43220D+00       0.11202D+00
       0.46600D+03       0.14310D-03       0.22576D-01       0.43221D+00       0.11262D+00
       0.46700D+03       0.14303D-03       0.36391D-01       0.43220D+00       0.11241D+00
       0.46800D+03       0.14293D-03       0.42858D-01       0.43221D+00       0.11306D+00
       0.46900D+03       0.14269D-03       0.14320D-01       0.43220D+00       0.11295D+00
       0.47000D+03       0.14313D-03       0.59438D-01       0.43221D+00       0.11274D+00
       0.47100D+03       0.14302D-03       0.23910D-01       0.43221D+00       0.11251D+00
       0.47200D+03       0.14283D-03       0.59718D-01       0.43220D+00       0.11235D+00
       0.47300D+03       0.14338D-03       0.12565D-01       0.43221D+00       0.11220D+00
       0.47400D+03       0.14312D-03       0.43825D-01       0.43220D+00       0.11199D+00
       0.47500D+03       0.14302D-03       0.34852D-01       0.43221D+00       0.11262D+00
       0.47600D+03       0.14299D-03       0.24052D-01       0.43220D+00       0.11253D+00
       0.47700D+03       0.14321D-03       0.54053D-01       0.43221D+00       0.11312D+00
       0.47800D+03       0.14305D-03       0.24122D-01       0.43221D+00       0.11290D+00
       0.47900D+03       0.14294D-03       0.58274D-01       0.43220D+00       0.11274D+00
       0.48000D+03       0.14338D-03       0.33584D-02       0.43221D+00       0.11254D+00
       0.48100D+03       0.14312D-03       0.48504D-01       0.43221D+00       0.11236D+00
       0.48200D+03       0.14307D-03       0.26551D-01       0.43221D+00       0.11295D+00
       0.48300D+03       0.14313D-03       0.33034D-01       0.43220D+00       0.11287D+00
       0.48400D+03       0.14306D-03       0.43165D-01       0.43221D+00       0.11347D+00
       0.48500D+03       0.14303D-03       0.23913D-01       0.43220D+00       0.11328D+00
       0.48600D+03       0.14299D-03       0.53175D-01       0.43221D+00       0.11311D+00
       0.48700D+03       0.14299D-03       0.10132D-04       0.43221D+00       0.11292D+00
       0.48800D+03       0.14297D-03       0.53761D-01       0.43221D+00       0.11271D+00
       0.48900D+03       0.14299D-03       0.23883D-01       0.43221D+00       0.11251D+00
       0.49000D+03       0.14295D-03       0.44406D-01       0.43220D+00       0.11234D+00
       0.49100D+03       0.14290D-03       0.32023D-01       0.43221D+00       0.11291D+00
       0.49200D+03       0.14296D-03       0.27193D-01       0.43220D+00       0.11272D+00
       0.49300D+03       0.14290D-03       0.48038D-01       0.43221D+00       0.11331D+00
       0.49400D+03       0.14264D-03       0.40965D-02       0.43220D+00       0.11396D+00
       0.49500D+03       0.14301D-03       0.58642D-01       0.43221D+00       0.11375D+00
       0.49600D+03       0.14299D-03       0.24121D-01       0.43221D+00       0.11356D+00
       0.49700D+03       0.14281D-03       0.54907D-01       0.43220D+00       0.11340D+00
       0.49800D+03       0.14307D-03       0.23144D-01       0.43221D+00       0.11396D+00
       0.49900D+03       0.14301D-03       0.35810D-01       0.43220D+00       0.11376D+00
       0.50000D+03       0.14292D-03       0.43238D-01       0.43221D+00       0.11437D+00
       0.50100D+03       0.14268D-03       0.13652D-01       0.43220D+00       0.11426D+00
       0.50200D+03       0.14311D-03       0.59564D-01       0.43221D+00       0.11406D+00
       0.50300D+03       0.14301D-03       0.23907D-01       0.43221D+00       0.11385D+00
       0.50400D+03       0.14282D-03       0.59631D-01       0.43220D+00       0.11368D+00
       0.50500D+03       0.14333D-03       0.13234D-01       0.43221D+00       0.11354D+00
       0.50600D+03       0.14309D-03       0.43468D-01       0.43220D+00       0.11334D+00
       0.50700D+03       0.14300D-03       0.35443D-01       0.43221D+00       0.11393D+00
       0.50800D+03       0.14296D-03       0.23495D-01       0.43220D+00       0.11384D+00
       0.50900D+03       0.14318D-03       0.54586D-01       0.43221D+00       0.11438D+00
       0.51000D+03       0.14303D-03       0.24123D-01       0.43221D+00       0.11417D+00
       0.51100D+03       0.14291D-03       0.58506D-01       0.43220D+00       0.11402D+00
       0.51200D+03       0.14335D-03       0.38051D-02       0.43221D+00       0.11383D+00
       0.51300D+03       0.14309D-03       0.48216D-01       0.43221D+00       0.11366D+00
       0.51400D+03       0.14305D-03       0.26938D-01       0.43221D+00       0.11421D+00
       0.51500D+03       0.14311D-03       0.32408D-01       0.43220D+00       0.11413D+00
       0.51600D+03       0.14305D-03       0.43929D-01       0.43221D+00       0.11470D+00
       0.51700D+03       0.14301D-03       0.23890D-01       0.43220D+00       0.11451D+00
       0.51800D+03       0.14297D-03       0.53536D-01       0.43221D+00       0.11435D+00
       0.51900D+03       0.14300D-03       0.54110D-06       0.43221D+00       0.11417D+00
       0.52000D+03       0.14296D-03       0.53400D-01       0.43221D+00       0.11397D+00
       0.52100D+03       0.14298D-03       0.23897D-01       0.43221D+00       0.11378D+00
       0.52200D+03       0.14295D-03       0.43642D-01       0.43220D+00       0.11362D+00
       0.52300D+03       0.14288D-03       0.32642D-01       0.43221D+00       0.11417D+00
       0.52400D+03       0.14294D-03       0.26790D-01       0.43220D+00       0.11399D+00
       0.52500D+03       0.14289D-03       0.48323D-01       0.43221D+00       0.11455D+00
       0.52600D+03       0.14266D-03       0.36345D-02       0.43220D+00       0.11515D+00
       0.52700D+03       0.14299D-03       0.58421D-01       0.43221D+00       0.11495D+00
       0.52800D+03       0.14297D-03       0.24123D-01       0.43221D+00       0.11477D+00
       0.52900D+03       0.14281D-03       0.54389D-01       0.43220D+00       0.11462D+00
       0.53000D+03       0.14303D-03       0.23705D-01       0.43221D+00       0.11515D+00
       0.53100D+03       0.14299D-03       0.35222D-01       0.43220D+00       0.11496D+00
       0.53200D+03       0.14290D-03       0.43604D-01       0.43221D+00       0.11552D+00
       0.53300D+03       0.14267D-03       0.12982D-01       0.43220D+00       0.11542D+00
       0.53400D+03       0.14308D-03       0.59666D-01       0.43221D+00       0.11523D+00
       0.53500D+03       0.14299D-03       0.23908D-01       0.43221D+00       0.11504D+00
       0.53600D+03       0.14281D-03       0.59520D-01       0.43220D+00       0.11487D+00
       0.53700D+03       0.14328D-03       0.13903D-01       0.43221D+00       0.11474D+00
       0.53800D+03       0.14306D-03       0.43097D-01       0.43220D+00       0.11454D+00
       0.53900D+03       0.14298D-03       0.36029D-01       0.43221D+00       0.11510D+00
       0.54000D+03       0.14292D-03       0.22931D-01       0.43220D+00       0.11501D+00
       0.54100D+03       0.14315D-03       0.55094D-01       0.43221D+00       0.11552D+00
       0.54200D+03       0.14300D-03       0.24119D-01       0.43221D+00       0.11532D+00
       0.54300D+03       0.14289D-03       0.58721D-01       0.43220D+00       0.11518D+00
       0.54400D+03       0.14332D-03       0.42760D-02       0.43221D+00       0.11500D+00
       0.54500D+03       0.14307D-03       0.47931D-01       0.43221D+00       0.11483D+00
       0.54600D+03       0.14302D-03       0.27351D-01       0.43221D+00       0.11535D+00
       0.54700D+03       0.14308D-03       0.31794D-01       0.43220D+00       0.11527D+00
       0.54800D+03       0.14303D-03       0.44692D-01       0.43221D+00       0.11579D+00
       0.54900D+03       0.14300D-03       0.23880D-01       0.43220D+00       0.11559D+00
       0.55000D+03       0.14296D-03       0.53896D-01       0.43221D+00       0.11543D+00
       0.55100D+03       0.14301D-03       0.21650D-04       0.43221D+00       0.11526D+00
       0.55200D+03       0.14295D-03       0.53040D-01       0.43221D+00       0.11507D+00
       0.55300D+03       0.14297D-03       0.23925D-01       0.43221D+00       0.11489D+00
       0.55400D+03       0.14294D-03       0.42878D-01       0.43220D+00       0.11473D+00
       0.55500D+03       0.14287D-03       0.33273D-01       0.43221D+00       0.11525D+00
       0.55600D+03       0.14293D-03       0.26413D-01       0.43220D+00       0.11508D+00
       0.55700D+03       0.14288D-03       0.48613D-01       0.43221D+00       0.11560D+00
       0.55800D+03       0.14267D-03       0.31971D-02       0.43220D+00       0.11617D+00
       0.55900D+03       0.14296D-03       0.58183D-01       0.43221D+00       0.11598D+00
       0.56000D+03       0.14295D-03       0.24121D-01       0.43221D+00       0.11581D+00
       0.56100D+03       0.14280D-03       0.53847D-01       0.43220D+00       0.11567D+00
       0.56200D+03       0.14299D-03       0.24260D-01       0.43221D+00       0.11616D+00
       0.56300D+03       0.14297D-03       0.34629D-01       0.43220D+00       0.11599D+00
       0.56400D+03       0.14289D-03       0.43956D-01       0.43221D+00       0.11652D+00
       0.56500D+03       0.14267D-03       0.12314D-01       0.43220D+00       0.11642D+00
       0.56600D+03       0.14306D-03       0.59745D-01       0.43221D+00       0.11624D+00
       0.56700D+03       0.14298D-03       0.23912D-01       0.43221D+00       0.11607D+00
       0.56800D+03       0.14281D-03       0.59385D-01       0.43220D+00       0.11589D+00
       0.56900D+03       0.14325D-03       0.14571D-01       0.43221D+00       0.11569D+00
       0.57000D+03       0.14305D-03       0.42711D-01       0.43220D+00       0.11551D+00
       0.57100D+03       0.14296D-03       0.36607D-01       0.43221D+00       0.11603D+00
       0.57200D+03       0.14290D-03       0.22361D-01       0.43220D+00       0.11594D+00
       0.57300D+03       0.14313D-03       0.55577D-01       0.43221D+00       0.11643D+00
       0.57400D+03       0.14299D-03       0.24112D-01       0.43221D+00       0.11624D+00
       0.57500D+03       0.14288D-03       0.58919D-01       0.43220D+00       0.11610D+00
       0.57600D+03       0.14330D-03       0.47701D-02       0.43221D+00       0.11593D+00
       0.57700D+03       0.14306D-03       0.47650D-01       0.43221D+00       0.11577D+00
       0.57800D+03       0.14301D-03       0.27789D-01       0.43221D+00       0.11626D+00
       0.57900D+03       0.14306D-03       0.31192D-01       0.43220D+00       0.11618D+00
       0.58000D+03       0.14303D-03       0.45450D-01       0.43221D+00       0.11667D+00
       0.58100D+03       0.14299D-03       0.23881D-01       0.43220D+00       0.11648D+00
       0.58200D+03       0.14295D-03       0.54255D-01       0.43221D+00       0.11633D+00
       0.58300D+03       0.14302D-03       0.73376D-04       0.43221D+00       0.11617D+00
       0.58400D+03       0.14295D-03       0.52682D-01       0.43221D+00       0.11599D+00
       0.58500D+03       0.14296D-03       0.23969D-01       0.43221D+00       0.11582D+00
       0.58600D+03       0.14295D-03       0.42115D-01       0.43220D+00       0.11576D+00
       0.58700D+03       0.14287D-03       0.33917D-01       0.43221D+00       0.11625D+00
       0.58800D+03       0.14292D-03       0.26063D-01       0.43220D+00       0.11608D+00
       0.58900D+03       0.14288D-03       0.48908D-01       0.43221D+00       0.11658D+00
       0.59000D+03       0.14269D-03       0.27851D-02       0.43221D+00       0.11711D+00
       0.59100D+03       0.14295D-03       0.57931D-01       0.43221D+00       0.11693D+00
       0.59200D+03       0.14294D-03       0.24114D-01       0.43221D+00       0.11677D+00
       0.59300D+03       0.14281D-03       0.53280D-01       0.43220D+00       0.11663D+00
       0.59400D+03       0.14297D-03       0.24811D-01       0.43221D+00       0.11710D+00
       0.59500D+03       0.14296D-03       0.34035D-01       0.43220D+00       0.11694D+00
       0.59600D+03       0.14289D-03       0.44295D-01       0.43221D+00       0.11744D+00
       0.59700D+03       0.14267D-03       0.11649D-01       0.43220D+00       0.11734D+00
       0.59800D+03       0.14305D-03       0.59801D-01       0.43221D+00       0.11717D+00
       0.59900D+03       0.14297D-03       0.23920D-01       0.43221D+00       0.11700D+00
       0.60000D+03       0.14282D-03       0.59225D-01       0.43220D+00       0.11683D+00
       0.60100D+03       0.14322D-03       0.15236D-01       0.43221D+00       0.11664D+00
       0.60200D+03       0.14305D-03       0.42310D-01       0.43220D+00       0.11648D+00
       0.60300D+03       0.14296D-03       0.37177D-01       0.43221D+00       0.11697D+00
       0.60400D+03       0.14290D-03       0.21782D-01       0.43220D+00       0.11689D+00
       0.60500D+03       0.14313D-03       0.56033D-01       0.43221D+00       0.11734D+00
       0.60600D+03       0.14300D-03       0.24100D-01       0.43221D+00       0.11716D+00
       0.60700D+03       0.14288D-03       0.59099D-01       0.43220D+00       0.11703D+00
       0.60800D+03       0.14329D-03       0.52862D-02       0.43221D+00       0.11687D+00
       0.60900D+03       0.14306D-03       0.47370D-01       0.43221D+00       0.11669D+00
       0.61000D+03       0.14301D-03       0.28251D-01       0.43221D+00       0.11715D+00
       0.61100D+03       0.14306D-03       0.30601D-01       0.43220D+00       0.11708D+00
       0.61200D+03       0.14304D-03       0.46203D-01       0.43221D+00       0.11753D+00
       0.61300D+03       0.14300D-03       0.23891D-01       0.43220D+00       0.11735D+00
       0.61400D+03       0.14296D-03       0.54613D-01       0.43221D+00       0.11720D+00
       0.61500D+03       0.14305D-03       0.15568D-03       0.43221D+00       0.11705D+00
       0.61600D+03       0.14295D-03       0.52326D-01       0.43221D+00       0.11687D+00
       0.61700D+03       0.14297D-03       0.24029D-01       0.43221D+00       0.11671D+00
       0.61800D+03       0.14296D-03       0.41354D-01       0.43220D+00       0.11665D+00
       0.61900D+03       0.14288D-03       0.34574D-01       0.43221D+00       0.11711D+00
       0.62000D+03       0.14293D-03       0.25742D-01       0.43220D+00       0.11696D+00
       0.62100D+03       0.14289D-03       0.49208D-01       0.43221D+00       0.11685D+00
       0.62200D+03       0.14272D-03       0.23993D-02       0.43221D+00       0.11675D+00
       0.62300D+03       0.14295D-03       0.57663D-01       0.43221D+00       0.11658D+00
       0.62400D+03       0.14295D-03       0.24102D-01       0.43221D+00       0.11643D+00
       0.62500D+03       0.14282D-03       0.52690D-01       0.43220D+00       0.11630D+00
       0.62600D+03       0.14296D-03       0.25358D-01       0.43221D+00       0.11674D+00
       0.62700D+03       0.14296D-03       0.33440D-01       0.43220D+00       0.11659D+00
       0.62800D+03       0.14289D-03       0.44623D-01       0.43221D+00       0.11707D+00
       0.62900D+03       0.14268D-03       0.10988D-01       0.43220D+00       0.11697D+00
       0.63000D+03       0.14304D-03       0.59834D-01       0.43221D+00       0.11681D+00
       0.63100D+03       0.14298D-03       0.23931D-01       0.43221D+00       0.11665D+00
       0.63200D+03       0.14283D-03       0.59041D-01       0.43220D+00       0.11652D+00
       0.63300D+03       0.14320D-03       0.15898D-01       0.43221D+00       0.11645D+00
       0.63400D+03       0.14304D-03       0.41893D-01       0.43220D+00       0.11629D+00
       0.63500D+03       0.14297D-03       0.37737D-01       0.43221D+00       0.11676D+00
       0.63600D+03       0.14289D-03       0.21195D-01       0.43220D+00       0.11668D+00
       0.63700D+03       0.14312D-03       0.56463D-01       0.43221D+00       0.11771D+00
       0.63800D+03       0.14300D-03       0.24086D-01       0.43221D+00       0.11754D+00
       0.63900D+03       0.14289D-03       0.59261D-01       0.43220D+00       0.11741D+00
       0.64000D+03       0.14328D-03       0.58232D-02       0.43221D+00       0.11726D+00
       0.64100D+03       0.14306D-03       0.47092D-01       0.43221D+00       0.11708D+00
       0.64200D+03       0.14301D-03       0.28735D-01       0.43221D+00       0.11752D+00
       0.64300D+03       0.14306D-03       0.30021D-01       0.43220D+00       0.11745D+00
       0.64400D+03       0.14305D-03       0.46949D-01       0.43221D+00       0.11789D+00
       0.64500D+03       0.14300D-03       0.23907D-01       0.43220D+00       0.11771D+00
       0.64600D+03       0.14296D-03       0.54967D-01       0.43221D+00       0.11757D+00
       0.64700D+03       0.14307D-03       0.26848D-03       0.43221D+00       0.11742D+00
       0.64800D+03       0.14299D-03       0.51974D-01       0.43221D+00       0.11726D+00
       0.64900D+03       0.14298D-03       0.24109D-01       0.43221D+00       0.11710D+00
       0.65000D+03       0.14298D-03       0.40598D-01       0.43220D+00       0.11704D+00
       0.65100D+03       0.14290D-03       0.35245D-01       0.43221D+00       0.11748D+00
       0.65200D+03       0.14293D-03       0.25448D-01       0.43220D+00       0.11733D+00
       0.65300D+03       0.14290D-03       0.49513D-01       0.43221D+00       0.11723D+00
       0.65400D+03       0.14275D-03       0.20404D-02       0.43221D+00       0.11713D+00
       0.65500D+03       0.14295D-03       0.57383D-01       0.43221D+00       0.11698D+00
       0.65600D+03       0.14296D-03       0.24086D-01       0.43221D+00       0.11683D+00
       0.65700D+03       0.14284D-03       0.52078D-01       0.43220D+00       0.11671D+00
       0.65800D+03       0.14296D-03       0.25903D-01       0.43221D+00       0.11713D+00
       0.65900D+03       0.14296D-03       0.32848D-01       0.43220D+00       0.11698D+00
       0.66000D+03       0.14290D-03       0.44940D-01       0.43221D+00       0.11743D+00
       0.66100D+03       0.14270D-03       0.10333D-01       0.43220D+00       0.11734D+00
       0.66200D+03       0.14304D-03       0.59845D-01       0.43221D+00       0.11719D+00
       0.66300D+03       0.14298D-03       0.23945D-01       0.43221D+00       0.11704D+00
       0.66400D+03       0.14284D-03       0.58832D-01       0.43220D+00       0.11691D+00
       0.66500D+03       0.14318D-03       0.16554D-01       0.43221D+00       0.11684D+00
       0.66600D+03       0.14304D-03       0.41460D-01       0.43220D+00       0.11669D+00
       0.66700D+03       0.14297D-03       0.38285D-01       0.43221D+00       0.11714D+00
       0.66800D+03       0.14289D-03       0.20600D-01       0.43220D+00       0.11706D+00
       0.66900D+03       0.14312D-03       0.56866D-01       0.43221D+00       0.11692D+00
       0.67000D+03       0.14300D-03       0.24069D-01       0.43221D+00       0.11675D+00
       0.67100D+03       0.14290D-03       0.59404D-01       0.43220D+00       0.11664D+00
       0.67200D+03       0.14330D-03       0.63798D-02       0.43221D+00       0.11649D+00
       0.67300D+03       0.14309D-03       0.46814D-01       0.43221D+00       0.11632D+00
       0.67400D+03       0.14304D-03       0.29240D-01       0.43221D+00       0.11674D+00
       0.67500D+03       0.14308D-03       0.29449D-01       0.43220D+00       0.11668D+00
       0.67600D+03       0.14309D-03       0.47685D-01       0.43221D+00       0.11709D+00
       0.67700D+03       0.14304D-03       0.23929D-01       0.43221D+00       0.11693D+00
       0.67800D+03       0.14300D-03       0.55316D-01       0.43221D+00       0.11679D+00
       0.67900D+03       0.14312D-03       0.41155D-03       0.43221D+00       0.11664D+00
       0.68000D+03       0.14303D-03       0.51625D-01       0.43221D+00       0.11648D+00
       0.68100D+03       0.14302D-03       0.24210D-01       0.43221D+00       0.11633D+00
       0.68200D+03       0.14301D-03       0.39847D-01       0.43220D+00       0.11628D+00
       0.68300D+03       0.14293D-03       0.35928D-01       0.43221D+00       0.11670D+00
       0.68400D+03       0.14296D-03       0.25183D-01       0.43220D+00       0.11656D+00
       0.68500D+03       0.14292D-03       0.49825D-01       0.43221D+00       0.11646D+00
       0.68600D+03       0.14279D-03       0.17091D-02       0.43221D+00       0.11637D+00
       0.68700D+03       0.14297D-03       0.57089D-01       0.43221D+00       0.11622D+00
       0.68800D+03       0.14297D-03       0.24067D-01       0.43221D+00       0.11608D+00
       0.68900D+03       0.14286D-03       0.51444D-01       0.43220D+00       0.11597D+00
       0.69000D+03       0.14296D-03       0.26446D-01       0.43221D+00       0.11637D+00
       0.69100D+03       0.14297D-03       0.32260D-01       0.43220D+00       0.11623D+00
       0.69200D+03       0.14291D-03       0.45248D-01       0.43221D+00       0.11666D+00
       0.69300D+03       0.14272D-03       0.96861D-02       0.43220D+00       0.11658D+00
       0.69400D+03       0.14304D-03       0.59833D-01       0.43221D+00       0.11643D+00
       0.69500D+03       0.14300D-03       0.23962D-01       0.43221D+00       0.11629D+00
       0.69600D+03       0.14286D-03       0.58597D-01       0.43220D+00       0.11617D+00
       0.69700D+03       0.14317D-03       0.17205D-01       0.43221D+00       0.11613D+00
       0.69800D+03       0.14305D-03       0.41010D-01       0.43220D+00       0.11599D+00
       0.69900D+03       0.14298D-03       0.38819D-01       0.43221D+00       0.11641D+00
       0.70000D+03       0.14289D-03       0.19995D-01       0.43220D+00       0.11634D+00
       0.70100D+03       0.14313D-03       0.57243D-01       0.43221D+00       0.11621D+00
       0.70200D+03       0.14301D-03       0.24050D-01       0.43221D+00       0.11605D+00
       0.70300D+03       0.14291D-03       0.59528D-01       0.43220D+00       0.11594D+00
       0.70400D+03       0.14330D-03       0.69547D-02       0.43221D+00       0.11580D+00
       0.70500D+03       0.14310D-03       0.46534D-01       0.43221D+00       0.11565D+00
       0.70600D+03       0.14305D-03       0.29764D-01       0.43221D+00       0.11605D+00
       0.70700D+03       0.14308D-03       0.28885D-01       0.43220D+00       0.11599D+00
       0.70800D+03       0.14311D-03       0.48410D-01       0.43221D+00       0.11638D+00
       0.70900D+03       0.14305D-03       0.23953D-01       0.43221D+00       0.11623D+00
       0.71000D+03       0.14301D-03       0.55660D-01       0.43221D+00       0.11610D+00
       0.71100D+03       0.14315D-03       0.58477D-03       0.43221D+00       0.11595D+00
       0.71200D+03       0.14307D-03       0.51282D-01       0.43221D+00       0.11581D+00
       0.71300D+03       0.14306D-03       0.24333D-01       0.43221D+00       0.11570D+00
       0.71400D+03       0.14306D-03       0.39104D-01       0.43220D+00       0.11564D+00
       0.71500D+03       0.14298D-03       0.36624D-01       0.43221D+00       0.11605D+00
       0.71600D+03       0.14300D-03       0.24946D-01       0.43220D+00       0.11591D+00
       0.71700D+03       0.14297D-03       0.50143D-01       0.43221D+00       0.11582D+00
       0.71800D+03       0.14285D-03       0.14059D-02       0.43221D+00       0.11573D+00
       0.71900D+03       0.14300D-03       0.56784D-01       0.43221D+00       0.11558D+00
       0.72000D+03       0.14301D-03       0.24044D-01       0.43221D+00       0.11544D+00
       0.72100D+03       0.14292D-03       0.50790D-01       0.43220D+00       0.11534D+00
       0.72200D+03       0.14300D-03       0.26991D-01       0.43221D+00       0.11572D+00
       0.72300D+03       0.14302D-03       0.31678D-01       0.43220D+00       0.11559D+00
       0.72400D+03       0.14296D-03       0.45547D-01       0.43221D+00       0.11599D+00
       0.72500D+03       0.14277D-03       0.90488D-02       0.43220D+00       0.11591D+00
       0.72600D+03       0.14309D-03       0.59800D-01       0.43221D+00       0.11577D+00
       0.72700D+03       0.14305D-03       0.23980D-01       0.43221D+00       0.11563D+00
       0.72800D+03       0.14291D-03       0.58337D-01       0.43220D+00       0.11552D+00
       0.72900D+03       0.14320D-03       0.17848D-01       0.43221D+00       0.11548D+00
       0.73000D+03       0.14309D-03       0.40544D-01       0.43220D+00       0.11535D+00
       0.73100D+03       0.14302D-03       0.39340D-01       0.43221D+00       0.11576D+00
       0.73200D+03       0.14293D-03       0.19381D-01       0.43220D+00       0.11569D+00
       0.73300D+03       0.14317D-03       0.57593D-01       0.43221D+00       0.11556D+00
       0.73400D+03       0.14306D-03       0.24030D-01       0.43221D+00       0.11541D+00
       0.73500D+03       0.14295D-03       0.59632D-01       0.43220D+00       0.11531D+00
       0.73600D+03       0.14333D-03       0.75463D-02       0.43221D+00       0.11518D+00
       0.73700D+03       0.14314D-03       0.46252D-01       0.43221D+00       0.11503D+00
       0.73800D+03       0.14309D-03       0.30305D-01       0.43221D+00       0.11542D+00
       0.73900D+03       0.14312D-03       0.28329D-01       0.43220D+00       0.11536D+00
       0.74000D+03       0.14315D-03       0.49121D-01       0.43221D+00       0.11574D+00
       0.74100D+03       0.14310D-03       0.23980D-01       0.43221D+00       0.11559D+00
       0.74200D+03       0.14305D-03       0.55998D-01       0.43221D+00       0.11547D+00
       0.74300D+03       0.14321D-03       0.78787D-03       0.43221D+00       0.11534D+00
       0.74400D+03       0.14311D-03       0.50943D-01       0.43221D+00       0.11521D+00
       0.74500D+03       0.14310D-03       0.24480D-01       0.43221D+00       0.11510D+00
       0.74600D+03       0.14311D-03       0.38370D-01       0.43220D+00       0.11505D+00
       0.74700D+03       0.14303D-03       0.37333D-01       0.43221D+00       0.11544D+00
       0.74800D+03       0.14305D-03       0.24735D-01       0.43220D+00       0.11531D+00
       0.74900D+03       0.14302D-03       0.50467D-01       0.43221D+00       0.11520D+00
       0.75000D+03       0.14292D-03       0.11314D-02       0.43221D+00       0.11511D+00
       0.75100D+03       0.14304D-03       0.56468D-01       0.43221D+00       0.11496D+00
       0.75200D+03       0.14305D-03       0.24018D-01       0.43221D+00       0.11483D+00
       0.75300D+03       0.14297D-03       0.50118D-01       0.43220D+00       0.11472D+00
       0.75400D+03       0.14304D-03       0.27537D-01       0.43221D+00       0.11509D+00
       0.75500D+03       0.14306D-03       0.31106D-01       0.43220D+00       0.11497D+00
       0.75600D+03       0.14301D-03       0.45840D-01       0.43221D+00       0.11535D+00
       0.75700D+03       0.14282D-03       0.84227D-02       0.43220D+00       0.11527D+00
       0.75800D+03       0.14312D-03       0.59746D-01       0.43221D+00       0.11514D+00
       0.75900D+03       0.14309D-03       0.24000D-01       0.43221D+00       0.11501D+00
       0.76000D+03       0.14296D-03       0.58051D-01       0.43220D+00       0.11491D+00
       0.76100D+03       0.14323D-03       0.18483D-01       0.43221D+00       0.11487D+00
       0.76200D+03       0.14313D-03       0.40061D-01       0.43220D+00       0.11474D+00
       0.76300D+03       0.14306D-03       0.39845D-01       0.43221D+00       0.11513D+00
       0.76400D+03       0.14297D-03       0.18758D-01       0.43220D+00       0.11507D+00
       0.76500D+03       0.14319D-03       0.57917D-01       0.43221D+00       0.11495D+00
       0.76600D+03       0.14310D-03       0.24009D-01       0.43221D+00       0.11481D+00
       0.76700D+03       0.14299D-03       0.59716D-01       0.43220D+00       0.11472D+00
       0.76800D+03       0.14336D-03       0.81532D-02       0.43221D+00       0.11459D+00
       0.76900D+03       0.14317D-03       0.45967D-01       0.43221D+00       0.11446D+00
       0.77000D+03       0.14313D-03       0.30860D-01       0.43221D+00       0.11483D+00
       0.77100D+03       0.14315D-03       0.27777D-01       0.43220D+00       0.11477D+00
       0.77200D+03       0.14319D-03       0.49818D-01       0.43221D+00       0.11514D+00
       0.77300D+03       0.14313D-03       0.24007D-01       0.43221D+00       0.11500D+00
       0.77400D+03       0.14309D-03       0.56327D-01       0.43221D+00       0.11489D+00
       0.77500D+03       0.14326D-03       0.10205D-02       0.43221D+00       0.11477D+00
       0.77600D+03       0.14316D-03       0.50610D-01       0.43221D+00       0.11464D+00
       0.77700D+03       0.14314D-03       0.24652D-01       0.43221D+00       0.11453D+00
       0.77800D+03       0.14315D-03       0.37646D-01       0.43220D+00       0.11448D+00
       0.77900D+03       0.14307D-03       0.38052D-01       0.43221D+00       0.11486D+00
       0.78000D+03       0.14309D-03       0.24552D-01       0.43220D+00       0.11473D+00
       0.78100D+03       0.14306D-03       0.50797D-01       0.43221D+00       0.11463D+00
       0.78200D+03       0.14298D-03       0.88590D-03       0.43221D+00       0.11454D+00
       0.78300D+03       0.14308D-03       0.56143D-01       0.43221D+00       0.11440D+00
       0.78400D+03       0.14309D-03       0.23992D-01       0.43221D+00       0.11427D+00
       0.78500D+03       0.14302D-03       0.49428D-01       0.43220D+00       0.11418D+00
       0.78600D+03       0.14307D-03       0.28087D-01       0.43221D+00       0.11453D+00
       0.78700D+03       0.14309D-03       0.30545D-01       0.43220D+00       0.11441D+00
       0.78800D+03       0.14305D-03       0.46128D-01       0.43221D+00       0.11478D+00
       0.78900D+03       0.14287D-03       0.78097D-02       0.43220D+00       0.11471D+00
       0.79000D+03       0.14315D-03       0.59671D-01       0.43221D+00       0.11458D+00
       0.79100D+03       0.14312D-03       0.24021D-01       0.43221D+00       0.11446D+00
       0.79200D+03       0.14300D-03       0.57738D-01       0.43220D+00       0.11436D+00
       0.79300D+03       0.14325D-03       0.19110D-01       0.43221D+00       0.11432D+00
       0.79400D+03       0.14316D-03       0.39562D-01       0.43220D+00       0.11420D+00
       0.79500D+03       0.14310D-03       0.40335D-01       0.43221D+00       0.11458D+00
       0.79600D+03       0.14300D-03       0.18127D-01       0.43220D+00       0.11451D+00
       0.79700D+03       0.14322D-03       0.58215D-01       0.43221D+00       0.11440D+00
       0.79800D+03       0.14314D-03       0.23989D-01       0.43221D+00       0.11427D+00
       0.79900D+03       0.14303D-03       0.59779D-01       0.43220D+00       0.11418D+00
       0.80000D+03       0.14338D-03       0.87738D-02       0.43221D+00       0.11406D+00
       0.80100D+03       0.14320D-03       0.45676D-01       0.43221D+00       0.11393D+00
       0.80200D+03       0.14316D-03       0.31427D-01       0.43221D+00       0.11429D+00
       0.80300D+03       0.14317D-03       0.27229D-01       0.43220D+00       0.11424D+00
       0.80400D+03       0.14323D-03       0.50498D-01       0.43221D+00       0.11459D+00
       0.80500D+03       0.14317D-03       0.24033D-01       0.43221D+00       0.11445D+00
       0.80600D+03       0.14312D-03       0.56647D-01       0.43221D+00       0.11435D+00
       0.80700D+03       0.14330D-03       0.12824D-02       0.43221D+00       0.11423D+00
       0.80800D+03       0.14319D-03       0.50284D-01       0.43221D+00       0.11411D+00
       0.80900D+03       0.14317D-03       0.24850D-01       0.43221D+00       0.11401D+00
       0.81000D+03       0.14319D-03       0.36932D-01       0.43220D+00       0.11396D+00
       0.81100D+03       0.14312D-03       0.38782D-01       0.43221D+00       0.11432D+00
       0.81200D+03       0.14312D-03       0.24394D-01       0.43220D+00       0.11421D+00
       0.81300D+03       0.14310D-03       0.51133D-01       0.43221D+00       0.11410D+00
       0.81400D+03       0.14303D-03       0.66986D-03       0.43221D+00       0.11402D+00
       0.81500D+03       0.14312D-03       0.55809D-01       0.43221D+00       0.11389D+00
       0.81600D+03       0.14313D-03       0.23965D-01       0.43221D+00       0.11376D+00
       0.81700D+03       0.14307D-03       0.48722D-01       0.43220D+00       0.11367D+00
       0.81800D+03       0.14310D-03       0.28641D-01       0.43221D+00       0.11401D+00
       0.81900D+03       0.14313D-03       0.29998D-01       0.43220D+00       0.11390D+00
       0.82000D+03       0.14308D-03       0.46411D-01       0.43221D+00       0.11425D+00
       0.82100D+03       0.14291D-03       0.72112D-02       0.43220D+00       0.11418D+00
       0.82200D+03       0.14318D-03       0.59576D-01       0.43221D+00       0.11406D+00
       0.82300D+03       0.14316D-03       0.24041D-01       0.43221D+00       0.11395D+00
       0.82400D+03       0.14305D-03       0.57399D-01       0.43220D+00       0.11385D+00
       0.82500D+03       0.14327D-03       0.19728D-01       0.43221D+00       0.11373D+00
       0.82600D+03       0.14319D-03       0.39048D-01       0.43221D+00       0.11361D+00
       0.82700D+03       0.14313D-03       0.40808D-01       0.43221D+00       0.11397D+00
       0.82800D+03       0.14303D-03       0.17487D-01       0.43220D+00       0.11391D+00
       0.82900D+03       0.14325D-03       0.58487D-01       0.43221D+00       0.11381D+00
       0.83000D+03       0.14317D-03       0.23970D-01       0.43221D+00       0.11368D+00
       0.83100D+03       0.14307D-03       0.59822D-01       0.43220D+00       0.11360D+00
       0.83200D+03       0.14341D-03       0.94064D-02       0.43221D+00       0.11348D+00
       0.83300D+03       0.14324D-03       0.45379D-01       0.43221D+00       0.11336D+00
       0.83400D+03       0.14319D-03       0.32005D-01       0.43221D+00       0.11371D+00
       0.83500D+03       0.14320D-03       0.26684D-01       0.43220D+00       0.11365D+00
       0.83600D+03       0.14326D-03       0.51161D-01       0.43221D+00       0.11399D+00
       0.83700D+03       0.14321D-03       0.24057D-01       0.43221D+00       0.11386D+00
       0.83800D+03       0.14316D-03       0.56957D-01       0.43221D+00       0.11377D+00
       0.83900D+03       0.14335D-03       0.15732D-02       0.43221D+00       0.11366D+00
       0.84000D+03       0.14323D-03       0.49963D-01       0.43221D+00       0.11355D+00
       0.84100D+03       0.14321D-03       0.25076D-01       0.43221D+00       0.11344D+00
       0.84200D+03       0.14323D-03       0.36231D-01       0.43220D+00       0.11340D+00
       0.84300D+03       0.14316D-03       0.39522D-01       0.43221D+00       0.11374D+00
       0.84400D+03       0.14317D-03       0.24261D-01       0.43221D+00       0.11363D+00
       0.84500D+03       0.14314D-03       0.51474D-01       0.43221D+00       0.11353D+00
       0.84600D+03       0.14309D-03       0.48354D-03       0.43221D+00       0.11345D+00
       0.84700D+03       0.14315D-03       0.55467D-01       0.43221D+00       0.11333D+00
       0.84800D+03       0.14317D-03       0.23939D-01       0.43221D+00       0.11321D+00
       0.84900D+03       0.14311D-03       0.48003D-01       0.43220D+00       0.11312D+00
       0.85000D+03       0.14313D-03       0.29202D-01       0.43221D+00       0.11345D+00
       0.85100D+03       0.14316D-03       0.29467D-01       0.43220D+00       0.11334D+00
       0.85200D+03       0.14312D-03       0.46692D-01       0.43221D+00       0.11368D+00
       0.85300D+03       0.14296D-03       0.66288D-02       0.43221D+00       0.11359D+00
       0.85400D+03       0.14321D-03       0.59461D-01       0.43221D+00       0.11348D+00
       0.85500D+03       0.14320D-03       0.24061D-01       0.43221D+00       0.11336D+00
       0.85600D+03       0.14309D-03       0.57034D-01       0.43220D+00       0.11327D+00
       0.85700D+03       0.14329D-03       0.20337D-01       0.43221D+00       0.11315D+00
       0.85800D+03       0.14322D-03       0.38520D-01       0.43221D+00       0.11304D+00
       0.85900D+03       0.14317D-03       0.41265D-01       0.43221D+00       0.11339D+00
       0.86000D+03       0.14306D-03       0.16839D-01       0.43220D+00       0.11333D+00
       0.86100D+03       0.14328D-03       0.58732D-01       0.43221D+00       0.11323D+00
       0.86200D+03       0.14321D-03       0.23952D-01       0.43221D+00       0.11312D+00
       0.86300D+03       0.14311D-03       0.59842D-01       0.43220D+00       0.11303D+00
       0.86400D+03       0.14343D-03       0.10049D-01       0.43221D+00       0.11292D+00
       0.86500D+03       0.14327D-03       0.45075D-01       0.43221D+00       0.11281D+00
       0.86600D+03       0.14323D-03       0.32590D-01       0.43221D+00       0.11315D+00
       0.86700D+03       0.14323D-03       0.26140D-01       0.43220D+00       0.11310D+00
       0.86800D+03       0.14331D-03       0.51803D-01       0.43221D+00       0.11343D+00
       0.86900D+03       0.14323D-03       0.24078D-01       0.43221D+00       0.11330D+00
       0.87000D+03       0.14318D-03       0.57256D-01       0.43221D+00       0.11321D+00
       0.87100D+03       0.14337D-03       0.18922D-02       0.43221D+00       0.11311D+00
       0.87200D+03       0.14326D-03       0.49649D-01       0.43221D+00       0.11301D+00
       0.87300D+03       0.14324D-03       0.25329D-01       0.43221D+00       0.11290D+00
       0.87400D+03       0.14326D-03       0.35542D-01       0.43220D+00       0.11286D+00
       0.87500D+03       0.14320D-03       0.40269D-01       0.43221D+00       0.11319D+00
       0.87600D+03       0.14321D-03       0.24150D-01       0.43221D+00       0.11309D+00
       0.87700D+03       0.14318D-03       0.51821D-01       0.43221D+00       0.11299D+00
       0.87800D+03       0.14313D-03       0.32728D-03       0.43221D+00       0.11289D+00
       0.87900D+03       0.14317D-03       0.55120D-01       0.43221D+00       0.11277D+00
       0.88000D+03       0.14319D-03       0.23916D-01       0.43221D+00       0.11265D+00
       0.88100D+03       0.14314D-03       0.47272D-01       0.43220D+00       0.11257D+00
       0.88200D+03       0.14315D-03       0.29770D-01       0.43221D+00       0.11289D+00
       0.88300D+03       0.14318D-03       0.28954D-01       0.43220D+00       0.11278D+00
       0.88400D+03       0.14314D-03       0.46970D-01       0.43221D+00       0.11311D+00
       0.88500D+03       0.14298D-03       0.60641D-02       0.43221D+00       0.11305D+00
       0.88600D+03       0.14322D-03       0.59326D-01       0.43221D+00       0.11293D+00
       0.88700D+03       0.14319D-03       0.24079D-01       0.43221D+00       0.11282D+00
       0.88800D+03       0.14308D-03       0.56642D-01       0.43220D+00       0.11273D+00
       0.88900D+03       0.14327D-03       0.20936D-01       0.43221D+00       0.11304D+00
       0.89000D+03       0.14321D-03       0.37978D-01       0.43221D+00       0.11293D+00
       0.89100D+03       0.14315D-03       0.41706D-01       0.43221D+00       0.11327D+00
       0.89200D+03       0.14305D-03       0.16185D-01       0.43220D+00       0.11321D+00
       0.89300D+03       0.14327D-03       0.58953D-01       0.43221D+00       0.11310D+00
       0.89400D+03       0.14320D-03       0.23937D-01       0.43221D+00       0.11298D+00
       0.89500D+03       0.14310D-03       0.59841D-01       0.43220D+00       0.11290D+00
       0.89600D+03       0.14341D-03       0.10701D-01       0.43221D+00       0.11279D+00
       0.89700D+03       0.14326D-03       0.44762D-01       0.43221D+00       0.11268D+00
       0.89800D+03       0.14321D-03       0.33181D-01       0.43221D+00       0.11301D+00
       0.89900D+03       0.14321D-03       0.25596D-01       0.43220D+00       0.11296D+00
       0.90000D+03       0.14329D-03       0.52425D-01       0.43221D+00       0.11328D+00
       0.90100D+03       0.14322D-03       0.24096D-01       0.43221D+00       0.11316D+00
       0.90200D+03       0.14317D-03       0.57542D-01       0.43221D+00       0.11307D+00
       0.90300D+03       0.14337D-03       0.22392D-02       0.43221D+00       0.11297D+00
       0.90400D+03       0.14325D-03       0.49341D-01       0.43221D+00       0.11287D+00
       0.90500D+03       0.14323D-03       0.25610D-01       0.43221D+00       0.11277D+00
       0.90600D+03       0.14326D-03       0.34865D-01       0.43220D+00       0.11273D+00
       0.90700D+03       0.14320D-03       0.41023D-01       0.43221D+00       0.11305D+00
       0.90800D+03       0.14320D-03       0.24062D-01       0.43221D+00       0.11295D+00
       0.90900D+03       0.14318D-03       0.52172D-01       0.43221D+00       0.11286D+00
       0.91000D+03       0.14314D-03       0.20123D-03       0.43221D+00       0.11276D+00
       0.91100D+03       0.14317D-03       0.54768D-01       0.43221D+00       0.11264D+00
       0.91200D+03       0.14318D-03       0.23897D-01       0.43221D+00       0.11253D+00
       0.91300D+03       0.14314D-03       0.46530D-01       0.43220D+00       0.11245D+00
       0.91400D+03       0.14314D-03       0.30346D-01       0.43221D+00       0.11276D+00
       0.91500D+03       0.14317D-03       0.28460D-01       0.43220D+00       0.11266D+00
       0.91600D+03       0.14314D-03       0.47249D-01       0.43221D+00       0.11298D+00
       0.91700D+03       0.14299D-03       0.55183D-02       0.43221D+00       0.11291D+00
       0.91800D+03       0.14321D-03       0.59172D-01       0.43221D+00       0.11280D+00
       0.91900D+03       0.14318D-03       0.24094D-01       0.43221D+00       0.11269D+00
       0.92000D+03       0.14308D-03       0.56224D-01       0.43220D+00       0.11261D+00
       0.92100D+03       0.14325D-03       0.21527D-01       0.43221D+00       0.11291D+00
       0.92200D+03       0.14320D-03       0.37423D-01       0.43221D+00       0.11280D+00
       0.92300D+03       0.14315D-03       0.42130D-01       0.43221D+00       0.11313D+00
       0.92400D+03       0.14304D-03       0.15526D-01       0.43220D+00       0.11307D+00
       0.92500D+03       0.14326D-03       0.59148D-01       0.43221D+00       0.11296D+00
       0.92600D+03       0.14320D-03       0.23924D-01       0.43221D+00       0.11284D+00
       0.92700D+03       0.14310D-03       0.59818D-01       0.43220D+00       0.11277D+00
       0.92800D+03       0.14339D-03       0.11359D-01       0.43221D+00       0.11266D+00
       0.92900D+03       0.14325D-03       0.44439D-01       0.43221D+00       0.11256D+00
       0.93000D+03       0.14320D-03       0.33775D-01       0.43221D+00       0.11288D+00
       0.93100D+03       0.14320D-03       0.25050D-01       0.43220D+00       0.11283D+00
       0.93200D+03       0.14329D-03       0.53025D-01       0.43221D+00       0.11313D+00
       0.93300D+03       0.14321D-03       0.24109D-01       0.43221D+00       0.11302D+00
       0.93400D+03       0.14316D-03       0.57816D-01       0.43221D+00       0.11294D+00
       0.93500D+03       0.14337D-03       0.26133D-02       0.43221D+00       0.11284D+00
       0.93600D+03       0.14325D-03       0.49038D-01       0.43221D+00       0.11274D+00
       0.93700D+03       0.14323D-03       0.25920D-01       0.43221D+00       0.11265D+00
       0.93800D+03       0.14325D-03       0.34202D-01       0.43220D+00       0.11261D+00
       0.93900D+03       0.14320D-03       0.41782D-01       0.43221D+00       0.11292D+00
       0.94000D+03       0.14320D-03       0.23993D-01       0.43221D+00       0.11282D+00
       0.94100D+03       0.14318D-03       0.52526D-01       0.43221D+00       0.11273D+00
       0.94200D+03       0.14316D-03       0.10558D-03       0.43221D+00       0.11263D+00
       0.94300D+03       0.14317D-03       0.54412D-01       0.43221D+00       0.11253D+00
       0.94400D+03       0.14318D-03       0.23884D-01       0.43221D+00       0.11242D+00
       0.94500D+03       0.14315D-03       0.45780D-01       0.43220D+00       0.11234D+00
       0.94600D+03       0.14313D-03       0.30933D-01       0.43221D+00       0.11264D+00
       0.94700D+03       0.14317D-03       0.27988D-01       0.43220D+00       0.11254D+00
       0.94800D+03       0.14313D-03       0.47527D-01       0.43221D+00       0.11285D+00
       0.94900D+03       0.14299D-03       0.49930D-02       0.43221D+00       0.11278D+00
       0.95000D+03       0.14320D-03       0.59000D-01       0.43221D+00       0.11268D+00
       0.95100D+03       0.14318D-03       0.24107D-01       0.43221D+00       0.11258D+00
       0.95200D+03       0.14308D-03       0.55779D-01       0.43220D+00       0.11250D+00
       0.95300D+03       0.14324D-03       0.22109D-01       0.43221D+00       0.11279D+00
       0.95400D+03       0.14319D-03       0.36858D-01       0.43221D+00       0.11269D+00
       0.95500D+03       0.14314D-03       0.42538D-01       0.43221D+00       0.11300D+00
       0.95600D+03       0.14303D-03       0.14862D-01       0.43220D+00       0.11295D+00
       0.95700D+03       0.14325D-03       0.59318D-01       0.43221D+00       0.11284D+00
       0.95800D+03       0.14319D-03       0.23915D-01       0.43221D+00       0.11272D+00
       0.95900D+03       0.14309D-03       0.59772D-01       0.43220D+00       0.11264D+00
       0.96000D+03       0.14337D-03       0.12023D-01       0.43221D+00       0.11255D+00
       0.96100D+03       0.14324D-03       0.44105D-01       0.43221D+00       0.11244D+00
       0.96200D+03       0.14320D-03       0.34370D-01       0.43221D+00       0.11275D+00
       0.96300D+03       0.14319D-03       0.24501D-01       0.43220D+00       0.11271D+00
       0.96400D+03       0.14328D-03       0.53602D-01       0.43221D+00       0.11300D+00
       0.96500D+03       0.14321D-03       0.24118D-01       0.43221D+00       0.11289D+00
       0.96600D+03       0.14315D-03       0.58075D-01       0.43221D+00       0.11281D+00
       0.96700D+03       0.14337D-03       0.30139D-02       0.43221D+00       0.11272D+00
       0.96800D+03       0.14324D-03       0.48741D-01       0.43221D+00       0.11263D+00
       0.96900D+03       0.14322D-03       0.26257D-01       0.43221D+00       0.11292D+00
       0.97000D+03       0.14324D-03       0.33552D-01       0.43220D+00       0.11288D+00
       0.97100D+03       0.14320D-03       0.42545D-01       0.43221D+00       0.11318D+00
       0.97200D+03       0.14319D-03       0.23942D-01       0.43221D+00       0.11308D+00
       0.97300D+03       0.14317D-03       0.52884D-01       0.43221D+00       0.11300D+00
       0.97400D+03       0.14316D-03       0.40489D-04       0.43221D+00       0.11290D+00
