Problem type:
least_squares
nparams:
7
function_evaluation,seconds,x(0),x(1),x(2),x(3),x(4),x(5),x(6),objective_function
     0,  7.7511e-02,  3.4289658802296114e-01,  1.2659633661263445e+00,  3.9247426483408071e-01, -1.0573555059188127e+00,  2.2776713826821968e+00,  9.9090484396203593e-01,  3.9479847493340290e+00,  6.4299898171285054e+02
     1,  1.4991e-01,  3.4289660292412233e-01,  1.2659633661263445e+00,  3.9247426483408071e-01, -1.0573555059188127e+00,  2.2776713826821968e+00,  9.9090484396203593e-01,  3.9479847493340290e+00,  6.4299910605680191e+02
     2,  2.2143e-01,  3.4289658802296114e-01,  1.2659633849906686e+00,  3.9247426483408071e-01, -1.0573555059188127e+00,  2.2776713826821968e+00,  9.9090484396203593e-01,  3.9479847493340290e+00,  6.4299893348578496e+02
     3,  2.9350e-01,  3.4289658802296114e-01,  1.2659633661263445e+00,  3.9247427973524190e-01, -1.0573555059188127e+00,  2.2776713826821968e+00,  9.9090484396203593e-01,  3.9479847493340290e+00,  6.4299907631287897e+02
     4,  3.6714e-01,  3.4289658802296114e-01,  1.2659633661263445e+00,  3.9247426483408071e-01, -1.0573555216746375e+00,  2.2776713826821968e+00,  9.9090484396203593e-01,  3.9479847493340290e+00,  6.4299898204768976e+02
     5,  4.4013e-01,  3.4289658802296114e-01,  1.2659633661263445e+00,  3.9247426483408071e-01, -1.0573555059188127e+00,  2.2776714166221455e+00,  9.9090484396203593e-01,  3.9479847493340290e+00,  6.4299898218784756e+02
     6,  5.1329e-01,  3.4289658802296114e-01,  1.2659633661263445e+00,  3.9247426483408071e-01, -1.0573555059188127e+00,  2.2776713826821968e+00,  9.9090485886319712e-01,  3.9479847493340290e+00,  6.4299898226141647e+02
     7,  5.8425e-01,  3.4289658802296114e-01,  1.2659633661263445e+00,  3.9247426483408071e-01, -1.0573555059188127e+00,  2.2776713826821968e+00,  9.9090484396203593e-01,  3.9479848081635862e+00,  6.4299900409346355e+02
     8,  6.6212e-01,  2.6833625779001852e-01,  1.3088880000526721e+00,  3.3652947750979068e-01, -2.6461492676225418e-01, -2.5427807268400349e-01, -1.1351884018715708e-01,  4.5825808874077518e+00,  1.9876214466349248e+02
     9,  7.3817e-01,  2.6833627269117971e-01,  1.3088880000526721e+00,  3.3652947750979068e-01, -2.6461492676225418e-01, -2.5427807268400349e-01, -1.1351884018715708e-01,  4.5825808874077518e+00,  1.9876215107361080e+02
    10,  8.1498e-01,  2.6833625779001852e-01,  1.3088880195566233e+00,  3.3652947750979068e-01, -2.6461492676225418e-01, -2.5427807268400349e-01, -1.1351884018715708e-01,  4.5825808874077518e+00,  1.9876213569121776e+02
    11,  8.9180e-01,  2.6833625779001852e-01,  1.3088880000526721e+00,  3.3652949241095187e-01, -2.6461492676225418e-01, -2.5427807268400349e-01, -1.1351884018715708e-01,  4.5825808874077518e+00,  1.9876215155822405e+02
    12,  9.7150e-01,  2.6833625779001852e-01,  1.3088880000526721e+00,  3.3652947750979068e-01, -2.6461494166341537e-01, -2.5427807268400349e-01, -1.1351884018715708e-01,  4.5825808874077518e+00,  1.9876214475115930e+02
    13,  1.0560e+00,  2.6833625779001852e-01,  1.3088880000526721e+00,  3.3652947750979068e-01, -2.6461492676225418e-01, -2.5427808758516468e-01, -1.1351884018715708e-01,  4.5825808874077518e+00,  1.9876214468877168e+02
    14,  1.1407e+00,  2.6833625779001852e-01,  1.3088880000526721e+00,  3.3652947750979068e-01, -2.6461492676225418e-01, -2.5427807268400349e-01, -1.1351885508831827e-01,  4.5825808874077518e+00,  1.9876214457613088e+02
    15,  1.2191e+00,  2.6833625779001852e-01,  1.3088880000526721e+00,  3.3652947750979068e-01, -2.6461492676225418e-01, -2.5427807268400349e-01, -1.1351884018715708e-01,  4.5825809556935280e+00,  1.9876214357046055e+02
    16,  1.2950e+00,  2.9884605973338507e-01,  1.4237617892763070e+00,  2.1474982313129892e-01,  9.7714689520264741e-02, -1.6691998938212663e-01, -2.0015061228595885e-01,  6.2524958126494985e+00,  1.6629293438318197e+02
    17,  1.3715e+00,  2.9884607463454627e-01,  1.4237617892763070e+00,  2.1474982313129892e-01,  9.7714689520264741e-02, -1.6691998938212663e-01, -2.0015061228595885e-01,  6.2524958126494985e+00,  1.6629293554606883e+02
    18,  1.4475e+00,  2.9884605973338507e-01,  1.4237618104920109e+00,  2.1474982313129892e-01,  9.7714689520264741e-02, -1.6691998938212663e-01, -2.0015061228595885e-01,  6.2524958126494985e+00,  1.6629293275326444e+02
    19,  1.5240e+00,  2.9884605973338507e-01,  1.4237617892763070e+00,  2.1474983803246012e-01,  9.7714689520264741e-02, -1.6691998938212663e-01, -2.0015061228595885e-01,  6.2524958126494985e+00,  1.6629291499048765e+02
    20,  1.5999e+00,  2.9884605973338507e-01,  1.4237617892763070e+00,  2.1474982313129892e-01,  9.7714704421425935e-02, -1.6691998938212663e-01, -2.0015061228595885e-01,  6.2524958126494985e+00,  1.6629293436301785e+02
    21,  1.6767e+00,  2.9884605973338507e-01,  1.4237617892763070e+00,  2.1474982313129892e-01,  9.7714689520264741e-02, -1.6692000428328782e-01, -2.0015061228595885e-01,  6.2524958126494985e+00,  1.6629293439203050e+02
    22,  1.7536e+00,  2.9884605973338507e-01,  1.4237617892763070e+00,  2.1474982313129892e-01,  9.7714689520264741e-02, -1.6691998938212663e-01, -2.0015062718712004e-01,  6.2524958126494985e+00,  1.6629293438207151e+02
    23,  1.8293e+00,  2.9884605973338507e-01,  1.4237617892763070e+00,  2.1474982313129892e-01,  9.7714689520264741e-02, -1.6691998938212663e-01, -2.0015061228595885e-01,  6.2524959058189467e+00,  1.6629293025277315e+02
    24,  1.9117e+00,  3.1117014929478626e-01,  2.1102854465127816e+00,  4.5699645656519017e-01,  1.3194644948292117e-01, -1.7798720652699601e-01, -1.5665173903307891e-01,  1.3316011326184487e+00,  4.2352807508409878e+03
    25,  1.9871e+00,  3.0694622443500996e-01,  1.8384564012165776e+00,  3.1709024739510261e-01,  1.0463154748736136e-01, -1.6162237532504864e-01, -1.4186332868256360e-01,  5.0859626164439184e+00,  1.2116117756160436e+02
    26,  2.0667e+00,  3.0694623933617116e-01,  1.8384564012165776e+00,  3.1709024739510261e-01,  1.0463154748736136e-01, -1.6162237532504864e-01, -1.4186332868256360e-01,  5.0859626164439184e+00,  1.2116117555197094e+02
    27,  2.1409e+00,  3.0694622443500996e-01,  1.8384564286117129e+00,  3.1709024739510261e-01,  1.0463154748736136e-01, -1.6162237532504864e-01, -1.4186332868256360e-01,  5.0859626164439184e+00,  1.2116117814988864e+02
    28,  2.2154e+00,  3.0694622443500996e-01,  1.8384564012165776e+00,  3.1709026229626380e-01,  1.0463154748736136e-01, -1.6162237532504864e-01, -1.4186332868256360e-01,  5.0859626164439184e+00,  1.2116117235924138e+02
    29,  2.2898e+00,  3.0694622443500996e-01,  1.8384564012165776e+00,  3.1709024739510261e-01,  1.0463156238852256e-01, -1.6162237532504864e-01, -1.4186332868256360e-01,  5.0859626164439184e+00,  1.2116117756781257e+02
    30,  2.3660e+00,  3.0694622443500996e-01,  1.8384564012165776e+00,  3.1709024739510261e-01,  1.0463154748736136e-01, -1.6162239022620983e-01, -1.4186332868256360e-01,  5.0859626164439184e+00,  1.2116117757274270e+02
    31,  2.4406e+00,  3.0694622443500996e-01,  1.8384564012165776e+00,  3.1709024739510261e-01,  1.0463154748736136e-01, -1.6162237532504864e-01, -1.4186334358372479e-01,  5.0859626164439184e+00,  1.2116117755441721e+02
    32,  2.5169e+00,  3.0694622443500996e-01,  1.8384564012165776e+00,  3.1709024739510261e-01,  1.0463154748736136e-01, -1.6162237532504864e-01, -1.4186332868256360e-01,  5.0859626922306669e+00,  1.2116117629522095e+02
    33,  2.5974e+00,  3.1125438937582817e-01,  1.9935161212748587e+00,  4.7011544368743130e-01,  5.1480081545682309e-02, -1.2106769484126116e-01, -1.0568755378543762e-01,  3.8638633674886753e+00,  1.1898375887387023e+02
    34,  2.6747e+00,  3.1125440427698936e-01,  1.9935161212748587e+00,  4.7011544368743130e-01,  5.1480081545682309e-02, -1.2106769484126116e-01, -1.0568755378543762e-01,  3.8638633674886753e+00,  1.1898375729056117e+02
    35,  2.7520e+00,  3.1125438937582817e-01,  1.9935161509805637e+00,  4.7011544368743130e-01,  5.1480081545682309e-02, -1.2106769484126116e-01, -1.0568755378543762e-01,  3.8638633674886753e+00,  1.1898375883192928e+02
    36,  2.8267e+00,  3.1125438937582817e-01,  1.9935161212748587e+00,  4.7011545858859249e-01,  5.1480081545682309e-02, -1.2106769484126116e-01, -1.0568755378543762e-01,  3.8638633674886753e+00,  1.1898375857066219e+02
    37,  2.9038e+00,  3.1125438937582817e-01,  1.9935161212748587e+00,  4.7011544368743130e-01,  5.1480096446843503e-02, -1.2106769484126116e-01, -1.0568755378543762e-01,  3.8638633674886753e+00,  1.1898375889447338e+02
    38,  2.9802e+00,  3.1125438937582817e-01,  1.9935161212748587e+00,  4.7011544368743130e-01,  5.1480081545682309e-02, -1.2106770974242236e-01, -1.0568755378543762e-01,  3.8638633674886753e+00,  1.1898375887787743e+02
    39,  3.0582e+00,  3.1125438937582817e-01,  1.9935161212748587e+00,  4.7011544368743130e-01,  5.1480081545682309e-02, -1.2106769484126116e-01, -1.0568756868659882e-01,  3.8638633674886753e+00,  1.1898375883805778e+02
    40,  3.1337e+00,  3.1125438937582817e-01,  1.9935161212748587e+00,  4.7011544368743130e-01,  5.1480081545682309e-02, -1.2106769484126116e-01, -1.0568755378543762e-01,  3.8638634250647264e+00,  1.1898375743028419e+02
    41,  3.2120e+00,  3.2137661090290626e-01,  1.9606995800679250e+00,  4.4313094227663014e-01,  3.4764919387546472e-02, -1.1644305220689724e-01, -1.2992074888984179e-01,  4.1702592034632762e+00,  1.1350709578585321e+02
    42,  3.2891e+00,  3.2137662580406745e-01,  1.9606995800679250e+00,  4.4313094227663014e-01,  3.4764919387546472e-02, -1.1644305220689724e-01, -1.2992074888984179e-01,  4.1702592034632762e+00,  1.1350709618707755e+02
    43,  3.3651e+00,  3.2137661090290626e-01,  1.9606996092846254e+00,  4.4313094227663014e-01,  3.4764919387546472e-02, -1.1644305220689724e-01, -1.2992074888984179e-01,  4.1702592034632762e+00,  1.1350709591902098e+02
    44,  3.4403e+00,  3.2137661090290626e-01,  1.9606995800679250e+00,  4.4313095717779133e-01,  3.4764919387546472e-02, -1.1644305220689724e-01, -1.2992074888984179e-01,  4.1702592034632762e+00,  1.1350709567471917e+02
    45,  3.5156e+00,  3.2137661090290626e-01,  1.9606995800679250e+00,  4.4313094227663014e-01,  3.4764934288707666e-02, -1.1644305220689724e-01, -1.2992074888984179e-01,  4.1702592034632762e+00,  1.1350709580581214e+02
    46,  3.5915e+00,  3.2137661090290626e-01,  1.9606995800679250e+00,  4.4313094227663014e-01,  3.4764919387546472e-02, -1.1644306710805843e-01, -1.2992074888984179e-01,  4.1702592034632762e+00,  1.1350709579019947e+02
    47,  3.6674e+00,  3.2137661090290626e-01,  1.9606995800679250e+00,  4.4313094227663014e-01,  3.4764919387546472e-02, -1.1644305220689724e-01, -1.2992076379100298e-01,  4.1702592034632762e+00,  1.1350709575921081e+02
    48,  3.7424e+00,  3.2137661090290626e-01,  1.9606995800679250e+00,  4.4313094227663014e-01,  3.4764919387546472e-02, -1.1644305220689724e-01, -1.2992074888984179e-01,  4.1702592656049804e+00,  1.1350709510963638e+02
    49,  3.8197e+00,  3.1942292167560926e-01,  1.8060824333511971e+00,  3.7936144755000362e-01, -5.6775540371351366e-03, -9.7470857698515129e-02, -1.2293835631120346e-01,  4.7674818028798764e+00,  1.1131091930991346e+02
    50,  3.8938e+00,  3.1942293657677046e-01,  1.8060824333511971e+00,  3.7936144755000362e-01, -5.6775540371351366e-03, -9.7470857698515129e-02, -1.2293835631120346e-01,  4.7674818028798764e+00,  1.1131092018009520e+02
    51,  3.9693e+00,  3.1942292167560926e-01,  1.8060824602639225e+00,  3.7936144755000362e-01, -5.6775540371351366e-03, -9.7470857698515129e-02, -1.2293835631120346e-01,  4.7674818028798764e+00,  1.1131091900937878e+02
    52,  4.0444e+00,  3.1942292167560926e-01,  1.8060824333511971e+00,  3.7936146245116481e-01, -5.6775540371351366e-03, -9.7470857698515129e-02, -1.2293835631120346e-01,  4.7674818028798764e+00,  1.1131091845651346e+02
    53,  4.1217e+00,  3.1942292167560926e-01,  1.8060824333511971e+00,  3.7936144755000362e-01, -5.6775689382963304e-03, -9.7470857698515129e-02, -1.2293835631120346e-01,  4.7674818028798764e+00,  1.1131091929907740e+02
    54,  4.1979e+00,  3.1942292167560926e-01,  1.8060824333511971e+00,  3.7936144755000362e-01, -5.6775540371351366e-03, -9.7470872599676323e-02, -1.2293835631120346e-01,  4.7674818028798764e+00,  1.1131091931370798e+02
    55,  4.2752e+00,  3.1942292167560926e-01,  1.8060824333511971e+00,  3.7936144755000362e-01, -5.6775540371351366e-03, -9.7470857698515129e-02, -1.2293837121236466e-01,  4.7674818028798764e+00,  1.1131091929209288e+02
    56,  4.3511e+00,  3.1942292167560926e-01,  1.8060824333511971e+00,  3.7936144755000362e-01, -5.6775540371351366e-03, -9.7470857698515129e-02, -1.2293835631120346e-01,  4.7674818739208913e+00,  1.1131091895332854e+02
    57,  4.4272e+00,  3.1703056675714431e-01,  1.9385222500305579e+00,  4.5247670444346466e-01, -4.5968116992542413e-02, -2.7293542222254052e-02, -1.7398705397871872e-01,  4.2047771149406072e+00,  1.1330982892207658e+02
    58,  4.5027e+00,  3.1722259967273209e-01,  1.8653624953853882e+00,  4.1191240073335933e-01, -2.5178753124301029e-02, -7.9627019201647789e-02, -1.4999498868257946e-01,  4.6418499222385359e+00,  1.1108701513804326e+02
    59,  4.5785e+00,  3.1722261457389328e-01,  1.8653624953853882e+00,  4.1191240073335933e-01, -2.5178753124301029e-02, -7.9627019201647789e-02, -1.4999498868257946e-01,  4.6418499222385359e+00,  1.1108701497630527e+02
    60,  4.6560e+00,  3.1722259967273209e-01,  1.8653625231814555e+00,  4.1191240073335933e-01, -2.5178753124301029e-02, -7.9627019201647789e-02, -1.4999498868257946e-01,  4.6418499222385359e+00,  1.1108701523122463e+02
    61,  4.7362e+00,  3.1722259967273209e-01,  1.8653624953853882e+00,  4.1191241563452052e-01, -2.5178753124301029e-02, -7.9627019201647789e-02, -1.4999498868257946e-01,  4.6418499222385359e+00,  1.1108701604098323e+02
    62,  4.8334e+00,  3.1722259967273209e-01,  1.8653624953853882e+00,  4.1191240073335933e-01, -2.5178768025462223e-02, -7.9627019201647789e-02, -1.4999498868257946e-01,  4.6418499222385359e+00,  1.1108701512423235e+02
    63,  4.9331e+00,  3.1722259967273209e-01,  1.8653624953853882e+00,  4.1191240073335933e-01, -2.5178753124301029e-02, -7.9627034102808983e-02, -1.4999498868257946e-01,  4.6418499222385359e+00,  1.1108701513993590e+02
    64,  5.0275e+00,  3.1722259967273209e-01,  1.8653624953853882e+00,  4.1191240073335933e-01, -2.5178753124301029e-02, -7.9627019201647789e-02, -1.4999500358374065e-01,  4.6418499222385359e+00,  1.1108701512798068e+02
    65,  5.1157e+00,  3.1722259967273209e-01,  1.8653624953853882e+00,  4.1191240073335933e-01, -2.5178753124301029e-02, -7.9627019201647789e-02, -1.4999498868257946e-01,  4.6418499914074900e+00,  1.1108701550843180e+02
    66,  5.1933e+00,  3.1785814488742814e-01,  1.8378140425012941e+00,  3.8949123286834825e-01, -3.1817239748332692e-02, -7.8377705989092425e-02, -1.4503909442529811e-01,  4.6473107140516063e+00,  1.1108168623681168e+02
    67,  5.2708e+00,  3.1785815978858933e-01,  1.8378140425012941e+00,  3.8949123286834825e-01, -3.1817239748332692e-02, -7.8377705989092425e-02, -1.4503909442529811e-01,  4.6473107140516063e+00,  1.1108168651593249e+02
    68,  5.3475e+00,  3.1785814488742814e-01,  1.8378140698868575e+00,  3.8949123286834825e-01, -3.1817239748332692e-02, -7.8377705989092425e-02, -1.4503909442529811e-01,  4.6473107140516063e+00,  1.1108168617548294e+02
    69,  5.4258e+00,  3.1785814488742814e-01,  1.8378140425012941e+00,  3.8949124776950944e-01, -3.1817239748332692e-02, -7.8377705989092425e-02, -1.4503909442529811e-01,  4.6473107140516063e+00,  1.1108168529547895e+02
    70,  5.5012e+00,  3.1785814488742814e-01,  1.8378140425012941e+00,  3.8949123286834825e-01, -3.1817254649493885e-02, -7.8377705989092425e-02, -1.4503909442529811e-01,  4.6473107140516063e+00,  1.1108168623446218e+02
    71,  5.5755e+00,  3.1785814488742814e-01,  1.8378140425012941e+00,  3.8949123286834825e-01, -3.1817239748332692e-02, -7.8377720890253619e-02, -1.4503909442529811e-01,  4.6473107140516063e+00,  1.1108168623969954e+02
    72,  5.6504e+00,  3.1785814488742814e-01,  1.8378140425012941e+00,  3.8949123286834825e-01, -3.1817239748332692e-02, -7.8377705989092425e-02, -1.4503910932645930e-01,  4.6473107140516063e+00,  1.1108168623300877e+02
    73,  5.7250e+00,  3.1785814488742814e-01,  1.8378140425012941e+00,  3.8949123286834825e-01, -3.1817239748332692e-02, -7.8377705989092425e-02, -1.4503909442529811e-01,  4.6473107833019327e+00,  1.1108168579726969e+02
    74,  5.8025e+00,  3.1634096752255147e-01,  1.8389981267896489e+00,  3.9845445847388672e-01, -3.1866581915134334e-02, -7.8321226621500303e-02, -1.4512905646716434e-01,  4.6483453983545626e+00,  1.1074613780444021e+02
    75,  5.8778e+00,  3.1634098242371267e-01,  1.8389981267896489e+00,  3.9845445847388672e-01, -3.1866581915134334e-02, -7.8321226621500303e-02, -1.4512905646716434e-01,  4.6483453983545626e+00,  1.1074613778180492e+02
    76,  5.9536e+00,  3.1634096752255147e-01,  1.8389981541928564e+00,  3.9845445847388672e-01, -3.1866581915134334e-02, -7.8321226621500303e-02, -1.4512905646716434e-01,  4.6483453983545626e+00,  1.1074613770551524e+02
    77,  6.0300e+00,  3.1634096752255147e-01,  1.8389981267896489e+00,  3.9845447337504791e-01, -3.1866581915134334e-02, -7.8321226621500303e-02, -1.4512905646716434e-01,  4.6483453983545626e+00,  1.1074613769411722e+02
    78,  6.1085e+00,  3.1634096752255147e-01,  1.8389981267896489e+00,  3.9845445847388672e-01, -3.1866596816295528e-02, -7.8321226621500303e-02, -1.4512905646716434e-01,  4.6483453983545626e+00,  1.1074613779770640e+02
    79,  6.1908e+00,  3.1634096752255147e-01,  1.8389981267896489e+00,  3.9845445847388672e-01, -3.1866581915134334e-02, -7.8321241522661497e-02, -1.4512905646716434e-01,  4.6483453983545626e+00,  1.1074613780691730e+02
    80,  6.2747e+00,  3.1634096752255147e-01,  1.8389981267896489e+00,  3.9845445847388672e-01, -3.1866581915134334e-02, -7.8321226621500303e-02, -1.4512907136832554e-01,  4.6483453983545626e+00,  1.1074613779895984e+02
    81,  6.3550e+00,  3.1634096752255147e-01,  1.8389981267896489e+00,  3.9845445847388672e-01, -3.1866581915134334e-02, -7.8321226621500303e-02, -1.4512905646716434e-01,  4.6483454676203069e+00,  1.1074613768176749e+02
    82,  6.4339e+00,  3.1699693169013998e-01,  1.8468159431818965e+00,  4.0126061456727380e-01, -3.3487339770322366e-02, -7.7626938931176559e-02, -1.4663118063562772e-01,  4.6515608707562910e+00,  1.1072350125640268e+02
    83,  6.5122e+00,  3.1699694659130118e-01,  1.8468159431818965e+00,  4.0126061456727380e-01, -3.3487339770322366e-02, -7.7626938931176559e-02, -1.4663118063562772e-01,  4.6515608707562910e+00,  1.1072350124337856e+02
    84,  6.5884e+00,  3.1699693169013998e-01,  1.8468159707015985e+00,  4.0126061456727380e-01, -3.3487339770322366e-02, -7.7626938931176559e-02, -1.4663118063562772e-01,  4.6515608707562910e+00,  1.1072350122542015e+02
    85,  6.6662e+00,  3.1699693169013998e-01,  1.8468159431818965e+00,  4.0126062946843499e-01, -3.3487339770322366e-02, -7.7626938931176559e-02, -1.4663118063562772e-01,  4.6515608707562910e+00,  1.1072350137578537e+02
    86,  6.7416e+00,  3.1699693169013998e-01,  1.8468159431818965e+00,  4.0126061456727380e-01, -3.3487354671483560e-02, -7.7626938931176559e-02, -1.4663118063562772e-01,  4.6515608707562910e+00,  1.1072350124896097e+02
    87,  6.8191e+00,  3.1699693169013998e-01,  1.8468159431818965e+00,  4.0126061456727380e-01, -3.3487339770322366e-02, -7.7626953832337753e-02, -1.4663118063562772e-01,  4.6515608707562910e+00,  1.1072350125887573e+02
    88,  6.8937e+00,  3.1699693169013998e-01,  1.8468159431818965e+00,  4.0126061456727380e-01, -3.3487339770322366e-02, -7.7626938931176559e-02, -1.4663119553678891e-01,  4.6515608707562910e+00,  1.1072350125065989e+02
    89,  6.9695e+00,  3.1699693169013998e-01,  1.8468159431818965e+00,  4.0126061456727380e-01, -3.3487339770322366e-02, -7.7626938931176559e-02, -1.4663118063562772e-01,  4.6515609400699489e+00,  1.1072350126112312e+02
    90,  7.0469e+00,  3.1733567837798277e-01,  1.8461442573628049e+00,  3.9843280483090904e-01, -3.8736151260702796e-02, -7.5486425993415651e-02, -1.4923002329478049e-01,  4.6576992227688327e+00,  1.1071599166285921e+02
    91,  7.1240e+00,  3.1733569327914396e-01,  1.8461442573628049e+00,  3.9843280483090904e-01, -3.8736151260702796e-02, -7.5486425993415651e-02, -1.4923002329478049e-01,  4.6576992227688327e+00,  1.1071599169881901e+02
    92,  7.2009e+00,  3.1733567837798277e-01,  1.8461442848724980e+00,  3.9843280483090904e-01, -3.8736151260702796e-02, -7.5486425993415651e-02, -1.4923002329478049e-01,  4.6576992227688327e+00,  1.1071599165588088e+02
    93,  7.2767e+00,  3.1733567837798277e-01,  1.8461442573628049e+00,  3.9843281973207023e-01, -3.8736151260702796e-02, -7.5486425993415651e-02, -1.4923002329478049e-01,  4.6576992227688327e+00,  1.1071599156763504e+02
    94,  7.3533e+00,  3.1733567837798277e-01,  1.8461442573628049e+00,  3.9843280483090904e-01, -3.8736166161863990e-02, -7.5486425993415651e-02, -1.4923002329478049e-01,  4.6576992227688327e+00,  1.1071599165805725e+02
    95,  7.4296e+00,  3.1733567837798277e-01,  1.8461442573628049e+00,  3.9843280483090904e-01, -3.8736151260702796e-02, -7.5486440894576845e-02, -1.4923002329478049e-01,  4.6576992227688327e+00,  1.1071599166538074e+02
    96,  7.5057e+00,  3.1733567837798277e-01,  1.8461442573628049e+00,  3.9843280483090904e-01, -3.8736151260702796e-02, -7.5486425993415651e-02, -1.4923003819594169e-01,  4.6576992227688327e+00,  1.1071599165967720e+02
    97,  7.5824e+00,  3.1733567837798277e-01,  1.8461442573628049e+00,  3.9843280483090904e-01, -3.8736151260702796e-02, -7.5486425993415651e-02, -1.4923002329478049e-01,  4.6576992921739597e+00,  1.1071599159819580e+02
    98,  7.6618e+00,  3.1723292650722323e-01,  1.8478280978960764e+00,  4.0025207479530256e-01, -4.3933614374614405e-02, -7.1996794200103589e-02, -1.5235783147784782e-01,  4.6631762318397714e+00,  1.1071163253148367e+02
    99,  7.7418e+00,  3.1723294140838443e-01,  1.8478280978960764e+00,  4.0025207479530256e-01, -4.3933614374614405e-02, -7.1996794200103589e-02, -1.5235783147784782e-01,  4.6631762318397714e+00,  1.1071163251357193e+02
   100,  7.8189e+00,  3.1723292650722323e-01,  1.8478281254308608e+00,  4.0025207479530256e-01, -4.3933614374614405e-02, -7.1996794200103589e-02, -1.5235783147784782e-01,  4.6631762318397714e+00,  1.1071163254061237e+02
   101,  7.8960e+00,  3.1723292650722323e-01,  1.8478280978960764e+00,  4.0025208969646375e-01, -4.3933614374614405e-02, -7.1996794200103589e-02, -1.5235783147784782e-01,  4.6631762318397714e+00,  1.1071163262480185e+02
   102,  7.9714e+00,  3.1723292650722323e-01,  1.8478280978960764e+00,  4.0025207479530256e-01, -4.3933629275775599e-02, -7.1996794200103589e-02, -1.5235783147784782e-01,  4.6631762318397714e+00,  1.1071163252697211e+02
   103,  8.0468e+00,  3.1723292650722323e-01,  1.8478280978960764e+00,  4.0025207479530256e-01, -4.3933614374614405e-02, -7.1996809101264783e-02, -1.5235783147784782e-01,  4.6631762318397714e+00,  1.1071163253372566e+02
   104,  8.1270e+00,  3.1723292650722323e-01,  1.8478280978960764e+00,  4.0025207479530256e-01, -4.3933614374614405e-02, -7.1996794200103589e-02, -1.5235784637900901e-01,  4.6631762318397714e+00,  1.1071163252937410e+02
   105,  8.2029e+00,  3.1723292650722323e-01,  1.8478280978960764e+00,  4.0025207479530256e-01, -4.3933614374614405e-02, -7.1996794200103589e-02, -1.5235783147784782e-01,  4.6631763013265122e+00,  1.1071163255738675e+02
   106,  8.2811e+00,  3.1727501016522175e-01,  1.8439534262823518e+00,  3.9750069435837254e-01, -4.8944016467521306e-02, -6.8893816871276506e-02, -1.5292119037123145e-01,  4.6684195770718331e+00,  1.1070947087532488e+02
   107,  8.3573e+00,  3.1727502506638294e-01,  1.8439534262823518e+00,  3.9750069435837254e-01, -4.8944016467521306e-02, -6.8893816871276506e-02, -1.5292119037123145e-01,  4.6684195770718331e+00,  1.1070947090186712e+02
   108,  8.4334e+00,  3.1727501016522175e-01,  1.8439534537593991e+00,  3.9750069435837254e-01, -4.8944016467521306e-02, -6.8893816871276506e-02, -1.5292119037123145e-01,  4.6684195770718331e+00,  1.1070947086691481e+02
   109,  8.5088e+00,  3.1727501016522175e-01,  1.8439534262823518e+00,  3.9750070925953374e-01, -4.8944016467521306e-02, -6.8893816871276506e-02, -1.5292119037123145e-01,  4.6684195770718331e+00,  1.1070947077527940e+02
   110,  8.5876e+00,  3.1727501016522175e-01,  1.8439534262823518e+00,  3.9750069435837254e-01, -4.8944031368682500e-02, -6.8893816871276506e-02, -1.5292119037123145e-01,  4.6684195770718331e+00,  1.1070947087298252e+02
   111,  8.6646e+00,  3.1727501016522175e-01,  1.8439534262823518e+00,  3.9750069435837254e-01, -4.8944016467521306e-02, -6.8893831772437700e-02, -1.5292119037123145e-01,  4.6684195770718331e+00,  1.1070947087743519e+02
   112,  8.7433e+00,  3.1727501016522175e-01,  1.8439534262823518e+00,  3.9750069435837254e-01, -4.8944016467521306e-02, -6.8893816871276506e-02, -1.5292120527239264e-01,  4.6684195770718331e+00,  1.1070947087463250e+02
   113,  8.8257e+00,  3.1727501016522175e-01,  1.8439534262823518e+00,  3.9750069435837254e-01, -4.8944016467521306e-02, -6.8893816871276506e-02, -1.5292119037123145e-01,  4.6684196466367061e+00,  1.1070947082121357e+02
   114,  8.9029e+00,  3.1709911028841381e-01,  1.8450879628047150e+00,  3.9937328152336604e-01, -4.9269147751018406e-02, -6.8602656445534288e-02, -1.5309926600775242e-01,  4.6689426275759072e+00,  1.1070674305788305e+02
   115,  8.9869e+00,  3.1709912518957500e-01,  1.8450879628047150e+00,  3.9937328152336604e-01, -4.9269147751018406e-02, -6.8602656445534288e-02, -1.5309926600775242e-01,  4.6689426275759072e+00,  1.1070674303850900e+02
   116,  9.0702e+00,  3.1709911028841381e-01,  1.8450879902986681e+00,  3.9937328152336604e-01, -4.9269147751018406e-02, -6.8602656445534288e-02, -1.5309926600775242e-01,  4.6689426275759072e+00,  1.1070674305025891e+02
   117,  9.1522e+00,  3.1709911028841381e-01,  1.8450879628047150e+00,  3.9937329642452724e-01, -4.9269147751018406e-02, -6.8602656445534288e-02, -1.5309926600775242e-01,  4.6689426275759072e+00,  1.1070674312443600e+02
   118,  9.2341e+00,  3.1709911028841381e-01,  1.8450879628047150e+00,  3.9937328152336604e-01, -4.9269162652179600e-02, -6.8602656445534288e-02, -1.5309926600775242e-01,  4.6689426275759072e+00,  1.1070674305468749e+02
   119,  9.3176e+00,  3.1709911028841381e-01,  1.8450879628047150e+00,  3.9937328152336604e-01, -4.9269147751018406e-02, -6.8602671346695482e-02, -1.5309926600775242e-01,  4.6689426275759072e+00,  1.1070674305991864e+02
   120,  9.4017e+00,  3.1709911028841381e-01,  1.8450879628047150e+00,  3.9937328152336604e-01, -4.9269147751018406e-02, -6.8602656445534288e-02, -1.5309928090891362e-01,  4.6689426275759072e+00,  1.1070674305663871e+02
   121,  9.4839e+00,  3.1709911028841381e-01,  1.8450879628047150e+00,  3.9937328152336604e-01, -4.9269147751018406e-02, -6.8602656445534288e-02, -1.5309926600775242e-01,  4.6689426971485739e+00,  1.1070674307256148e+02
   122,  9.5597e+00,  3.1728464122745126e-01,  1.8445321285999823e+00,  3.9794869651108972e-01, -5.0472407925702484e-02, -6.7752257167111668e-02, -1.5328727584722979e-01,  4.6698036133799370e+00,  1.1070578862298731e+02
   123,  9.6412e+00,  3.1728465612861245e-01,  1.8445321285999823e+00,  3.9794869651108972e-01, -5.0472407925702484e-02, -6.7752257167111668e-02, -1.5328727584722979e-01,  4.6698036133799370e+00,  1.1070578864038912e+02
   124,  9.7222e+00,  3.1728464122745126e-01,  1.8445321560856529e+00,  3.9794869651108972e-01, -5.0472407925702484e-02, -6.7752257167111668e-02, -1.5328727584722979e-01,  4.6698036133799370e+00,  1.1070578861996731e+02
   125,  9.8058e+00,  3.1728464122745126e-01,  1.8445321285999823e+00,  3.9794871141225091e-01, -5.0472407925702484e-02, -6.7752257167111668e-02, -1.5328727584722979e-01,  4.6698036133799370e+00,  1.1070578856890718e+02
   126,  9.8869e+00,  3.1728464122745126e-01,  1.8445321285999823e+00,  3.9794869651108972e-01, -5.0472422826863678e-02, -6.7752257167111668e-02, -1.5328727584722979e-01,  4.6698036133799370e+00,  1.1070578862075884e+02
   127,  9.9686e+00,  3.1728464122745126e-01,  1.8445321285999823e+00,  3.9794869651108972e-01, -5.0472407925702484e-02, -6.7752272068272862e-02, -1.5328727584722979e-01,  4.6698036133799370e+00,  1.1070578862502884e+02
   128,  1.0051e+01,  3.1728464122745126e-01,  1.8445321285999823e+00,  3.9794869651108972e-01, -5.0472407925702484e-02, -6.7752257167111668e-02, -1.5328729074839098e-01,  4.6698036133799370e+00,  1.1070578862240576e+02
   129,  1.0135e+01,  3.1728464122745126e-01,  1.8445321285999823e+00,  3.9794869651108972e-01, -5.0472407925702484e-02, -6.7752257167111668e-02, -1.5328727584722979e-01,  4.6698036829654335e+00,  1.1070578859161012e+02
   130,  1.0222e+01,  3.1720224700866168e-01,  1.8455221925309708e+00,  3.9909118858045350e-01, -5.1517525307046001e-02, -6.6721750880085612e-02, -1.5368041838392571e-01,  4.6706517855081380e+00,  1.1070512653544513e+02
   131,  1.0318e+01,  3.1720226190982287e-01,  1.8455221925309708e+00,  3.9909118858045350e-01, -5.1517525307046001e-02, -6.6721750880085612e-02, -1.5368041838392571e-01,  4.6706517855081380e+00,  1.1070512652367317e+02
   132,  1.0418e+01,  3.1720224700866168e-01,  1.8455222200313945e+00,  3.9909118858045350e-01, -5.1517525307046001e-02, -6.6721750880085612e-02, -1.5368041838392571e-01,  4.6706517855081380e+00,  1.1070512653754668e+02
   133,  1.0518e+01,  3.1720224700866168e-01,  1.8455221925309708e+00,  3.9909120348161470e-01, -5.1517525307046001e-02, -6.6721750880085612e-02, -1.5368041838392571e-01,  4.6706517855081380e+00,  1.1070512658423249e+02
   134,  1.0611e+01,  3.1720224700866168e-01,  1.8455221925309708e+00,  3.9909118858045350e-01, -5.1517540208207195e-02, -6.6721750880085612e-02, -1.5368041838392571e-01,  4.6706517855081380e+00,  1.1070512653290115e+02
   135,  1.0691e+01,  3.1720224700866168e-01,  1.8455221925309708e+00,  3.9909118858045350e-01, -5.1517525307046001e-02, -6.6721765781246806e-02, -1.5368041838392571e-01,  4.6706517855081380e+00,  1.1070512653739604e+02
   136,  1.0770e+01,  3.1720224700866168e-01,  1.8455221925309708e+00,  3.9909118858045350e-01, -5.1517525307046001e-02, -6.6721750880085612e-02, -1.5368043328508690e-01,  4.6706517855081380e+00,  1.1070512653472788e+02
   137,  1.0846e+01,  3.1720224700866168e-01,  1.8455221925309708e+00,  3.9909118858045350e-01, -5.1517525307046001e-02, -6.6721750880085612e-02, -1.5368041838392571e-01,  4.6706518551062732e+00,  1.1070512654921548e+02
   138,  1.0924e+01,  3.1728628934653574e-01,  1.8454291381287533e+00,  3.9853434197984400e-01, -5.1579367262971250e-02, -6.6673196588934572e-02, -1.5369171873242157e-01,  4.6706313010557325e+00,  1.1070418619464780e+02
   139,  1.1000e+01,  3.1728630424769694e-01,  1.8454291381287533e+00,  3.9853434197984400e-01, -5.1579367262971250e-02, -6.6673196588934572e-02, -1.5369171873242157e-01,  4.6706313010557325e+00,  1.1070418619848017e+02
   140,  1.1076e+01,  3.1728628934653574e-01,  1.8454291656277904e+00,  3.9853434197984400e-01, -5.1579367262971250e-02, -6.6673196588934572e-02, -1.5369171873242157e-01,  4.6706313010557325e+00,  1.1070418619940125e+02
   141,  1.1153e+01,  3.1728628934653574e-01,  1.8454291381287533e+00,  3.9853435688100519e-01, -5.1579367262971250e-02, -6.6673196588934572e-02, -1.5369171873242157e-01,  4.6706313010557325e+00,  1.1070418619340411e+02
   142,  1.1232e+01,  3.1728628934653574e-01,  1.8454291381287533e+00,  3.9853434197984400e-01, -5.1579382164132444e-02, -6.6673196588934572e-02, -1.5369171873242157e-01,  4.6706313010557325e+00,  1.1070418619240940e+02
   143,  1.1311e+01,  3.1728628934653574e-01,  1.8454291381287533e+00,  3.9853434197984400e-01, -5.1579367262971250e-02, -6.6673211490095766e-02, -1.5369171873242157e-01,  4.6706313010557325e+00,  1.1070418619661964e+02
   144,  1.1391e+01,  3.1728628934653574e-01,  1.8454291381287533e+00,  3.9853434197984400e-01, -5.1579367262971250e-02, -6.6673196588934572e-02, -1.5369173363358277e-01,  4.6706313010557325e+00,  1.1070418619414751e+02
   145,  1.1470e+01,  3.1728628934653574e-01,  1.8454291381287533e+00,  3.9853434197984400e-01, -5.1579367262971250e-02, -6.6673196588934572e-02, -1.5369171873242157e-01,  4.6706313706535623e+00,  1.1070418618917117e+02
   146,  1.1547e+01,  3.1724603291732018e-01,  1.8451679667541518e+00,  3.9851911948985186e-01, -5.1928934897208387e-02, -6.6358777269124813e-02, -1.5376185232979248e-01,  4.6708223274362251e+00,  1.1070403688224532e+02
   147,  1.1625e+01,  3.1724604781848137e-01,  1.8451679667541518e+00,  3.9851911948985186e-01, -5.1928934897208387e-02, -6.6358777269124813e-02, -1.5376185232979248e-01,  4.6708223274362251e+00,  1.1070403688178624e+02
   148,  1.1703e+01,  3.1724603291732018e-01,  1.8451679942492971e+00,  3.9851911948985186e-01, -5.1928934897208387e-02, -6.6358777269124813e-02, -1.5376185232979248e-01,  4.6708223274362251e+00,  1.1070403688481875e+02
   149,  1.1781e+01,  3.1724603291732018e-01,  1.8451679667541518e+00,  3.9851913439101305e-01, -5.1928934897208387e-02, -6.6358777269124813e-02, -1.5376185232979248e-01,  4.6708223274362251e+00,  1.1070403688220273e+02
   150,  1.1860e+01,  3.1724603291732018e-01,  1.8451679667541518e+00,  3.9851911948985186e-01, -5.1928949798369581e-02, -6.6358777269124813e-02, -1.5376185232979248e-01,  4.6708223274362251e+00,  1.1070403688007465e+02
   151,  1.1938e+01,  3.1724603291732018e-01,  1.8451679667541518e+00,  3.9851911948985186e-01, -5.1928934897208387e-02, -6.6358792170286007e-02, -1.5376185232979248e-01,  4.6708223274362251e+00,  1.1070403688419188e+02
   152,  1.2017e+01,  3.1724603291732018e-01,  1.8451679667541518e+00,  3.9851911948985186e-01, -5.1928934897208387e-02, -6.6358777269124813e-02, -1.5376186723095367e-01,  4.6708223274362251e+00,  1.1070403688181078e+02
   153,  1.2096e+01,  3.1724603291732018e-01,  1.8451679667541518e+00,  3.9851911948985186e-01, -5.1928934897208387e-02, -6.6358777269124813e-02, -1.5376185232979248e-01,  4.6708223970369014e+00,  1.1070403687652139e+02
   154,  1.2179e+01,  3.1723980502293270e-01,  1.8449334803558493e+00,  3.9846043969981898e-01, -5.2667422201802747e-02, -6.5661389952787086e-02, -1.5387978417119846e-01,  4.6712977557258286e+00,  1.1070378693517623e+02
   155,  1.2258e+01,  3.1723981992409389e-01,  1.8449334803558493e+00,  3.9846043969981898e-01, -5.2667422201802747e-02, -6.5661389952787086e-02, -1.5387978417119846e-01,  4.6712977557258286e+00,  1.1070378693550424e+02
   156,  1.2338e+01,  3.1723980502293270e-01,  1.8449335078475004e+00,  3.9846043969981898e-01, -5.2667422201802747e-02, -6.5661389952787086e-02, -1.5387978417119846e-01,  4.6712977557258286e+00,  1.1070378693602169e+02
   157,  1.2416e+01,  3.1723980502293270e-01,  1.8449334803558493e+00,  3.9846045460098017e-01, -5.2667422201802747e-02, -6.5661389952787086e-02, -1.5387978417119846e-01,  4.6712977557258286e+00,  1.1070378693403110e+02
   158,  1.2494e+01,  3.1723980502293270e-01,  1.8449334803558493e+00,  3.9846043969981898e-01, -5.2667437102963940e-02, -6.5661389952787086e-02, -1.5387978417119846e-01,  4.6712977557258286e+00,  1.1070378693316736e+02
   159,  1.2573e+01,  3.1723980502293270e-01,  1.8449334803558493e+00,  3.9846043969981898e-01, -5.2667422201802747e-02, -6.5661404853948280e-02, -1.5387978417119846e-01,  4.6712977557258286e+00,  1.1070378693707556e+02
   160,  1.2653e+01,  3.1723980502293270e-01,  1.8449334803558493e+00,  3.9846043969981898e-01, -5.2667422201802747e-02, -6.5661389952787086e-02, -1.5387979907235966e-01,  4.6712977557258286e+00,  1.1070378693484844e+02
   161,  1.2734e+01,  3.1723980502293270e-01,  1.8449334803558493e+00,  3.9846043969981898e-01, -5.2667422201802747e-02, -6.5661389952787086e-02, -1.5387978417119846e-01,  4.6712978253335891e+00,  1.1070378692885019e+02
   162,  1.2819e+01,  3.1724008616629595e-01,  1.8447348805290711e+00,  3.9839438643131386e-01, -5.4085839891907850e-02, -6.4154892798728061e-02, -1.5400646368745588e-01,  4.6722872904456585e+00,  1.1070333930435962e+02
   163,  1.2898e+01,  3.1724010106745715e-01,  1.8447348805290711e+00,  3.9839438643131386e-01, -5.4085839891907850e-02, -6.4154892798728061e-02, -1.5400646368745588e-01,  4.6722872904456585e+00,  1.1070333930498185e+02
   164,  1.2977e+01,  3.1724008616629595e-01,  1.8447349080177629e+00,  3.9839438643131386e-01, -5.4085839891907850e-02, -6.4154892798728061e-02, -1.5400646368745588e-01,  4.6722872904456585e+00,  1.1070333930472553e+02
   165,  1.3056e+01,  3.1724008616629595e-01,  1.8447348805290711e+00,  3.9839440133247506e-01, -5.4085839891907850e-02, -6.4154892798728061e-02, -1.5400646368745588e-01,  4.6722872904456585e+00,  1.1070333930446107e+02
   166,  1.3136e+01,  3.1724008616629595e-01,  1.8447348805290711e+00,  3.9839438643131386e-01, -5.4085854793069044e-02, -6.4154892798728061e-02, -1.5400646368745588e-01,  4.6722872904456585e+00,  1.1070333930264610e+02
   167,  1.3217e+01,  3.1724008616629595e-01,  1.8447348805290711e+00,  3.9839438643131386e-01, -5.4085839891907850e-02, -6.4154907699889255e-02, -1.5400646368745588e-01,  4.6722872904456585e+00,  1.1070333930616295e+02
   168,  1.3297e+01,  3.1724008616629595e-01,  1.8447348805290711e+00,  3.9839438643131386e-01, -5.4085839891907850e-02, -6.4154892798728061e-02, -1.5400647858861707e-01,  4.6722872904456585e+00,  1.1070333930419663e+02
   169,  1.3380e+01,  3.1724008616629595e-01,  1.8447348805290711e+00,  3.9839438643131386e-01, -5.4085839891907850e-02, -6.4154892798728061e-02, -1.5400646368745588e-01,  4.6722873600681645e+00,  1.1070333929954698e+02
