Problem type:
least_squares
nparams:
18
function_evaluation,seconds,x(0),x(1),x(2),x(3),x(4),x(5),x(6),x(7),x(8),x(9),x(10),x(11),x(12),x(13),x(14),x(15),x(16),x(17),objective_function
     0,  1.6624e-01,  3.6397935101049755e-01,  2.3167019743929638e+00,  3.1402035057544186e-01, -9.4259940021074150e-03,  4.3924491464454991e-02, -3.9342056700024247e-02,  0.0000000000000000e+00, -8.6524516678647712e-01, -1.3334900675347785e+00,  0.0000000000000000e+00,  1.0254647081828843e+00, -2.8079538096018393e+00,  1.1881330363521823e+00,  0.0000000000000000e+00,  6.3580286517452844e-02,  7.5303491159547594e-04,  0.0000000000000000e+00,  4.7577357664758440e+00,  1.0514954738611972e+02
     1,  3.3310e-01,  3.6397936591165875e-01,  2.3167019743929638e+00,  3.1402035057544186e-01, -9.4259940021074150e-03,  4.3924491464454991e-02, -3.9342056700024247e-02,  0.0000000000000000e+00, -8.6524516678647712e-01, -1.3334900675347785e+00,  0.0000000000000000e+00,  1.0254647081828843e+00, -2.8079538096018393e+00,  1.1881330363521823e+00,  0.0000000000000000e+00,  6.3580286517452844e-02,  7.5303491159547594e-04,  0.0000000000000000e+00,  4.7577357664758440e+00,  1.0514954696652919e+02
     2,  4.9595e-01,  3.6397935101049755e-01,  2.3167020089145134e+00,  3.1402035057544186e-01, -9.4259940021074150e-03,  4.3924491464454991e-02, -3.9342056700024247e-02,  0.0000000000000000e+00, -8.6524516678647712e-01, -1.3334900675347785e+00,  0.0000000000000000e+00,  1.0254647081828843e+00, -2.8079538096018393e+00,  1.1881330363521823e+00,  0.0000000000000000e+00,  6.3580286517452844e-02,  7.5303491159547594e-04,  0.0000000000000000e+00,  4.7577357664758440e+00,  1.0514954732238350e+02
     3,  6.5623e-01,  3.6397935101049755e-01,  2.3167019743929638e+00,  3.1402036547660306e-01, -9.4259940021074150e-03,  4.3924491464454991e-02, -3.9342056700024247e-02,  0.0000000000000000e+00, -8.6524516678647712e-01, -1.3334900675347785e+00,  0.0000000000000000e+00,  1.0254647081828843e+00, -2.8079538096018393e+00,  1.1881330363521823e+00,  0.0000000000000000e+00,  6.3580286517452844e-02,  7.5303491159547594e-04,  0.0000000000000000e+00,  4.7577357664758440e+00,  1.0514954811831899e+02
     4,  8.2055e-01,  3.6397935101049755e-01,  2.3167019743929638e+00,  3.1402035057544186e-01, -9.4260089032686088e-03,  4.3924491464454991e-02, -3.9342056700024247e-02,  0.0000000000000000e+00, -8.6524516678647712e-01, -1.3334900675347785e+00,  0.0000000000000000e+00,  1.0254647081828843e+00, -2.8079538096018393e+00,  1.1881330363521823e+00,  0.0000000000000000e+00,  6.3580286517452844e-02,  7.5303491159547594e-04,  0.0000000000000000e+00,  4.7577357664758440e+00,  1.0514954754627729e+02
     5,  9.8428e-01,  3.6397935101049755e-01,  2.3167019743929638e+00,  3.1402035057544186e-01, -9.4259940021074150e-03,  4.3924506365616185e-02, -3.9342056700024247e-02,  0.0000000000000000e+00, -8.6524516678647712e-01, -1.3334900675347785e+00,  0.0000000000000000e+00,  1.0254647081828843e+00, -2.8079538096018393e+00,  1.1881330363521823e+00,  0.0000000000000000e+00,  6.3580286517452844e-02,  7.5303491159547594e-04,  0.0000000000000000e+00,  4.7577357664758440e+00,  1.0514954755816576e+02
     6,  1.1494e+00,  3.6397935101049755e-01,  2.3167019743929638e+00,  3.1402035057544186e-01, -9.4259940021074150e-03,  4.3924491464454991e-02, -3.9342071601185441e-02,  0.0000000000000000e+00, -8.6524516678647712e-01, -1.3334900675347785e+00,  0.0000000000000000e+00,  1.0254647081828843e+00, -2.8079538096018393e+00,  1.1881330363521823e+00,  0.0000000000000000e+00,  6.3580286517452844e-02,  7.5303491159547594e-04,  0.0000000000000000e+00,  4.7577357664758440e+00,  1.0514954746682270e+02
     7,  1.3193e+00,  3.6397935101049755e-01,  2.3167019743929638e+00,  3.1402035057544186e-01, -9.4259940021074150e-03,  4.3924491464454991e-02, -3.9342056700024247e-02,  1.4901161193847656e-08, -8.6524516678647712e-01, -1.3334900675347785e+00,  0.0000000000000000e+00,  1.0254647081828843e+00, -2.8079538096018393e+00,  1.1881330363521823e+00,  0.0000000000000000e+00,  6.3580286517452844e-02,  7.5303491159547594e-04,  0.0000000000000000e+00,  4.7577357664758440e+00,  1.0514954736360004e+02
     8,  1.4840e+00,  3.6397935101049755e-01,  2.3167019743929638e+00,  3.1402035057544186e-01, -9.4259940021074150e-03,  4.3924491464454991e-02, -3.9342056700024247e-02,  0.0000000000000000e+00, -8.6524518168763831e-01, -1.3334900675347785e+00,  0.0000000000000000e+00,  1.0254647081828843e+00, -2.8079538096018393e+00,  1.1881330363521823e+00,  0.0000000000000000e+00,  6.3580286517452844e-02,  7.5303491159547594e-04,  0.0000000000000000e+00,  4.7577357664758440e+00,  1.0514954746644972e+02
     9,  1.6482e+00,  3.6397935101049755e-01,  2.3167019743929638e+00,  3.1402035057544186e-01, -9.4259940021074150e-03,  4.3924491464454991e-02, -3.9342056700024247e-02,  0.0000000000000000e+00, -8.6524516678647712e-01, -1.3334900874053290e+00,  0.0000000000000000e+00,  1.0254647081828843e+00, -2.8079538096018393e+00,  1.1881330363521823e+00,  0.0000000000000000e+00,  6.3580286517452844e-02,  7.5303491159547594e-04,  0.0000000000000000e+00,  4.7577357664758440e+00,  1.0514954740563103e+02
    10,  1.8116e+00,  3.6397935101049755e-01,  2.3167019743929638e+00,  3.1402035057544186e-01, -9.4259940021074150e-03,  4.3924491464454991e-02, -3.9342056700024247e-02,  0.0000000000000000e+00, -8.6524516678647712e-01, -1.3334900675347785e+00,  1.4901161193847656e-08,  1.0254647081828843e+00, -2.8079538096018393e+00,  1.1881330363521823e+00,  0.0000000000000000e+00,  6.3580286517452844e-02,  7.5303491159547594e-04,  0.0000000000000000e+00,  4.7577357664758440e+00,  1.0514954698437101e+02
    11,  1.9748e+00,  3.6397935101049755e-01,  2.3167019743929638e+00,  3.1402035057544186e-01, -9.4259940021074150e-03,  4.3924491464454991e-02, -3.9342056700024247e-02,  0.0000000000000000e+00, -8.6524516678647712e-01, -1.3334900675347785e+00,  0.0000000000000000e+00,  1.0254647234634993e+00, -2.8079538096018393e+00,  1.1881330363521823e+00,  0.0000000000000000e+00,  6.3580286517452844e-02,  7.5303491159547594e-04,  0.0000000000000000e+00,  4.7577357664758440e+00,  1.0514954734058780e+02
    12,  2.1353e+00,  3.6397935101049755e-01,  2.3167019743929638e+00,  3.1402035057544186e-01, -9.4259940021074150e-03,  4.3924491464454991e-02, -3.9342056700024247e-02,  0.0000000000000000e+00, -8.6524516678647712e-01, -1.3334900675347785e+00,  0.0000000000000000e+00,  1.0254647081828843e+00, -2.8079538514436115e+00,  1.1881330363521823e+00,  0.0000000000000000e+00,  6.3580286517452844e-02,  7.5303491159547594e-04,  0.0000000000000000e+00,  4.7577357664758440e+00,  1.0514954739353814e+02
    13,  2.2987e+00,  3.6397935101049755e-01,  2.3167019743929638e+00,  3.1402035057544186e-01, -9.4259940021074150e-03,  4.3924491464454991e-02, -3.9342056700024247e-02,  0.0000000000000000e+00, -8.6524516678647712e-01, -1.3334900675347785e+00,  0.0000000000000000e+00,  1.0254647081828843e+00, -2.8079538096018393e+00,  1.1881330540567441e+00,  0.0000000000000000e+00,  6.3580286517452844e-02,  7.5303491159547594e-04,  0.0000000000000000e+00,  4.7577357664758440e+00,  1.0514954727294794e+02
    14,  2.4586e+00,  3.6397935101049755e-01,  2.3167019743929638e+00,  3.1402035057544186e-01, -9.4259940021074150e-03,  4.3924491464454991e-02, -3.9342056700024247e-02,  0.0000000000000000e+00, -8.6524516678647712e-01, -1.3334900675347785e+00,  0.0000000000000000e+00,  1.0254647081828843e+00, -2.8079538096018393e+00,  1.1881330363521823e+00,  1.4901161193847656e-08,  6.3580286517452844e-02,  7.5303491159547594e-04,  0.0000000000000000e+00,  4.7577357664758440e+00,  1.0514954764909757e+02
    15,  2.6184e+00,  3.6397935101049755e-01,  2.3167019743929638e+00,  3.1402035057544186e-01, -9.4259940021074150e-03,  4.3924491464454991e-02, -3.9342056700024247e-02,  0.0000000000000000e+00, -8.6524516678647712e-01, -1.3334900675347785e+00,  0.0000000000000000e+00,  1.0254647081828843e+00, -2.8079538096018393e+00,  1.1881330363521823e+00,  0.0000000000000000e+00,  6.3580301418614038e-02,  7.5303491159547594e-04,  0.0000000000000000e+00,  4.7577357664758440e+00,  1.0514954736713078e+02
    16,  2.7822e+00,  3.6397935101049755e-01,  2.3167019743929638e+00,  3.1402035057544186e-01, -9.4259940021074150e-03,  4.3924491464454991e-02, -3.9342056700024247e-02,  0.0000000000000000e+00, -8.6524516678647712e-01, -1.3334900675347785e+00,  0.0000000000000000e+00,  1.0254647081828843e+00, -2.8079538096018393e+00,  1.1881330363521823e+00,  0.0000000000000000e+00,  6.3580286517452844e-02,  7.5304981275666979e-04,  0.0000000000000000e+00,  4.7577357664758440e+00,  1.0514954741550898e+02
    17,  2.9537e+00,  3.6397935101049755e-01,  2.3167019743929638e+00,  3.1402035057544186e-01, -9.4259940021074150e-03,  4.3924491464454991e-02, -3.9342056700024247e-02,  0.0000000000000000e+00, -8.6524516678647712e-01, -1.3334900675347785e+00,  0.0000000000000000e+00,  1.0254647081828843e+00, -2.8079538096018393e+00,  1.1881330363521823e+00,  0.0000000000000000e+00,  6.3580286517452844e-02,  7.5303491159547594e-04,  1.4901161193847656e-08,  4.7577357664758440e+00,  1.0514954737070708e+02
    18,  3.1300e+00,  3.6397935101049755e-01,  2.3167019743929638e+00,  3.1402035057544186e-01, -9.4259940021074150e-03,  4.3924491464454991e-02, -3.9342056700024247e-02,  0.0000000000000000e+00, -8.6524516678647712e-01, -1.3334900675347785e+00,  0.0000000000000000e+00,  1.0254647081828843e+00, -2.8079538096018393e+00,  1.1881330363521823e+00,  0.0000000000000000e+00,  6.3580286517452844e-02,  7.5303491159547594e-04,  0.0000000000000000e+00,  4.7577358373716319e+00,  1.0514954729334272e+02
    19,  3.2869e+00,  3.7028319356079481e-01,  3.3417687055574206e+00,  6.7489845539403936e-01,  1.0928428424060563e-01, -1.5183224075447693e-01,  1.1903232229998936e-02, -4.6479106253590835e-02, -4.6579988083881396e-01, -3.1755595468669595e+00,  3.1867982603187848e+00,  1.6075478261262004e+00, -1.4919730139845444e+00,  2.2139503869492985e+00, -2.4092047486425767e+00,  1.6572592595570645e-03, -1.0748840808801917e-01,  7.9259386788429281e-02,  6.0793783588754735e-01,  1.1928808588914566e+05
    20,  3.4473e+00,  3.6226309663703898e-01,  2.6064431026302404e+00,  3.7791897734541324e-01,  1.2473265112581139e-01, -2.0591050415658432e-01,  1.0294902737236336e-01, -2.6408435044471150e-02, -8.5780600903286219e-01, -1.4727382382827436e+00,  1.1459050352636937e+00,  9.4232325782217974e-01, -2.7054248355995307e+00,  1.4495180584532168e+00, -7.3020690446964553e-01,  1.4782721314627136e-02, -2.2272744701918156e-02,  6.4856552670906368e-03,  4.1050936510798266e+00,  9.3427085275688682e+01
    21,  3.6105e+00,  3.6226311153820018e-01,  2.6064431026302404e+00,  3.7791897734541324e-01,  1.2473265112581139e-01, -2.0591050415658432e-01,  1.0294902737236336e-01, -2.6408435044471150e-02, -8.5780600903286219e-01, -1.4727382382827436e+00,  1.1459050352636937e+00,  9.4232325782217974e-01, -2.7054248355995307e+00,  1.4495180584532168e+00, -7.3020690446964553e-01,  1.4782721314627136e-02, -2.2272744701918156e-02,  6.4856552670906368e-03,  4.1050936510798266e+00,  9.3427087837699801e+01
    22,  3.7716e+00,  3.6226309663703898e-01,  2.6064431414692693e+00,  3.7791897734541324e-01,  1.2473265112581139e-01, -2.0591050415658432e-01,  1.0294902737236336e-01, -2.6408435044471150e-02, -8.5780600903286219e-01, -1.4727382382827436e+00,  1.1459050352636937e+00,  9.4232325782217974e-01, -2.7054248355995307e+00,  1.4495180584532168e+00, -7.3020690446964553e-01,  1.4782721314627136e-02, -2.2272744701918156e-02,  6.4856552670906368e-03,  4.1050936510798266e+00,  9.3427085368819093e+01
    23,  3.9310e+00,  3.6226309663703898e-01,  2.6064431026302404e+00,  3.7791899224657444e-01,  1.2473265112581139e-01, -2.0591050415658432e-01,  1.0294902737236336e-01, -2.6408435044471150e-02, -8.5780600903286219e-01, -1.4727382382827436e+00,  1.1459050352636937e+00,  9.4232325782217974e-01, -2.7054248355995307e+00,  1.4495180584532168e+00, -7.3020690446964553e-01,  1.4782721314627136e-02, -2.2272744701918156e-02,  6.4856552670906368e-03,  4.1050936510798266e+00,  9.3427079832473297e+01
    24,  4.0863e+00,  3.6226309663703898e-01,  2.6064431026302404e+00,  3.7791897734541324e-01,  1.2473266602697258e-01, -2.0591050415658432e-01,  1.0294902737236336e-01, -2.6408435044471150e-02, -8.5780600903286219e-01, -1.4727382382827436e+00,  1.1459050352636937e+00,  9.4232325782217974e-01, -2.7054248355995307e+00,  1.4495180584532168e+00, -7.3020690446964553e-01,  1.4782721314627136e-02, -2.2272744701918156e-02,  6.4856552670906368e-03,  4.1050936510798266e+00,  9.3427085521747813e+01
    25,  4.2421e+00,  3.6226309663703898e-01,  2.6064431026302404e+00,  3.7791897734541324e-01,  1.2473265112581139e-01, -2.0591051905774552e-01,  1.0294902737236336e-01, -2.6408435044471150e-02, -8.5780600903286219e-01, -1.4727382382827436e+00,  1.1459050352636937e+00,  9.4232325782217974e-01, -2.7054248355995307e+00,  1.4495180584532168e+00, -7.3020690446964553e-01,  1.4782721314627136e-02, -2.2272744701918156e-02,  6.4856552670906368e-03,  4.1050936510798266e+00,  9.3427085461544323e+01
    26,  4.4029e+00,  3.6226309663703898e-01,  2.6064431026302404e+00,  3.7791897734541324e-01,  1.2473265112581139e-01, -2.0591050415658432e-01,  1.0294904227352455e-01, -2.6408435044471150e-02, -8.5780600903286219e-01, -1.4727382382827436e+00,  1.1459050352636937e+00,  9.4232325782217974e-01, -2.7054248355995307e+00,  1.4495180584532168e+00, -7.3020690446964553e-01,  1.4782721314627136e-02, -2.2272744701918156e-02,  6.4856552670906368e-03,  4.1050936510798266e+00,  9.3427085302703119e+01
    27,  4.5586e+00,  3.6226309663703898e-01,  2.6064431026302404e+00,  3.7791897734541324e-01,  1.2473265112581139e-01, -2.0591050415658432e-01,  1.0294902737236336e-01, -2.6408449945632344e-02, -8.5780600903286219e-01, -1.4727382382827436e+00,  1.1459050352636937e+00,  9.4232325782217974e-01, -2.7054248355995307e+00,  1.4495180584532168e+00, -7.3020690446964553e-01,  1.4782721314627136e-02, -2.2272744701918156e-02,  6.4856552670906368e-03,  4.1050936510798266e+00,  9.3427085252443561e+01
    28,  4.7154e+00,  3.6226309663703898e-01,  2.6064431026302404e+00,  3.7791897734541324e-01,  1.2473265112581139e-01, -2.0591050415658432e-01,  1.0294902737236336e-01, -2.6408435044471150e-02, -8.5780602393402339e-01, -1.4727382382827436e+00,  1.1459050352636937e+00,  9.4232325782217974e-01, -2.7054248355995307e+00,  1.4495180584532168e+00, -7.3020690446964553e-01,  1.4782721314627136e-02, -2.2272744701918156e-02,  6.4856552670906368e-03,  4.1050936510798266e+00,  9.3427085134006632e+01
    29,  4.8739e+00,  3.6226309663703898e-01,  2.6064431026302404e+00,  3.7791897734541324e-01,  1.2473265112581139e-01, -2.0591050415658432e-01,  1.0294902737236336e-01, -2.6408435044471150e-02, -8.5780600903286219e-01, -1.4727382602282535e+00,  1.1459050352636937e+00,  9.4232325782217974e-01, -2.7054248355995307e+00,  1.4495180584532168e+00, -7.3020690446964553e-01,  1.4782721314627136e-02, -2.2272744701918156e-02,  6.4856552670906368e-03,  4.1050936510798266e+00,  9.3427085633753549e+01
    30,  5.0329e+00,  3.6226309663703898e-01,  2.6064431026302404e+00,  3.7791897734541324e-01,  1.2473265112581139e-01, -2.0591050415658432e-01,  1.0294902737236336e-01, -2.6408435044471150e-02, -8.5780600903286219e-01, -1.4727382382827436e+00,  1.1459050523390093e+00,  9.4232325782217974e-01, -2.7054248355995307e+00,  1.4495180584532168e+00, -7.3020690446964553e-01,  1.4782721314627136e-02, -2.2272744701918156e-02,  6.4856552670906368e-03,  4.1050936510798266e+00,  9.3427085578807464e+01
    31,  5.1911e+00,  3.6226309663703898e-01,  2.6064431026302404e+00,  3.7791897734541324e-01,  1.2473265112581139e-01, -2.0591050415658432e-01,  1.0294902737236336e-01, -2.6408435044471150e-02, -8.5780600903286219e-01, -1.4727382382827436e+00,  1.1459050352636937e+00,  9.4232327272334093e-01, -2.7054248355995307e+00,  1.4495180584532168e+00, -7.3020690446964553e-01,  1.4782721314627136e-02, -2.2272744701918156e-02,  6.4856552670906368e-03,  4.1050936510798266e+00,  9.3427085043293559e+01
    32,  5.3517e+00,  3.6226309663703898e-01,  2.6064431026302404e+00,  3.7791897734541324e-01,  1.2473265112581139e-01, -2.0591050415658432e-01,  1.0294902737236336e-01, -2.6408435044471150e-02, -8.5780600903286219e-01, -1.4727382382827436e+00,  1.1459050352636937e+00,  9.4232325782217974e-01, -2.7054248759135024e+00,  1.4495180584532168e+00, -7.3020690446964553e-01,  1.4782721314627136e-02, -2.2272744701918156e-02,  6.4856552670906368e-03,  4.1050936510798266e+00,  9.3427084809479723e+01
    33,  5.5098e+00,  3.6226309663703898e-01,  2.6064431026302404e+00,  3.7791897734541324e-01,  1.2473265112581139e-01, -2.0591050415658432e-01,  1.0294902737236336e-01, -2.6408435044471150e-02, -8.5780600903286219e-01, -1.4727382382827436e+00,  1.1459050352636937e+00,  9.4232325782217974e-01, -2.7054248355995307e+00,  1.4495180800527190e+00, -7.3020690446964553e-01,  1.4782721314627136e-02, -2.2272744701918156e-02,  6.4856552670906368e-03,  4.1050936510798266e+00,  9.3427085202406431e+01
    34,  5.6688e+00,  3.6226309663703898e-01,  2.6064431026302404e+00,  3.7791897734541324e-01,  1.2473265112581139e-01, -2.0591050415658432e-01,  1.0294902737236336e-01, -2.6408435044471150e-02, -8.5780600903286219e-01, -1.4727382382827436e+00,  1.1459050352636937e+00,  9.4232325782217974e-01, -2.7054248355995307e+00,  1.4495180584532168e+00, -7.3020691937080673e-01,  1.4782721314627136e-02, -2.2272744701918156e-02,  6.4856552670906368e-03,  4.1050936510798266e+00,  9.3427085077582461e+01
    35,  5.8290e+00,  3.6226309663703898e-01,  2.6064431026302404e+00,  3.7791897734541324e-01,  1.2473265112581139e-01, -2.0591050415658432e-01,  1.0294902737236336e-01, -2.6408435044471150e-02, -8.5780600903286219e-01, -1.4727382382827436e+00,  1.1459050352636937e+00,  9.4232325782217974e-01, -2.7054248355995307e+00,  1.4495180584532168e+00, -7.3020690446964553e-01,  1.4782736215788329e-02, -2.2272744701918156e-02,  6.4856552670906368e-03,  4.1050936510798266e+00,  9.3427085465484694e+01
    36,  5.9884e+00,  3.6226309663703898e-01,  2.6064431026302404e+00,  3.7791897734541324e-01,  1.2473265112581139e-01, -2.0591050415658432e-01,  1.0294902737236336e-01, -2.6408435044471150e-02, -8.5780600903286219e-01, -1.4727382382827436e+00,  1.1459050352636937e+00,  9.4232325782217974e-01, -2.7054248355995307e+00,  1.4495180584532168e+00, -7.3020690446964553e-01,  1.4782721314627136e-02, -2.2272759603079350e-02,  6.4856552670906368e-03,  4.1050936510798266e+00,  9.3427085301412248e+01
    37,  6.1483e+00,  3.6226309663703898e-01,  2.6064431026302404e+00,  3.7791897734541324e-01,  1.2473265112581139e-01, -2.0591050415658432e-01,  1.0294902737236336e-01, -2.6408435044471150e-02, -8.5780600903286219e-01, -1.4727382382827436e+00,  1.1459050352636937e+00,  9.4232325782217974e-01, -2.7054248355995307e+00,  1.4495180584532168e+00, -7.3020690446964553e-01,  1.4782721314627136e-02, -2.2272744701918156e-02,  6.4856701682518307e-03,  4.1050936510798266e+00,  9.3427085254215669e+01
    38,  6.3111e+00,  3.6226309663703898e-01,  2.6064431026302404e+00,  3.7791897734541324e-01,  1.2473265112581139e-01, -2.0591050415658432e-01,  1.0294902737236336e-01, -2.6408435044471150e-02, -8.5780600903286219e-01, -1.4727382382827436e+00,  1.1459050352636937e+00,  9.4232325782217974e-01, -2.7054248355995307e+00,  1.4495180584532168e+00, -7.3020690446964553e-01,  1.4782721314627136e-02, -2.2272744701918156e-02,  6.4856552670906368e-03,  4.1050937122504889e+00,  9.3427082935759003e+01
    39,  6.4839e+00,  3.6184269131836738e-01,  2.1513755663022565e+00,  3.2403092787676802e-01, -6.2190784587764142e-02,  2.6544786396488085e-01, -1.0947726295754334e-01,  1.5811577850013053e-01, -8.8626717836292446e-01, -1.2046278949997116e+00,  5.8305342274895433e-01,  9.6829926220429552e-01, -2.6136005282488570e+00,  1.1463451391447619e+00, -3.6824597034357026e-01, -6.7225437653961856e-02,  2.0262465485354240e-02,  9.3289533018184365e-02,  4.7892877740233644e+00,  9.6592644445541040e+01
    40,  6.6459e+00,  3.6411897240932017e-01,  2.5140743968293204e+00,  3.7209763359479853e-01, -3.9068311785220577e-03, -6.0271748609363351e-02,  6.0903491947706223e-02, -3.3277204808786855e-02, -8.7706705276810093e-01, -1.4212428454280086e+00,  1.0801497149289305e+00,  1.0159773359178459e+00, -2.7455432937623447e+00,  1.3493509812273201e+00, -7.7136306447707537e-01, -8.3736711851414958e-02,  9.1186233774855595e-03,  4.4739486186048859e-02,  4.2348789672523024e+00,  8.9233860258450193e+01
    41,  6.8128e+00,  3.6411898731048137e-01,  2.5140743968293204e+00,  3.7209763359479853e-01, -3.9068311785220577e-03, -6.0271748609363351e-02,  6.0903491947706223e-02, -3.3277204808786855e-02, -8.7706705276810093e-01, -1.4212428454280086e+00,  1.0801497149289305e+00,  1.0159773359178459e+00, -2.7455432937623447e+00,  1.3493509812273201e+00, -7.7136306447707537e-01, -8.3736711851414958e-02,  9.1186233774855595e-03,  4.4739486186048859e-02,  4.2348789672523024e+00,  8.9233860194145976e+01
    42,  6.9887e+00,  3.6411897240932017e-01,  2.5140744342919481e+00,  3.7209763359479853e-01, -3.9068311785220577e-03, -6.0271748609363351e-02,  6.0903491947706223e-02, -3.3277204808786855e-02, -8.7706705276810093e-01, -1.4212428454280086e+00,  1.0801497149289305e+00,  1.0159773359178459e+00, -2.7455432937623447e+00,  1.3493509812273201e+00, -7.7136306447707537e-01, -8.3736711851414958e-02,  9.1186233774855595e-03,  4.4739486186048859e-02,  4.2348789672523024e+00,  8.9233860426116777e+01
    43,  7.1632e+00,  3.6411897240932017e-01,  2.5140743968293204e+00,  3.7209764849595972e-01, -3.9068311785220577e-03, -6.0271748609363351e-02,  6.0903491947706223e-02, -3.3277204808786855e-02, -8.7706705276810093e-01, -1.4212428454280086e+00,  1.0801497149289305e+00,  1.0159773359178459e+00, -2.7455432937623447e+00,  1.3493509812273201e+00, -7.7136306447707537e-01, -8.3736711851414958e-02,  9.1186233774855595e-03,  4.4739486186048859e-02,  4.2348789672523024e+00,  8.9233860689863334e+01
    44,  7.3266e+00,  3.6411897240932017e-01,  2.5140743968293204e+00,  3.7209763359479853e-01, -3.9068460796832516e-03, -6.0271748609363351e-02,  6.0903491947706223e-02, -3.3277204808786855e-02, -8.7706705276810093e-01, -1.4212428454280086e+00,  1.0801497149289305e+00,  1.0159773359178459e+00, -2.7455432937623447e+00,  1.3493509812273201e+00, -7.7136306447707537e-01, -8.3736711851414958e-02,  9.1186233774855595e-03,  4.4739486186048859e-02,  4.2348789672523024e+00,  8.9233860360374351e+01
    45,  7.4871e+00,  3.6411897240932017e-01,  2.5140743968293204e+00,  3.7209763359479853e-01, -3.9068311785220577e-03, -6.0271763510524545e-02,  6.0903491947706223e-02, -3.3277204808786855e-02, -8.7706705276810093e-01, -1.4212428454280086e+00,  1.0801497149289305e+00,  1.0159773359178459e+00, -2.7455432937623447e+00,  1.3493509812273201e+00, -7.7136306447707537e-01, -8.3736711851414958e-02,  9.1186233774855595e-03,  4.4739486186048859e-02,  4.2348789672523024e+00,  8.9233860246977699e+01
    46,  7.6491e+00,  3.6411897240932017e-01,  2.5140743968293204e+00,  3.7209763359479853e-01, -3.9068311785220577e-03, -6.0271748609363351e-02,  6.0903506848867417e-02, -3.3277204808786855e-02, -8.7706705276810093e-01, -1.4212428454280086e+00,  1.0801497149289305e+00,  1.0159773359178459e+00, -2.7455432937623447e+00,  1.3493509812273201e+00, -7.7136306447707537e-01, -8.3736711851414958e-02,  9.1186233774855595e-03,  4.4739486186048859e-02,  4.2348789672523024e+00,  8.9233860321840481e+01
    47,  7.8195e+00,  3.6411897240932017e-01,  2.5140743968293204e+00,  3.7209763359479853e-01, -3.9068311785220577e-03, -6.0271748609363351e-02,  6.0903491947706223e-02, -3.3277219709948049e-02, -8.7706705276810093e-01, -1.4212428454280086e+00,  1.0801497149289305e+00,  1.0159773359178459e+00, -2.7455432937623447e+00,  1.3493509812273201e+00, -7.7136306447707537e-01, -8.3736711851414958e-02,  9.1186233774855595e-03,  4.4739486186048859e-02,  4.2348789672523024e+00,  8.9233860236118801e+01
    48,  7.9848e+00,  3.6411897240932017e-01,  2.5140743968293204e+00,  3.7209763359479853e-01, -3.9068311785220577e-03, -6.0271748609363351e-02,  6.0903491947706223e-02, -3.3277204808786855e-02, -8.7706706766926212e-01, -1.4212428454280086e+00,  1.0801497149289305e+00,  1.0159773359178459e+00, -2.7455432937623447e+00,  1.3493509812273201e+00, -7.7136306447707537e-01, -8.3736711851414958e-02,  9.1186233774855595e-03,  4.4739486186048859e-02,  4.2348789672523024e+00,  8.9233860184354683e+01
    49,  8.1461e+00,  3.6411897240932017e-01,  2.5140743968293204e+00,  3.7209763359479853e-01, -3.9068311785220577e-03, -6.0271748609363351e-02,  6.0903491947706223e-02, -3.3277204808786855e-02, -8.7706705276810093e-01, -1.4212428666061774e+00,  1.0801497149289305e+00,  1.0159773359178459e+00, -2.7455432937623447e+00,  1.3493509812273201e+00, -7.7136306447707537e-01, -8.3736711851414958e-02,  9.1186233774855595e-03,  4.4739486186048859e-02,  4.2348789672523024e+00,  8.9233860231048865e+01
    50,  8.3069e+00,  3.6411897240932017e-01,  2.5140743968293204e+00,  3.7209763359479853e-01, -3.9068311785220577e-03, -6.0271748609363351e-02,  6.0903491947706223e-02, -3.3277204808786855e-02, -8.7706705276810093e-01, -1.4212428454280086e+00,  1.0801497310244155e+00,  1.0159773359178459e+00, -2.7455432937623447e+00,  1.3493509812273201e+00, -7.7136306447707537e-01, -8.3736711851414958e-02,  9.1186233774855595e-03,  4.4739486186048859e-02,  4.2348789672523024e+00,  8.9233860312099381e+01
    51,  8.4693e+00,  3.6411897240932017e-01,  2.5140743968293204e+00,  3.7209763359479853e-01, -3.9068311785220577e-03, -6.0271748609363351e-02,  6.0903491947706223e-02, -3.3277204808786855e-02, -8.7706705276810093e-01, -1.4212428454280086e+00,  1.0801497149289305e+00,  1.0159773510570880e+00, -2.7455432937623447e+00,  1.3493509812273201e+00, -7.7136306447707537e-01, -8.3736711851414958e-02,  9.1186233774855595e-03,  4.4739486186048859e-02,  4.2348789672523024e+00,  8.9233860422722515e+01
    52,  8.6301e+00,  3.6411897240932017e-01,  2.5140743968293204e+00,  3.7209763359479853e-01, -3.9068311785220577e-03, -6.0271748609363351e-02,  6.0903491947706223e-02, -3.3277204808786855e-02, -8.7706705276810093e-01, -1.4212428454280086e+00,  1.0801497149289305e+00,  1.0159773359178459e+00, -2.7455433346741280e+00,  1.3493509812273201e+00, -7.7136306447707537e-01, -8.3736711851414958e-02,  9.1186233774855595e-03,  4.4739486186048859e-02,  4.2348789672523024e+00,  8.9233860252026787e+01
    53,  8.7915e+00,  3.6411897240932017e-01,  2.5140743968293204e+00,  3.7209763359479853e-01, -3.9068311785220577e-03, -6.0271748609363351e-02,  6.0903491947706223e-02, -3.3277204808786855e-02, -8.7706705276810093e-01, -1.4212428454280086e+00,  1.0801497149289305e+00,  1.0159773359178459e+00, -2.7455432937623447e+00,  1.3493510013342165e+00, -7.7136306447707537e-01, -8.3736711851414958e-02,  9.1186233774855595e-03,  4.4739486186048859e-02,  4.2348789672523024e+00,  8.9233860343076969e+01
    54,  8.9546e+00,  3.6411897240932017e-01,  2.5140743968293204e+00,  3.7209763359479853e-01, -3.9068311785220577e-03, -6.0271748609363351e-02,  6.0903491947706223e-02, -3.3277204808786855e-02, -8.7706705276810093e-01, -1.4212428454280086e+00,  1.0801497149289305e+00,  1.0159773359178459e+00, -2.7455432937623447e+00,  1.3493509812273201e+00, -7.7136307937823656e-01, -8.3736711851414958e-02,  9.1186233774855595e-03,  4.4739486186048859e-02,  4.2348789672523024e+00,  8.9233860375128543e+01
    55,  9.1254e+00,  3.6411897240932017e-01,  2.5140743968293204e+00,  3.7209763359479853e-01, -3.9068311785220577e-03, -6.0271748609363351e-02,  6.0903491947706223e-02, -3.3277204808786855e-02, -8.7706705276810093e-01, -1.4212428454280086e+00,  1.0801497149289305e+00,  1.0159773359178459e+00, -2.7455432937623447e+00,  1.3493509812273201e+00, -7.7136306447707537e-01, -8.3736726752576152e-02,  9.1186233774855595e-03,  4.4739486186048859e-02,  4.2348789672523024e+00,  8.9233860424401584e+01
    56,  9.2962e+00,  3.6411897240932017e-01,  2.5140743968293204e+00,  3.7209763359479853e-01, -3.9068311785220577e-03, -6.0271748609363351e-02,  6.0903491947706223e-02, -3.3277204808786855e-02, -8.7706705276810093e-01, -1.4212428454280086e+00,  1.0801497149289305e+00,  1.0159773359178459e+00, -2.7455432937623447e+00,  1.3493509812273201e+00, -7.7136306447707537e-01, -8.3736711851414958e-02,  9.1186382786467533e-03,  4.4739486186048859e-02,  4.2348789672523024e+00,  8.9233860086852616e+01
    57,  9.4631e+00,  3.6411897240932017e-01,  2.5140743968293204e+00,  3.7209763359479853e-01, -3.9068311785220577e-03, -6.0271748609363351e-02,  6.0903491947706223e-02, -3.3277204808786855e-02, -8.7706705276810093e-01, -1.4212428454280086e+00,  1.0801497149289305e+00,  1.0159773359178459e+00, -2.7455432937623447e+00,  1.3493509812273201e+00, -7.7136306447707537e-01, -8.3736711851414958e-02,  9.1186233774855595e-03,  4.4739501087210053e-02,  4.2348789672523024e+00,  8.9233860140355844e+01
    58,  9.6301e+00,  3.6411897240932017e-01,  2.5140743968293204e+00,  3.7209763359479853e-01, -3.9068311785220577e-03, -6.0271748609363351e-02,  6.0903491947706223e-02, -3.3277204808786855e-02, -8.7706705276810093e-01, -1.4212428454280086e+00,  1.0801497149289305e+00,  1.0159773359178459e+00, -2.7455432937623447e+00,  1.3493509812273201e+00, -7.7136306447707537e-01, -8.3736711851414958e-02,  9.1186233774855595e-03,  4.4739486186048859e-02,  4.2348790303569164e+00,  8.9233861009667464e+01
    59,  9.8055e+00,  3.6202066590310406e-01,  2.5434038799684768e+00,  3.6976817827888681e-01,  3.7117039921206324e-02, -7.2252592362800905e-02, -4.7574665064878924e-02, -3.1321622427868588e-02, -9.9494484213166368e-01, -1.3521430437968913e+00,  1.0021720926755482e+00,  9.1315637569444363e-01, -2.7612407957666298e+00,  1.2873088893684204e+00, -6.4529859551408142e-01,  3.2827368965518550e-03,  1.4315159494805121e-01,  1.2244818590145379e-01,  4.1913343930818945e+00,  9.0550239765774563e+01
    60,  9.9868e+00,  3.6279579067317430e-01,  2.5059756470802510e+00,  3.7270634616067660e-01,  1.4707837258710842e-02, -6.2662740744485523e-02,  4.5986905281566584e-02, -3.7306808765524752e-02, -8.9591121488825409e-01, -1.4180723658324887e+00,  1.0642240740513582e+00,  9.8596665091492863e-01, -2.7461263660105675e+00,  1.3384920562427780e+00, -7.4958423292491361e-01, -5.1211455886032688e-02,  4.4661209437333912e-02,  6.8566116740545746e-02,  4.2067080447580185e+00,  8.8722423622401337e+01
    61,  1.0164e+01,  3.6279580557433549e-01,  2.5059756470802510e+00,  3.7270634616067660e-01,  1.4707837258710842e-02, -6.2662740744485523e-02,  4.5986905281566584e-02, -3.7306808765524752e-02, -8.9591121488825409e-01, -1.4180723658324887e+00,  1.0642240740513582e+00,  9.8596665091492863e-01, -2.7461263660105675e+00,  1.3384920562427780e+00, -7.4958423292491361e-01, -5.1211455886032688e-02,  4.4661209437333912e-02,  6.8566116740545746e-02,  4.2067080447580185e+00,  8.8722423468439757e+01
    62,  1.0329e+01,  3.6279579067317430e-01,  2.5059756844221979e+00,  3.7270634616067660e-01,  1.4707837258710842e-02, -6.2662740744485523e-02,  4.5986905281566584e-02, -3.7306808765524752e-02, -8.9591121488825409e-01, -1.4180723658324887e+00,  1.0642240740513582e+00,  9.8596665091492863e-01, -2.7461263660105675e+00,  1.3384920562427780e+00, -7.4958423292491361e-01, -5.1211455886032688e-02,  4.4661209437333912e-02,  6.8566116740545746e-02,  4.2067080447580185e+00,  8.8722423692827505e+01
    63,  1.0492e+01,  3.6279579067317430e-01,  2.5059756470802510e+00,  3.7270636106183780e-01,  1.4707837258710842e-02, -6.2662740744485523e-02,  4.5986905281566584e-02, -3.7306808765524752e-02, -8.9591121488825409e-01, -1.4180723658324887e+00,  1.0642240740513582e+00,  9.8596665091492863e-01, -2.7461263660105675e+00,  1.3384920562427780e+00, -7.4958423292491361e-01, -5.1211455886032688e-02,  4.4661209437333912e-02,  6.8566116740545746e-02,  4.2067080447580185e+00,  8.8722423298222509e+01
    64,  1.0662e+01,  3.6279579067317430e-01,  2.5059756470802510e+00,  3.7270634616067660e-01,  1.4707852159872036e-02, -6.2662740744485523e-02,  4.5986905281566584e-02, -3.7306808765524752e-02, -8.9591121488825409e-01, -1.4180723658324887e+00,  1.0642240740513582e+00,  9.8596665091492863e-01, -2.7461263660105675e+00,  1.3384920562427780e+00, -7.4958423292491361e-01, -5.1211455886032688e-02,  4.4661209437333912e-02,  6.8566116740545746e-02,  4.2067080447580185e+00,  8.8722423700083709e+01
    65,  1.0837e+01,  3.6279579067317430e-01,  2.5059756470802510e+00,  3.7270634616067660e-01,  1.4707837258710842e-02, -6.2662755645646717e-02,  4.5986905281566584e-02, -3.7306808765524752e-02, -8.9591121488825409e-01, -1.4180723658324887e+00,  1.0642240740513582e+00,  9.8596665091492863e-01, -2.7461263660105675e+00,  1.3384920562427780e+00, -7.4958423292491361e-01, -5.1211455886032688e-02,  4.4661209437333912e-02,  6.8566116740545746e-02,  4.2067080447580185e+00,  8.8722423656674707e+01
    66,  1.1005e+01,  3.6279579067317430e-01,  2.5059756470802510e+00,  3.7270634616067660e-01,  1.4707837258710842e-02, -6.2662740744485523e-02,  4.5986920182727778e-02, -3.7306808765524752e-02, -8.9591121488825409e-01, -1.4180723658324887e+00,  1.0642240740513582e+00,  9.8596665091492863e-01, -2.7461263660105675e+00,  1.3384920562427780e+00, -7.4958423292491361e-01, -5.1211455886032688e-02,  4.4661209437333912e-02,  6.8566116740545746e-02,  4.2067080447580185e+00,  8.8722423584035297e+01
    67,  1.1177e+01,  3.6279579067317430e-01,  2.5059756470802510e+00,  3.7270634616067660e-01,  1.4707837258710842e-02, -6.2662740744485523e-02,  4.5986905281566584e-02, -3.7306823666685945e-02, -8.9591121488825409e-01, -1.4180723658324887e+00,  1.0642240740513582e+00,  9.8596665091492863e-01, -2.7461263660105675e+00,  1.3384920562427780e+00, -7.4958423292491361e-01, -5.1211455886032688e-02,  4.4661209437333912e-02,  6.8566116740545746e-02,  4.2067080447580185e+00,  8.8722423647536843e+01
    68,  1.1347e+01,  3.6279579067317430e-01,  2.5059756470802510e+00,  3.7270634616067660e-01,  1.4707837258710842e-02, -6.2662740744485523e-02,  4.5986905281566584e-02, -3.7306808765524752e-02, -8.9591122978941529e-01, -1.4180723658324887e+00,  1.0642240740513582e+00,  9.8596665091492863e-01, -2.7461263660105675e+00,  1.3384920562427780e+00, -7.4958423292491361e-01, -5.1211455886032688e-02,  4.4661209437333912e-02,  6.8566116740545746e-02,  4.2067080447580185e+00,  8.8722423555599136e+01
    69,  1.1515e+01,  3.6279579067317430e-01,  2.5059756470802510e+00,  3.7270634616067660e-01,  1.4707837258710842e-02, -6.2662740744485523e-02,  4.5986905281566584e-02, -3.7306808765524752e-02, -8.9591121488825409e-01, -1.4180723869634138e+00,  1.0642240740513582e+00,  9.8596665091492863e-01, -2.7461263660105675e+00,  1.3384920562427780e+00, -7.4958423292491361e-01, -5.1211455886032688e-02,  4.4661209437333912e-02,  6.8566116740545746e-02,  4.2067080447580185e+00,  8.8722423645020555e+01
    70,  1.1677e+01,  3.6279579067317430e-01,  2.5059756470802510e+00,  3.7270634616067660e-01,  1.4707837258710842e-02, -6.2662740744485523e-02,  4.5986905281566584e-02, -3.7306808765524752e-02, -8.9591121488825409e-01, -1.4180723658324887e+00,  1.0642240899095328e+00,  9.8596665091492863e-01, -2.7461263660105675e+00,  1.3384920562427780e+00, -7.4958423292491361e-01, -5.1211455886032688e-02,  4.4661209437333912e-02,  6.8566116740545746e-02,  4.2067080447580185e+00,  8.8722423686850519e+01
    71,  1.1847e+01,  3.6279579067317430e-01,  2.5059756470802510e+00,  3.7270634616067660e-01,  1.4707837258710842e-02, -6.2662740744485523e-02,  4.5986905281566584e-02, -3.7306808765524752e-02, -8.9591121488825409e-01, -1.4180723658324887e+00,  1.0642240740513582e+00,  9.8596666581608983e-01, -2.7461263660105675e+00,  1.3384920562427780e+00, -7.4958423292491361e-01, -5.1211455886032688e-02,  4.4661209437333912e-02,  6.8566116740545746e-02,  4.2067080447580185e+00,  8.8722423751743207e+01
    72,  1.2017e+01,  3.6279579067317430e-01,  2.5059756470802510e+00,  3.7270634616067660e-01,  1.4707837258710842e-02, -6.2662740744485523e-02,  4.5986905281566584e-02, -3.7306808765524752e-02, -8.9591121488825409e-01, -1.4180723658324887e+00,  1.0642240740513582e+00,  9.8596665091492863e-01, -2.7461264069310389e+00,  1.3384920562427780e+00, -7.4958423292491361e-01, -5.1211455886032688e-02,  4.4661209437333912e-02,  6.8566116740545746e-02,  4.2067080447580185e+00,  8.8722423567394202e+01
    73,  1.2185e+01,  3.6279579067317430e-01,  2.5059756470802510e+00,  3.7270634616067660e-01,  1.4707837258710842e-02, -6.2662740744485523e-02,  4.5986905281566584e-02, -3.7306808765524752e-02, -8.9591121488825409e-01, -1.4180723658324887e+00,  1.0642240740513582e+00,  9.8596665091492863e-01, -2.7461263660105675e+00,  1.3384920761878638e+00, -7.4958423292491361e-01, -5.1211455886032688e-02,  4.4661209437333912e-02,  6.8566116740545746e-02,  4.2067080447580185e+00,  8.8722423684131243e+01
    74,  1.2348e+01,  3.6279579067317430e-01,  2.5059756470802510e+00,  3.7270634616067660e-01,  1.4707837258710842e-02, -6.2662740744485523e-02,  4.5986905281566584e-02, -3.7306808765524752e-02, -8.9591121488825409e-01, -1.4180723658324887e+00,  1.0642240740513582e+00,  9.8596665091492863e-01, -2.7461263660105675e+00,  1.3384920562427780e+00, -7.4958424782607480e-01, -5.1211455886032688e-02,  4.4661209437333912e-02,  6.8566116740545746e-02,  4.2067080447580185e+00,  8.8722423701166932e+01
    75,  1.2513e+01,  3.6279579067317430e-01,  2.5059756470802510e+00,  3.7270634616067660e-01,  1.4707837258710842e-02, -6.2662740744485523e-02,  4.5986905281566584e-02, -3.7306808765524752e-02, -8.9591121488825409e-01, -1.4180723658324887e+00,  1.0642240740513582e+00,  9.8596665091492863e-01, -2.7461263660105675e+00,  1.3384920562427780e+00, -7.4958423292491361e-01, -5.1211470787193882e-02,  4.4661209437333912e-02,  6.8566116740545746e-02,  4.2067080447580185e+00,  8.8722423513680880e+01
    76,  1.2677e+01,  3.6279579067317430e-01,  2.5059756470802510e+00,  3.7270634616067660e-01,  1.4707837258710842e-02, -6.2662740744485523e-02,  4.5986905281566584e-02, -3.7306808765524752e-02, -8.9591121488825409e-01, -1.4180723658324887e+00,  1.0642240740513582e+00,  9.8596665091492863e-01, -2.7461263660105675e+00,  1.3384920562427780e+00, -7.4958423292491361e-01, -5.1211455886032688e-02,  4.4661224338495106e-02,  6.8566116740545746e-02,  4.2067080447580185e+00,  8.8722423794358647e+01
    77,  1.2843e+01,  3.6279579067317430e-01,  2.5059756470802510e+00,  3.7270634616067660e-01,  1.4707837258710842e-02, -6.2662740744485523e-02,  4.5986905281566584e-02, -3.7306808765524752e-02, -8.9591121488825409e-01, -1.4180723658324887e+00,  1.0642240740513582e+00,  9.8596665091492863e-01, -2.7461263660105675e+00,  1.3384920562427780e+00, -7.4958423292491361e-01, -5.1211455886032688e-02,  4.4661209437333912e-02,  6.8566131641706940e-02,  4.2067080447580185e+00,  8.8722423763328692e+01
    78,  1.3008e+01,  3.6279579067317430e-01,  2.5059756470802510e+00,  3.7270634616067660e-01,  1.4707837258710842e-02, -6.2662740744485523e-02,  4.5986905281566584e-02, -3.7306808765524752e-02, -8.9591121488825409e-01, -1.4180723658324887e+00,  1.0642240740513582e+00,  9.8596665091492863e-01, -2.7461263660105675e+00,  1.3384920562427780e+00, -7.4958423292491361e-01, -5.1211455886032688e-02,  4.4661209437333912e-02,  6.8566116740545746e-02,  4.2067081074428536e+00,  8.8722423969435155e+01
    79,  1.3177e+01,  3.6298558588872665e-01,  2.5061821250708056e+00,  3.7440819817483784e-01, -1.7152120953656050e-03, -5.2477244169098020e-02,  5.6472241053599354e-02, -3.1199705146064238e-02, -9.1289522793606637e-01, -1.4122168100343626e+00,  1.0511063811530588e+00,  9.5712202884203745e-01, -2.7475274452567078e+00,  1.3246220631396488e+00, -7.2971868121736894e-01, -7.2972864411074409e-02,  1.8161290526858068e-03,  3.2923598684171766e-02,  4.1858750322589504e+00,  8.8435084436814350e+01
    80,  1.3342e+01,  3.6298560078988784e-01,  2.5061821250708056e+00,  3.7440819817483784e-01, -1.7152120953656050e-03, -5.2477244169098020e-02,  5.6472241053599354e-02, -3.1199705146064238e-02, -9.1289522793606637e-01, -1.4122168100343626e+00,  1.0511063811530588e+00,  9.5712202884203745e-01, -2.7475274452567078e+00,  1.3246220631396488e+00, -7.2971868121736894e-01, -7.2972864411074409e-02,  1.8161290526858068e-03,  3.2923598684171766e-02,  4.1858750322589504e+00,  8.8435084657365195e+01
    81,  1.3505e+01,  3.6298558588872665e-01,  2.5061821624158296e+00,  3.7440819817483784e-01, -1.7152120953656050e-03, -5.2477244169098020e-02,  5.6472241053599354e-02, -3.1199705146064238e-02, -9.1289522793606637e-01, -1.4122168100343626e+00,  1.0511063811530588e+00,  9.5712202884203745e-01, -2.7475274452567078e+00,  1.3246220631396488e+00, -7.2971868121736894e-01, -7.2972864411074409e-02,  1.8161290526858068e-03,  3.2923598684171766e-02,  4.1858750322589504e+00,  8.8435084273242168e+01
    82,  1.3668e+01,  3.6298558588872665e-01,  2.5061821250708056e+00,  3.7440821307599903e-01, -1.7152120953656050e-03, -5.2477244169098020e-02,  5.6472241053599354e-02, -3.1199705146064238e-02, -9.1289522793606637e-01, -1.4122168100343626e+00,  1.0511063811530588e+00,  9.5712202884203745e-01, -2.7475274452567078e+00,  1.3246220631396488e+00, -7.2971868121736894e-01, -7.2972864411074409e-02,  1.8161290526858068e-03,  3.2923598684171766e-02,  4.1858750322589504e+00,  8.8435085735334454e+01
    83,  1.3835e+01,  3.6298558588872665e-01,  2.5061821250708056e+00,  3.7440819817483784e-01, -1.7152269965267988e-03, -5.2477244169098020e-02,  5.6472241053599354e-02, -3.1199705146064238e-02, -9.1289522793606637e-01, -1.4122168100343626e+00,  1.0511063811530588e+00,  9.5712202884203745e-01, -2.7475274452567078e+00,  1.3246220631396488e+00, -7.2971868121736894e-01, -7.2972864411074409e-02,  1.8161290526858068e-03,  3.2923598684171766e-02,  4.1858750322589504e+00,  8.8435084502444738e+01
    84,  1.4003e+01,  3.6298558588872665e-01,  2.5061821250708056e+00,  3.7440819817483784e-01, -1.7152120953656050e-03, -5.2477259070259213e-02,  5.6472241053599354e-02, -3.1199705146064238e-02, -9.1289522793606637e-01, -1.4122168100343626e+00,  1.0511063811530588e+00,  9.5712202884203745e-01, -2.7475274452567078e+00,  1.3246220631396488e+00, -7.2971868121736894e-01, -7.2972864411074409e-02,  1.8161290526858068e-03,  3.2923598684171766e-02,  4.1858750322589504e+00,  8.8435084388117318e+01
    85,  1.4172e+01,  3.6298558588872665e-01,  2.5061821250708056e+00,  3.7440819817483784e-01, -1.7152120953656050e-03, -5.2477244169098020e-02,  5.6472255954760547e-02, -3.1199705146064238e-02, -9.1289522793606637e-01, -1.4122168100343626e+00,  1.0511063811530588e+00,  9.5712202884203745e-01, -2.7475274452567078e+00,  1.3246220631396488e+00, -7.2971868121736894e-01, -7.2972864411074409e-02,  1.8161290526858068e-03,  3.2923598684171766e-02,  4.1858750322589504e+00,  8.8435084522987552e+01
    86,  1.4339e+01,  3.6298558588872665e-01,  2.5061821250708056e+00,  3.7440819817483784e-01, -1.7152120953656050e-03, -5.2477244169098020e-02,  5.6472241053599354e-02, -3.1199720047225432e-02, -9.1289522793606637e-01, -1.4122168100343626e+00,  1.0511063811530588e+00,  9.5712202884203745e-01, -2.7475274452567078e+00,  1.3246220631396488e+00, -7.2971868121736894e-01, -7.2972864411074409e-02,  1.8161290526858068e-03,  3.2923598684171766e-02,  4.1858750322589504e+00,  8.8435084438469701e+01
    87,  1.4508e+01,  3.6298558588872665e-01,  2.5061821250708056e+00,  3.7440819817483784e-01, -1.7152120953656050e-03, -5.2477244169098020e-02,  5.6472241053599354e-02, -3.1199705146064238e-02, -9.1289524283722756e-01, -1.4122168100343626e+00,  1.0511063811530588e+00,  9.5712202884203745e-01, -2.7475274452567078e+00,  1.3246220631396488e+00, -7.2971868121736894e-01, -7.2972864411074409e-02,  1.8161290526858068e-03,  3.2923598684171766e-02,  4.1858750322589504e+00,  8.8435084430943988e+01
    88,  1.4675e+01,  3.6298558588872665e-01,  2.5061821250708056e+00,  3.7440819817483784e-01, -1.7152120953656050e-03, -5.2477244169098020e-02,  5.6472241053599354e-02, -3.1199705146064238e-02, -9.1289522793606637e-01, -1.4122168310780330e+00,  1.0511063811530588e+00,  9.5712202884203745e-01, -2.7475274452567078e+00,  1.3246220631396488e+00, -7.2971868121736894e-01, -7.2972864411074409e-02,  1.8161290526858068e-03,  3.2923598684171766e-02,  4.1858750322589504e+00,  8.8435084508310808e+01
    89,  1.4841e+01,  3.6298558588872665e-01,  2.5061821250708056e+00,  3.7440819817483784e-01, -1.7152120953656050e-03, -5.2477244169098020e-02,  5.6472241053599354e-02, -3.1199705146064238e-02, -9.1289522793606637e-01, -1.4122168100343626e+00,  1.0511063968157643e+00,  9.5712202884203745e-01, -2.7475274452567078e+00,  1.3246220631396488e+00, -7.2971868121736894e-01, -7.2972864411074409e-02,  1.8161290526858068e-03,  3.2923598684171766e-02,  4.1858750322589504e+00,  8.8435084461573112e+01
    90,  1.5007e+01,  3.6298558588872665e-01,  2.5061821250708056e+00,  3.7440819817483784e-01, -1.7152120953656050e-03, -5.2477244169098020e-02,  5.6472241053599354e-02, -3.1199705146064238e-02, -9.1289522793606637e-01, -1.4122168100343626e+00,  1.0511063811530588e+00,  9.5712204374319865e-01, -2.7475274452567078e+00,  1.3246220631396488e+00, -7.2971868121736894e-01, -7.2972864411074409e-02,  1.8161290526858068e-03,  3.2923598684171766e-02,  4.1858750322589504e+00,  8.8435084337488448e+01
    91,  1.5173e+01,  3.6298558588872665e-01,  2.5061821250708056e+00,  3.7440819817483784e-01, -1.7152120953656050e-03, -5.2477244169098020e-02,  5.6472241053599354e-02, -3.1199705146064238e-02, -9.1289522793606637e-01, -1.4122168100343626e+00,  1.0511063811530588e+00,  9.5712202884203745e-01, -2.7475274861980572e+00,  1.3246220631396488e+00, -7.2971868121736894e-01, -7.2972864411074409e-02,  1.8161290526858068e-03,  3.2923598684171766e-02,  4.1858750322589504e+00,  8.8435084669832790e+01
    92,  1.5340e+01,  3.6298558588872665e-01,  2.5061821250708056e+00,  3.7440819817483784e-01, -1.7152120953656050e-03, -5.2477244169098020e-02,  5.6472241053599354e-02, -3.1199705146064238e-02, -9.1289522793606637e-01, -1.4122168100343626e+00,  1.0511063811530588e+00,  9.5712202884203745e-01, -2.7475274452567078e+00,  1.3246220828780557e+00, -7.2971868121736894e-01, -7.2972864411074409e-02,  1.8161290526858068e-03,  3.2923598684171766e-02,  4.1858750322589504e+00,  8.8435084560896755e+01
    93,  1.5505e+01,  3.6298558588872665e-01,  2.5061821250708056e+00,  3.7440819817483784e-01, -1.7152120953656050e-03, -5.2477244169098020e-02,  5.6472241053599354e-02, -3.1199705146064238e-02, -9.1289522793606637e-01, -1.4122168100343626e+00,  1.0511063811530588e+00,  9.5712202884203745e-01, -2.7475274452567078e+00,  1.3246220631396488e+00, -7.2971869611853013e-01, -7.2972864411074409e-02,  1.8161290526858068e-03,  3.2923598684171766e-02,  4.1858750322589504e+00,  8.8435084447106206e+01
    94,  1.5673e+01,  3.6298558588872665e-01,  2.5061821250708056e+00,  3.7440819817483784e-01, -1.7152120953656050e-03, -5.2477244169098020e-02,  5.6472241053599354e-02, -3.1199705146064238e-02, -9.1289522793606637e-01, -1.4122168100343626e+00,  1.0511063811530588e+00,  9.5712202884203745e-01, -2.7475274452567078e+00,  1.3246220631396488e+00, -7.2971868121736894e-01, -7.2972879312235603e-02,  1.8161290526858068e-03,  3.2923598684171766e-02,  4.1858750322589504e+00,  8.8435084596568714e+01
    95,  1.5837e+01,  3.6298558588872665e-01,  2.5061821250708056e+00,  3.7440819817483784e-01, -1.7152120953656050e-03, -5.2477244169098020e-02,  5.6472241053599354e-02, -3.1199705146064238e-02, -9.1289522793606637e-01, -1.4122168100343626e+00,  1.0511063811530588e+00,  9.5712202884203745e-01, -2.7475274452567078e+00,  1.3246220631396488e+00, -7.2971868121736894e-01, -7.2972864411074409e-02,  1.8161439538470006e-03,  3.2923598684171766e-02,  4.1858750322589504e+00,  8.8435084373575037e+01
    96,  1.6007e+01,  3.6298558588872665e-01,  2.5061821250708056e+00,  3.7440819817483784e-01, -1.7152120953656050e-03, -5.2477244169098020e-02,  5.6472241053599354e-02, -3.1199705146064238e-02, -9.1289522793606637e-01, -1.4122168100343626e+00,  1.0511063811530588e+00,  9.5712202884203745e-01, -2.7475274452567078e+00,  1.3246220631396488e+00, -7.2971868121736894e-01, -7.2972864411074409e-02,  1.8161290526858068e-03,  3.2923613585332960e-02,  4.1858750322589504e+00,  8.8435084484812677e+01
    97,  1.6173e+01,  3.6298558588872665e-01,  2.5061821250708056e+00,  3.7440819817483784e-01, -1.7152120953656050e-03, -5.2477244169098020e-02,  5.6472241053599354e-02, -3.1199705146064238e-02, -9.1289522793606637e-01, -1.4122168100343626e+00,  1.0511063811530588e+00,  9.5712202884203745e-01, -2.7475274452567078e+00,  1.3246220631396488e+00, -7.2971868121736894e-01, -7.2972864411074409e-02,  1.8161290526858068e-03,  3.2923598684171766e-02,  4.1858750946333494e+00,  8.8435084669173889e+01
    98,  1.6348e+01,  3.6078018925075062e-01,  2.5103236581113517e+00,  3.7130441694573646e-01,  2.5900036229587345e-03, -5.5806703618846168e-02,  5.0417332627725804e-02, -3.1041508147139091e-02, -9.1499017831001916e-01, -1.4058019141021669e+00,  1.0459241204740382e+00,  9.6406346122897790e-01, -2.7437769808854910e+00,  1.3199600859555303e+00, -7.3022856354564347e-01, -6.2186198200887235e-02,  6.0320428489544411e-03,  2.9409686950828726e-02,  4.1873758437475024e+00,  8.7907293920567724e+01
    99,  1.6507e+01,  3.6078020415191181e-01,  2.5103236581113517e+00,  3.7130441694573646e-01,  2.5900036229587345e-03, -5.5806703618846168e-02,  5.0417332627725804e-02, -3.1041508147139091e-02, -9.1499017831001916e-01, -1.4058019141021669e+00,  1.0459241204740382e+00,  9.6406346122897790e-01, -2.7437769808854910e+00,  1.3199600859555303e+00, -7.3022856354564347e-01, -6.2186198200887235e-02,  6.0320428489544411e-03,  2.9409686950828726e-02,  4.1873758437475024e+00,  8.7907293984809840e+01
   100,  1.6665e+01,  3.6078018925075062e-01,  2.5103236955180890e+00,  3.7130441694573646e-01,  2.5900036229587345e-03, -5.5806703618846168e-02,  5.0417332627725804e-02, -3.1041508147139091e-02, -9.1499017831001916e-01, -1.4058019141021669e+00,  1.0459241204740382e+00,  9.6406346122897790e-01, -2.7437769808854910e+00,  1.3199600859555303e+00, -7.3022856354564347e-01, -6.2186198200887235e-02,  6.0320428489544411e-03,  2.9409686950828726e-02,  4.1873758437475024e+00,  8.7907293745413014e+01
   101,  1.6825e+01,  3.6078018925075062e-01,  2.5103236581113517e+00,  3.7130443184689765e-01,  2.5900036229587345e-03, -5.5806703618846168e-02,  5.0417332627725804e-02, -3.1041508147139091e-02, -9.1499017831001916e-01, -1.4058019141021669e+00,  1.0459241204740382e+00,  9.6406346122897790e-01, -2.7437769808854910e+00,  1.3199600859555303e+00, -7.3022856354564347e-01, -6.2186198200887235e-02,  6.0320428489544411e-03,  2.9409686950828726e-02,  4.1873758437475024e+00,  8.7907293935996776e+01
   102,  1.6992e+01,  3.6078018925075062e-01,  2.5103236581113517e+00,  3.7130441694573646e-01,  2.5900185241199284e-03, -5.5806703618846168e-02,  5.0417332627725804e-02, -3.1041508147139091e-02, -9.1499017831001916e-01, -1.4058019141021669e+00,  1.0459241204740382e+00,  9.6406346122897790e-01, -2.7437769808854910e+00,  1.3199600859555303e+00, -7.3022856354564347e-01, -6.2186198200887235e-02,  6.0320428489544411e-03,  2.9409686950828726e-02,  4.1873758437475024e+00,  8.7907293854601477e+01
   103,  1.7158e+01,  3.6078018925075062e-01,  2.5103236581113517e+00,  3.7130441694573646e-01,  2.5900036229587345e-03, -5.5806718520007362e-02,  5.0417332627725804e-02, -3.1041508147139091e-02, -9.1499017831001916e-01, -1.4058019141021669e+00,  1.0459241204740382e+00,  9.6406346122897790e-01, -2.7437769808854910e+00,  1.3199600859555303e+00, -7.3022856354564347e-01, -6.2186198200887235e-02,  6.0320428489544411e-03,  2.9409686950828726e-02,  4.1873758437475024e+00,  8.7907293873437411e+01
   104,  1.7323e+01,  3.6078018925075062e-01,  2.5103236581113517e+00,  3.7130441694573646e-01,  2.5900036229587345e-03, -5.5806703618846168e-02,  5.0417347528886998e-02, -3.1041508147139091e-02, -9.1499017831001916e-01, -1.4058019141021669e+00,  1.0459241204740382e+00,  9.6406346122897790e-01, -2.7437769808854910e+00,  1.3199600859555303e+00, -7.3022856354564347e-01, -6.2186198200887235e-02,  6.0320428489544411e-03,  2.9409686950828726e-02,  4.1873758437475024e+00,  8.7907294014057598e+01
   105,  1.7489e+01,  3.6078018925075062e-01,  2.5103236581113517e+00,  3.7130441694573646e-01,  2.5900036229587345e-03, -5.5806703618846168e-02,  5.0417332627725804e-02, -3.1041523048300285e-02, -9.1499017831001916e-01, -1.4058019141021669e+00,  1.0459241204740382e+00,  9.6406346122897790e-01, -2.7437769808854910e+00,  1.3199600859555303e+00, -7.3022856354564347e-01, -6.2186198200887235e-02,  6.0320428489544411e-03,  2.9409686950828726e-02,  4.1873758437475024e+00,  8.7907293924117553e+01
   106,  1.7656e+01,  3.6078018925075062e-01,  2.5103236581113517e+00,  3.7130441694573646e-01,  2.5900036229587345e-03, -5.5806703618846168e-02,  5.0417332627725804e-02, -3.1041508147139091e-02, -9.1499019321118036e-01, -1.4058019141021669e+00,  1.0459241204740382e+00,  9.6406346122897790e-01, -2.7437769808854910e+00,  1.3199600859555303e+00, -7.3022856354564347e-01, -6.2186198200887235e-02,  6.0320428489544411e-03,  2.9409686950828726e-02,  4.1873758437475024e+00,  8.7907293904206398e+01
   107,  1.7823e+01,  3.6078018925075062e-01,  2.5103236581113517e+00,  3.7130441694573646e-01,  2.5900036229587345e-03, -5.5806703618846168e-02,  5.0417332627725804e-02, -3.1041508147139091e-02, -9.1499017831001916e-01, -1.4058019350502478e+00,  1.0459241204740382e+00,  9.6406346122897790e-01, -2.7437769808854910e+00,  1.3199600859555303e+00, -7.3022856354564347e-01, -6.2186198200887235e-02,  6.0320428489544411e-03,  2.9409686950828726e-02,  4.1873758437475024e+00,  8.7907294035351811e+01
   108,  1.7990e+01,  3.6078018925075062e-01,  2.5103236581113517e+00,  3.7130441694573646e-01,  2.5900036229587345e-03, -5.5806703618846168e-02,  5.0417332627725804e-02, -3.1041508147139091e-02, -9.1499017831001916e-01, -1.4058019141021669e+00,  1.0459241360595222e+00,  9.6406346122897790e-01, -2.7437769808854910e+00,  1.3199600859555303e+00, -7.3022856354564347e-01, -6.2186198200887235e-02,  6.0320428489544411e-03,  2.9409686950828726e-02,  4.1873758437475024e+00,  8.7907294001766047e+01
   109,  1.8163e+01,  3.6078018925075062e-01,  2.5103236581113517e+00,  3.7130441694573646e-01,  2.5900036229587345e-03, -5.5806703618846168e-02,  5.0417332627725804e-02, -3.1041508147139091e-02, -9.1499017831001916e-01, -1.4058019141021669e+00,  1.0459241204740382e+00,  9.6406347613013910e-01, -2.7437769808854910e+00,  1.3199600859555303e+00, -7.3022856354564347e-01, -6.2186198200887235e-02,  6.0320428489544411e-03,  2.9409686950828726e-02,  4.1873758437475024e+00,  8.7907293829816638e+01
   110,  1.8333e+01,  3.6078018925075062e-01,  2.5103236581113517e+00,  3.7130441694573646e-01,  2.5900036229587345e-03, -5.5806703618846168e-02,  5.0417332627725804e-02, -3.1041508147139091e-02, -9.1499017831001916e-01, -1.4058019141021669e+00,  1.0459241204740382e+00,  9.6406346122897790e-01, -2.7437770217709541e+00,  1.3199600859555303e+00, -7.3022856354564347e-01, -6.2186198200887235e-02,  6.0320428489544411e-03,  2.9409686950828726e-02,  4.1873758437475024e+00,  8.7907294070466804e+01
   111,  1.8499e+01,  3.6078018925075062e-01,  2.5103236581113517e+00,  3.7130441694573646e-01,  2.5900036229587345e-03, -5.5806703618846168e-02,  5.0417332627725804e-02, -3.1041508147139091e-02, -9.1499017831001916e-01, -1.4058019141021669e+00,  1.0459241204740382e+00,  9.6406346122897790e-01, -2.7437769808854910e+00,  1.3199601056244683e+00, -7.3022856354564347e-01, -6.2186198200887235e-02,  6.0320428489544411e-03,  2.9409686950828726e-02,  4.1873758437475024e+00,  8.7907293992851706e+01
   112,  1.8668e+01,  3.6078018925075062e-01,  2.5103236581113517e+00,  3.7130441694573646e-01,  2.5900036229587345e-03, -5.5806703618846168e-02,  5.0417332627725804e-02, -3.1041508147139091e-02, -9.1499017831001916e-01, -1.4058019141021669e+00,  1.0459241204740382e+00,  9.6406346122897790e-01, -2.7437769808854910e+00,  1.3199600859555303e+00, -7.3022857844680467e-01, -6.2186198200887235e-02,  6.0320428489544411e-03,  2.9409686950828726e-02,  4.1873758437475024e+00,  8.7907293918077102e+01
   113,  1.8834e+01,  3.6078018925075062e-01,  2.5103236581113517e+00,  3.7130441694573646e-01,  2.5900036229587345e-03, -5.5806703618846168e-02,  5.0417332627725804e-02, -3.1041508147139091e-02, -9.1499017831001916e-01, -1.4058019141021669e+00,  1.0459241204740382e+00,  9.6406346122897790e-01, -2.7437769808854910e+00,  1.3199600859555303e+00, -7.3022856354564347e-01, -6.2186213102048429e-02,  6.0320428489544411e-03,  2.9409686950828726e-02,  4.1873758437475024e+00,  8.7907294061841696e+01
   114,  1.9000e+01,  3.6078018925075062e-01,  2.5103236581113517e+00,  3.7130441694573646e-01,  2.5900036229587345e-03, -5.5806703618846168e-02,  5.0417332627725804e-02, -3.1041508147139091e-02, -9.1499017831001916e-01, -1.4058019141021669e+00,  1.0459241204740382e+00,  9.6406346122897790e-01, -2.7437769808854910e+00,  1.3199600859555303e+00, -7.3022856354564347e-01, -6.2186198200887235e-02,  6.0320577501156349e-03,  2.9409686950828726e-02,  4.1873758437475024e+00,  8.7907293868930040e+01
   115,  1.9167e+01,  3.6078018925075062e-01,  2.5103236581113517e+00,  3.7130441694573646e-01,  2.5900036229587345e-03, -5.5806703618846168e-02,  5.0417332627725804e-02, -3.1041508147139091e-02, -9.1499017831001916e-01, -1.4058019141021669e+00,  1.0459241204740382e+00,  9.6406346122897790e-01, -2.7437769808854910e+00,  1.3199600859555303e+00, -7.3022856354564347e-01, -6.2186198200887235e-02,  6.0320428489544411e-03,  2.9409701851989919e-02,  4.1873758437475024e+00,  8.7907293962202260e+01
   116,  1.9328e+01,  3.6078018925075062e-01,  2.5103236581113517e+00,  3.7130441694573646e-01,  2.5900036229587345e-03, -5.5806703618846168e-02,  5.0417332627725804e-02, -3.1041508147139091e-02, -9.1499017831001916e-01, -1.4058019141021669e+00,  1.0459241204740382e+00,  9.6406346122897790e-01, -2.7437769808854910e+00,  1.3199600859555303e+00, -7.3022856354564347e-01, -6.2186198200887235e-02,  6.0320428489544411e-03,  2.9409686950828726e-02,  4.1873759061442648e+00,  8.7907293824791509e+01
   117,  1.9497e+01,  3.6103332749292222e-01,  2.5197068099422197e+00,  3.7038073864650134e-01,  1.1608727252499194e-02, -6.2983691789515822e-02,  3.5391697238876238e-02, -3.0289072968519598e-02, -9.1773366054931338e-01, -1.3937721243806467e+00,  1.0339104721781378e+00,  9.7700807670804302e-01, -2.7357983109598392e+00,  1.3107322221147442e+00, -7.2937418032389034e-01, -4.1420162702278850e-02,  1.3491017425376922e-02,  2.1976380735126762e-02,  4.1904335119117553e+00,  8.7707039135193398e+01
   118,  1.9657e+01,  3.6103334239408341e-01,  2.5197068099422197e+00,  3.7038073864650134e-01,  1.1608727252499194e-02, -6.2983691789515822e-02,  3.5391697238876238e-02, -3.0289072968519598e-02, -9.1773366054931338e-01, -1.3937721243806467e+00,  1.0339104721781378e+00,  9.7700807670804302e-01, -2.7357983109598392e+00,  1.3107322221147442e+00, -7.2937418032389034e-01, -4.1420162702278850e-02,  1.3491017425376922e-02,  2.1976380735126762e-02,  4.1904335119117553e+00,  8.7707039053466474e+01
   119,  1.9818e+01,  3.6103332749292222e-01,  2.5197068474887772e+00,  3.7038073864650134e-01,  1.1608727252499194e-02, -6.2983691789515822e-02,  3.5391697238876238e-02, -3.0289072968519598e-02, -9.1773366054931338e-01, -1.3937721243806467e+00,  1.0339104721781378e+00,  9.7700807670804302e-01, -2.7357983109598392e+00,  1.3107322221147442e+00, -7.2937418032389034e-01, -4.1420162702278850e-02,  1.3491017425376922e-02,  2.1976380735126762e-02,  4.1904335119117553e+00,  8.7707039186907707e+01
   120,  1.9977e+01,  3.6103332749292222e-01,  2.5197068099422197e+00,  3.7038075354766253e-01,  1.1608727252499194e-02, -6.2983691789515822e-02,  3.5391697238876238e-02, -3.0289072968519598e-02, -9.1773366054931338e-01, -1.3937721243806467e+00,  1.0339104721781378e+00,  9.7700807670804302e-01, -2.7357983109598392e+00,  1.3107322221147442e+00, -7.2937418032389034e-01, -4.1420162702278850e-02,  1.3491017425376922e-02,  2.1976380735126762e-02,  4.1904335119117553e+00,  8.7707037830703385e+01
   121,  2.0140e+01,  3.6103332749292222e-01,  2.5197068099422197e+00,  3.7038073864650134e-01,  1.1608742153660388e-02, -6.2983691789515822e-02,  3.5391697238876238e-02, -3.0289072968519598e-02, -9.1773366054931338e-01, -1.3937721243806467e+00,  1.0339104721781378e+00,  9.7700807670804302e-01, -2.7357983109598392e+00,  1.3107322221147442e+00, -7.2937418032389034e-01, -4.1420162702278850e-02,  1.3491017425376922e-02,  2.1976380735126762e-02,  4.1904335119117553e+00,  8.7707039203731227e+01
   122,  2.0301e+01,  3.6103332749292222e-01,  2.5197068099422197e+00,  3.7038073864650134e-01,  1.1608727252499194e-02, -6.2983706690677016e-02,  3.5391697238876238e-02, -3.0289072968519598e-02, -9.1773366054931338e-01, -1.3937721243806467e+00,  1.0339104721781378e+00,  9.7700807670804302e-01, -2.7357983109598392e+00,  1.3107322221147442e+00, -7.2937418032389034e-01, -4.1420162702278850e-02,  1.3491017425376922e-02,  2.1976380735126762e-02,  4.1904335119117553e+00,  8.7707039170007832e+01
   123,  2.0463e+01,  3.6103332749292222e-01,  2.5197068099422197e+00,  3.7038073864650134e-01,  1.1608727252499194e-02, -6.2983691789515822e-02,  3.5391712140037432e-02, -3.0289072968519598e-02, -9.1773366054931338e-01, -1.3937721243806467e+00,  1.0339104721781378e+00,  9.7700807670804302e-01, -2.7357983109598392e+00,  1.3107322221147442e+00, -7.2937418032389034e-01, -4.1420162702278850e-02,  1.3491017425376922e-02,  2.1976380735126762e-02,  4.1904335119117553e+00,  8.7707039097941021e+01
   124,  2.0624e+01,  3.6103332749292222e-01,  2.5197068099422197e+00,  3.7038073864650134e-01,  1.1608727252499194e-02, -6.2983691789515822e-02,  3.5391697238876238e-02, -3.0289087869680792e-02, -9.1773366054931338e-01, -1.3937721243806467e+00,  1.0339104721781378e+00,  9.7700807670804302e-01, -2.7357983109598392e+00,  1.3107322221147442e+00, -7.2937418032389034e-01, -4.1420162702278850e-02,  1.3491017425376922e-02,  2.1976380735126762e-02,  4.1904335119117553e+00,  8.7707039157251359e+01
   125,  2.0787e+01,  3.6103332749292222e-01,  2.5197068099422197e+00,  3.7038073864650134e-01,  1.1608727252499194e-02, -6.2983691789515822e-02,  3.5391697238876238e-02, -3.0289072968519598e-02, -9.1773367545047457e-01, -1.3937721243806467e+00,  1.0339104721781378e+00,  9.7700807670804302e-01, -2.7357983109598392e+00,  1.3107322221147442e+00, -7.2937418032389034e-01, -4.1420162702278850e-02,  1.3491017425376922e-02,  2.1976380735126762e-02,  4.1904335119117553e+00,  8.7707039063444256e+01
   126,  2.0956e+01,  3.6103332749292222e-01,  2.5197068099422197e+00,  3.7038073864650134e-01,  1.1608727252499194e-02, -6.2983691789515822e-02,  3.5391697238876238e-02, -3.0289072968519598e-02, -9.1773366054931338e-01, -1.3937721451494698e+00,  1.0339104721781378e+00,  9.7700807670804302e-01, -2.7357983109598392e+00,  1.3107322221147442e+00, -7.2937418032389034e-01, -4.1420162702278850e-02,  1.3491017425376922e-02,  2.1976380735126762e-02,  4.1904335119117553e+00,  8.7707039180679288e+01
   127,  2.1125e+01,  3.6103332749292222e-01,  2.5197068099422197e+00,  3.7038073864650134e-01,  1.1608727252499194e-02, -6.2983691789515822e-02,  3.5391697238876238e-02, -3.0289072968519598e-02, -9.1773366054931338e-01, -1.3937721243806467e+00,  1.0339104875846044e+00,  9.7700807670804302e-01, -2.7357983109598392e+00,  1.3107322221147442e+00, -7.2937418032389034e-01, -4.1420162702278850e-02,  1.3491017425376922e-02,  2.1976380735126762e-02,  4.1904335119117553e+00,  8.7707039219341652e+01
   128,  2.1287e+01,  3.6103332749292222e-01,  2.5197068099422197e+00,  3.7038073864650134e-01,  1.1608727252499194e-02, -6.2983691789515822e-02,  3.5391697238876238e-02, -3.0289072968519598e-02, -9.1773366054931338e-01, -1.3937721243806467e+00,  1.0339104721781378e+00,  9.7700809160920421e-01, -2.7357983109598392e+00,  1.3107322221147442e+00, -7.2937418032389034e-01, -4.1420162702278850e-02,  1.3491017425376922e-02,  2.1976380735126762e-02,  4.1904335119117553e+00,  8.7707039240187598e+01
   129,  2.1449e+01,  3.6103332749292222e-01,  2.5197068099422197e+00,  3.7038073864650134e-01,  1.1608727252499194e-02, -6.2983691789515822e-02,  3.5391697238876238e-02, -3.0289072968519598e-02, -9.1773366054931338e-01, -1.3937721243806467e+00,  1.0339104721781378e+00,  9.7700807670804302e-01, -2.7357983517264106e+00,  1.3107322221147442e+00, -7.2937418032389034e-01, -4.1420162702278850e-02,  1.3491017425376922e-02,  2.1976380735126762e-02,  4.1904335119117553e+00,  8.7707039013548282e+01
   130,  2.1612e+01,  3.6103332749292222e-01,  2.5197068099422197e+00,  3.7038073864650134e-01,  1.1608727252499194e-02, -6.2983691789515822e-02,  3.5391697238876238e-02, -3.0289072968519598e-02, -9.1773366054931338e-01, -1.3937721243806467e+00,  1.0339104721781378e+00,  9.7700807670804302e-01, -2.7357983109598392e+00,  1.3107322416461762e+00, -7.2937418032389034e-01, -4.1420162702278850e-02,  1.3491017425376922e-02,  2.1976380735126762e-02,  4.1904335119117553e+00,  8.7707039151693408e+01
   131,  2.1779e+01,  3.6103332749292222e-01,  2.5197068099422197e+00,  3.7038073864650134e-01,  1.1608727252499194e-02, -6.2983691789515822e-02,  3.5391697238876238e-02, -3.0289072968519598e-02, -9.1773366054931338e-01, -1.3937721243806467e+00,  1.0339104721781378e+00,  9.7700807670804302e-01, -2.7357983109598392e+00,  1.3107322221147442e+00, -7.2937419522505154e-01, -4.1420162702278850e-02,  1.3491017425376922e-02,  2.1976380735126762e-02,  4.1904335119117553e+00,  8.7707039185354375e+01
   132,  2.1945e+01,  3.6103332749292222e-01,  2.5197068099422197e+00,  3.7038073864650134e-01,  1.1608727252499194e-02, -6.2983691789515822e-02,  3.5391697238876238e-02, -3.0289072968519598e-02, -9.1773366054931338e-01, -1.3937721243806467e+00,  1.0339104721781378e+00,  9.7700807670804302e-01, -2.7357983109598392e+00,  1.3107322221147442e+00, -7.2937418032389034e-01, -4.1420177603440043e-02,  1.3491017425376922e-02,  2.1976380735126762e-02,  4.1904335119117553e+00,  8.7707039038785297e+01
   133,  2.2108e+01,  3.6103332749292222e-01,  2.5197068099422197e+00,  3.7038073864650134e-01,  1.1608727252499194e-02, -6.2983691789515822e-02,  3.5391697238876238e-02, -3.0289072968519598e-02, -9.1773366054931338e-01, -1.3937721243806467e+00,  1.0339104721781378e+00,  9.7700807670804302e-01, -2.7357983109598392e+00,  1.3107322221147442e+00, -7.2937418032389034e-01, -4.1420162702278850e-02,  1.3491032326538116e-02,  2.1976380735126762e-02,  4.1904335119117553e+00,  8.7707039281333778e+01
   134,  2.2272e+01,  3.6103332749292222e-01,  2.5197068099422197e+00,  3.7038073864650134e-01,  1.1608727252499194e-02, -6.2983691789515822e-02,  3.5391697238876238e-02, -3.0289072968519598e-02, -9.1773366054931338e-01, -1.3937721243806467e+00,  1.0339104721781378e+00,  9.7700807670804302e-01, -2.7357983109598392e+00,  1.3107322221147442e+00, -7.2937418032389034e-01, -4.1420162702278850e-02,  1.3491017425376922e-02,  2.1976395636287956e-02,  4.1904335119117553e+00,  8.7707039252879326e+01
   135,  2.2443e+01,  3.6103332749292222e-01,  2.5197068099422197e+00,  3.7038073864650134e-01,  1.1608727252499194e-02, -6.2983691789515822e-02,  3.5391697238876238e-02, -3.0289072968519598e-02, -9.1773366054931338e-01, -1.3937721243806467e+00,  1.0339104721781378e+00,  9.7700807670804302e-01, -2.7357983109598392e+00,  1.3107322221147442e+00, -7.2937418032389034e-01, -4.1420162702278850e-02,  1.3491017425376922e-02,  2.1976380735126762e-02,  4.1904335743540804e+00,  8.7707039059474766e+01
   136,  2.2611e+01,  3.6277030305549640e-01,  2.5187529083130644e+00,  3.7348735256730775e-01,  2.3822638898642490e-03, -5.7069784845868207e-02,  4.1363247823091538e-02, -2.7109432080919045e-02, -9.2498957727284770e-01, -1.3941097359435846e+00,  1.0295622701888822e+00,  9.6171216334429022e-01, -2.7372407095580504e+00,  1.3044650991584823e+00, -7.1890897434176315e-01, -5.4092108068968824e-02, -7.8652926528661356e-03,  4.7161108452442486e-03,  4.1825127507295532e+00,  8.7719578521436816e+01
   137,  2.2778e+01,  3.6284892964521970e-01,  2.5191268714429267e+00,  3.7295998829333665e-01,  9.3012367347936192e-03, -6.1711665886224495e-02,  3.6715857417862367e-02, -2.9545324046224893e-02, -9.1937747853605167e-01, -1.3940089274248775e+00,  1.0328557689891991e+00,  9.7327862830748368e-01, -2.7362819303318808e+00,  1.3093401910682705e+00, -7.2691770261632649e-01, -4.4644036191146298e-02,  8.5119882267073281e-03,  1.7962017180477817e-02,  4.1884306329410528e+00,  8.7531754470324188e+01
   138,  2.2949e+01,  3.6284894454638089e-01,  2.5191268714429267e+00,  3.7295998829333665e-01,  9.3012367347936192e-03, -6.1711665886224495e-02,  3.6715857417862367e-02, -2.9545324046224893e-02, -9.1937747853605167e-01, -1.3940089274248775e+00,  1.0328557689891991e+00,  9.7327862830748368e-01, -2.7362819303318808e+00,  1.3093401910682705e+00, -7.2691770261632649e-01, -4.4644036191146298e-02,  8.5119882267073281e-03,  1.7962017180477817e-02,  4.1884306329410528e+00,  8.7531754325431052e+01
   139,  2.3114e+01,  3.6284892964521970e-01,  2.5191269089808421e+00,  3.7295998829333665e-01,  9.3012367347936192e-03, -6.1711665886224495e-02,  3.6715857417862367e-02, -2.9545324046224893e-02, -9.1937747853605167e-01, -1.3940089274248775e+00,  1.0328557689891991e+00,  9.7327862830748368e-01, -2.7362819303318808e+00,  1.3093401910682705e+00, -7.2691770261632649e-01, -4.4644036191146298e-02,  8.5119882267073281e-03,  1.7962017180477817e-02,  4.1884306329410528e+00,  8.7531754534714594e+01
   140,  2.3283e+01,  3.6284892964521970e-01,  2.5191268714429267e+00,  3.7296000319449785e-01,  9.3012367347936192e-03, -6.1711665886224495e-02,  3.6715857417862367e-02, -2.9545324046224893e-02, -9.1937747853605167e-01, -1.3940089274248775e+00,  1.0328557689891991e+00,  9.7327862830748368e-01, -2.7362819303318808e+00,  1.3093401910682705e+00, -7.2691770261632649e-01, -4.4644036191146298e-02,  8.5119882267073281e-03,  1.7962017180477817e-02,  4.1884306329410528e+00,  8.7531754271881795e+01
   141,  2.3452e+01,  3.6284892964521970e-01,  2.5191268714429267e+00,  3.7295998829333665e-01,  9.3012516359548131e-03, -6.1711665886224495e-02,  3.6715857417862367e-02, -2.9545324046224893e-02, -9.1937747853605167e-01, -1.3940089274248775e+00,  1.0328557689891991e+00,  9.7327862830748368e-01, -2.7362819303318808e+00,  1.3093401910682705e+00, -7.2691770261632649e-01, -4.4644036191146298e-02,  8.5119882267073281e-03,  1.7962017180477817e-02,  4.1884306329410528e+00,  8.7531754451684606e+01
   142,  2.3615e+01,  3.6284892964521970e-01,  2.5191268714429267e+00,  3.7295998829333665e-01,  9.3012367347936192e-03, -6.1711680787385689e-02,  3.6715857417862367e-02, -2.9545324046224893e-02, -9.1937747853605167e-01, -1.3940089274248775e+00,  1.0328557689891991e+00,  9.7327862830748368e-01, -2.7362819303318808e+00,  1.3093401910682705e+00, -7.2691770261632649e-01, -4.4644036191146298e-02,  8.5119882267073281e-03,  1.7962017180477817e-02,  4.1884306329410528e+00,  8.7531754569954657e+01
   143,  2.3775e+01,  3.6284892964521970e-01,  2.5191268714429267e+00,  3.7295998829333665e-01,  9.3012367347936192e-03, -6.1711665886224495e-02,  3.6715872319023561e-02, -2.9545324046224893e-02, -9.1937747853605167e-01, -1.3940089274248775e+00,  1.0328557689891991e+00,  9.7327862830748368e-01, -2.7362819303318808e+00,  1.3093401910682705e+00, -7.2691770261632649e-01, -4.4644036191146298e-02,  8.5119882267073281e-03,  1.7962017180477817e-02,  4.1884306329410528e+00,  8.7531754420355838e+01
   144,  2.3938e+01,  3.6284892964521970e-01,  2.5191268714429267e+00,  3.7295998829333665e-01,  9.3012367347936192e-03, -6.1711665886224495e-02,  3.6715857417862367e-02, -2.9545338947386087e-02, -9.1937747853605167e-01, -1.3940089274248775e+00,  1.0328557689891991e+00,  9.7327862830748368e-01, -2.7362819303318808e+00,  1.3093401910682705e+00, -7.2691770261632649e-01, -4.4644036191146298e-02,  8.5119882267073281e-03,  1.7962017180477817e-02,  4.1884306329410528e+00,  8.7531754445410044e+01
   145,  2.4105e+01,  3.6284892964521970e-01,  2.5191268714429267e+00,  3.7295998829333665e-01,  9.3012367347936192e-03, -6.1711665886224495e-02,  3.6715857417862367e-02, -2.9545324046224893e-02, -9.1937749343721287e-01, -1.3940089274248775e+00,  1.0328557689891991e+00,  9.7327862830748368e-01, -2.7362819303318808e+00,  1.3093401910682705e+00, -7.2691770261632649e-01, -4.4644036191146298e-02,  8.5119882267073281e-03,  1.7962017180477817e-02,  4.1884306329410528e+00,  8.7531754419334121e+01
   146,  2.4270e+01,  3.6284892964521970e-01,  2.5191268714429267e+00,  3.7295998829333665e-01,  9.3012367347936192e-03, -6.1711665886224495e-02,  3.6715857417862367e-02, -2.9545324046224893e-02, -9.1937747853605167e-01, -1.3940089481972293e+00,  1.0328557689891991e+00,  9.7327862830748368e-01, -2.7362819303318808e+00,  1.3093401910682705e+00, -7.2691770261632649e-01, -4.4644036191146298e-02,  8.5119882267073281e-03,  1.7962017180477817e-02,  4.1884306329410528e+00,  8.7531754453802364e+01
   147,  2.4439e+01,  3.6284892964521970e-01,  2.5191268714429267e+00,  3.7295998829333665e-01,  9.3012367347936192e-03, -6.1711665886224495e-02,  3.6715857417862367e-02, -2.9545324046224893e-02, -9.1937747853605167e-01, -1.3940089274248775e+00,  1.0328557843799493e+00,  9.7327862830748368e-01, -2.7362819303318808e+00,  1.3093401910682705e+00, -7.2691770261632649e-01, -4.4644036191146298e-02,  8.5119882267073281e-03,  1.7962017180477817e-02,  4.1884306329410528e+00,  8.7531754507120738e+01
   148,  2.4617e+01,  3.6284892964521970e-01,  2.5191268714429267e+00,  3.7295998829333665e-01,  9.3012367347936192e-03, -6.1711665886224495e-02,  3.6715857417862367e-02, -2.9545324046224893e-02, -9.1937747853605167e-01, -1.3940089274248775e+00,  1.0328557689891991e+00,  9.7327864320864488e-01, -2.7362819303318808e+00,  1.3093401910682705e+00, -7.2691770261632649e-01, -4.4644036191146298e-02,  8.5119882267073281e-03,  1.7962017180477817e-02,  4.1884306329410528e+00,  8.7531754578321824e+01
   149,  2.4786e+01,  3.6284892964521970e-01,  2.5191268714429267e+00,  3.7295998829333665e-01,  9.3012367347936192e-03, -6.1711665886224495e-02,  3.6715857417862367e-02, -2.9545324046224893e-02, -9.1937747853605167e-01, -1.3940089274248775e+00,  1.0328557689891991e+00,  9.7327862830748368e-01, -2.7362819711056590e+00,  1.3093401910682705e+00, -7.2691770261632649e-01, -4.4644036191146298e-02,  8.5119882267073281e-03,  1.7962017180477817e-02,  4.1884306329410528e+00,  8.7531754423514869e+01
   150,  2.4955e+01,  3.6284892964521970e-01,  2.5191268714429267e+00,  3.7295998829333665e-01,  9.3012367347936192e-03, -6.1711665886224495e-02,  3.6715857417862367e-02, -2.9545324046224893e-02, -9.1937747853605167e-01, -1.3940089274248775e+00,  1.0328557689891991e+00,  9.7327862830748368e-01, -2.7362819303318808e+00,  1.3093402105789598e+00, -7.2691770261632649e-01, -4.4644036191146298e-02,  8.5119882267073281e-03,  1.7962017180477817e-02,  4.1884306329410528e+00,  8.7531754521191161e+01
   151,  2.5124e+01,  3.6284892964521970e-01,  2.5191268714429267e+00,  3.7295998829333665e-01,  9.3012367347936192e-03, -6.1711665886224495e-02,  3.6715857417862367e-02, -2.9545324046224893e-02, -9.1937747853605167e-01, -1.3940089274248775e+00,  1.0328557689891991e+00,  9.7327862830748368e-01, -2.7362819303318808e+00,  1.3093401910682705e+00, -7.2691771751748768e-01, -4.4644036191146298e-02,  8.5119882267073281e-03,  1.7962017180477817e-02,  4.1884306329410528e+00,  8.7531754547593621e+01
   152,  2.5306e+01,  3.6284892964521970e-01,  2.5191268714429267e+00,  3.7295998829333665e-01,  9.3012367347936192e-03, -6.1711665886224495e-02,  3.6715857417862367e-02, -2.9545324046224893e-02, -9.1937747853605167e-01, -1.3940089274248775e+00,  1.0328557689891991e+00,  9.7327862830748368e-01, -2.7362819303318808e+00,  1.3093401910682705e+00, -7.2691770261632649e-01, -4.4644051092307492e-02,  8.5119882267073281e-03,  1.7962017180477817e-02,  4.1884306329410528e+00,  8.7531754518662567e+01
   153,  2.5483e+01,  3.6284892964521970e-01,  2.5191268714429267e+00,  3.7295998829333665e-01,  9.3012367347936192e-03, -6.1711665886224495e-02,  3.6715857417862367e-02, -2.9545324046224893e-02, -9.1937747853605167e-01, -1.3940089274248775e+00,  1.0328557689891991e+00,  9.7327862830748368e-01, -2.7362819303318808e+00,  1.3093401910682705e+00, -7.2691770261632649e-01, -4.4644036191146298e-02,  8.5120031278685220e-03,  1.7962017180477817e-02,  4.1884306329410528e+00,  8.7531754399821040e+01
   154,  2.5651e+01,  3.6284892964521970e-01,  2.5191268714429267e+00,  3.7295998829333665e-01,  9.3012367347936192e-03, -6.1711665886224495e-02,  3.6715857417862367e-02, -2.9545324046224893e-02, -9.1937747853605167e-01, -1.3940089274248775e+00,  1.0328557689891991e+00,  9.7327862830748368e-01, -2.7362819303318808e+00,  1.3093401910682705e+00, -7.2691770261632649e-01, -4.4644036191146298e-02,  8.5119882267073281e-03,  1.7962032081639011e-02,  4.1884306329410528e+00,  8.7531754400848428e+01
   155,  2.5835e+01,  3.6284892964521970e-01,  2.5191268714429267e+00,  3.7295998829333665e-01,  9.3012367347936192e-03, -6.1711665886224495e-02,  3.6715857417862367e-02, -2.9545324046224893e-02, -9.1937747853605167e-01, -1.3940089274248775e+00,  1.0328557689891991e+00,  9.7327862830748368e-01, -2.7362819303318808e+00,  1.3093401910682705e+00, -7.2691770261632649e-01, -4.4644036191146298e-02,  8.5119882267073281e-03,  1.7962017180477817e-02,  4.1884306953535324e+00,  8.7531754720501326e+01
   156,  2.6002e+01,  3.6338464367120427e-01,  2.5182953177683078e+00,  3.7372036362963051e-01,  1.0037589231582931e-02, -5.7278293005566472e-02,  3.8991080128436904e-02, -3.0603591844542647e-02, -9.2149541473190832e-01, -1.3946946975567132e+00,  1.0316113330674059e+00,  9.6876674736801505e-01, -2.7367473260361899e+00,  1.3074925124579182e+00, -7.2349543398572236e-01, -4.2601709160577456e-02,  1.1498415852177112e-02,  2.0956326685807342e-02,  4.1855116560445360e+00,  8.7537338469389525e+01
   157,  2.6172e+01,  3.6333405701449112e-01,  2.5188879345534776e+00,  3.7345044455767551e-01,  9.4894709988366157e-03, -6.0667265907962155e-02,  3.7243116653686147e-02, -2.9803140684050648e-02, -9.1988616185631289e-01, -1.3941812789767876e+00,  1.0325474052144563e+00,  9.7217091094477037e-01, -2.7364131582404356e+00,  1.3089026399552111e+00, -7.2609248960204797e-01, -4.4145895053425040e-02,  9.2397299215648716e-03,  1.8682196744766656e-02,  4.1877224016411772e+00,  8.7516730758389500e+01
   158,  2.6345e+01,  3.6333407191565231e-01,  2.5188879345534776e+00,  3.7345044455767551e-01,  9.4894709988366157e-03, -6.0667265907962155e-02,  3.7243116653686147e-02, -2.9803140684050648e-02, -9.1988616185631289e-01, -1.3941812789767876e+00,  1.0325474052144563e+00,  9.7217091094477037e-01, -2.7364131582404356e+00,  1.3089026399552111e+00, -7.2609248960204797e-01, -4.4145895053425040e-02,  9.2397299215648716e-03,  1.8682196744766656e-02,  4.1877224016411772e+00,  8.7516730777302712e+01
   159,  2.6511e+01,  3.6333405701449112e-01,  2.5188879720878328e+00,  3.7345044455767551e-01,  9.4894709988366157e-03, -6.0667265907962155e-02,  3.7243116653686147e-02, -2.9803140684050648e-02, -9.1988616185631289e-01, -1.3941812789767876e+00,  1.0325474052144563e+00,  9.7217091094477037e-01, -2.7364131582404356e+00,  1.3089026399552111e+00, -7.2609248960204797e-01, -4.4145895053425040e-02,  9.2397299215648716e-03,  1.8682196744766656e-02,  4.1877224016411772e+00,  8.7516730632640702e+01
   160,  2.6679e+01,  3.6333405701449112e-01,  2.5188879345534776e+00,  3.7345045945883670e-01,  9.4894709988366157e-03, -6.0667265907962155e-02,  3.7243116653686147e-02, -2.9803140684050648e-02, -9.1988616185631289e-01, -1.3941812789767876e+00,  1.0325474052144563e+00,  9.7217091094477037e-01, -2.7364131582404356e+00,  1.3089026399552111e+00, -7.2609248960204797e-01, -4.4145895053425040e-02,  9.2397299215648716e-03,  1.8682196744766656e-02,  4.1877224016411772e+00,  8.7516732074063853e+01
   161,  2.6849e+01,  3.6333405701449112e-01,  2.5188879345534776e+00,  3.7345044455767551e-01,  9.4894858999978095e-03, -6.0667265907962155e-02,  3.7243116653686147e-02, -2.9803140684050648e-02, -9.1988616185631289e-01, -1.3941812789767876e+00,  1.0325474052144563e+00,  9.7217091094477037e-01, -2.7364131582404356e+00,  1.3089026399552111e+00, -7.2609248960204797e-01, -4.4145895053425040e-02,  9.2397299215648716e-03,  1.8682196744766656e-02,  4.1877224016411772e+00,  8.7516730768840247e+01
   162,  2.7024e+01,  3.6333405701449112e-01,  2.5188879345534776e+00,  3.7345044455767551e-01,  9.4894709988366157e-03, -6.0667280809123349e-02,  3.7243116653686147e-02, -2.9803140684050648e-02, -9.1988616185631289e-01, -1.3941812789767876e+00,  1.0325474052144563e+00,  9.7217091094477037e-01, -2.7364131582404356e+00,  1.3089026399552111e+00, -7.2609248960204797e-01, -4.4145895053425040e-02,  9.2397299215648716e-03,  1.8682196744766656e-02,  4.1877224016411772e+00,  8.7516730823609109e+01
   163,  2.7193e+01,  3.6333405701449112e-01,  2.5188879345534776e+00,  3.7345044455767551e-01,  9.4894709988366157e-03, -6.0667265907962155e-02,  3.7243131554847340e-02, -2.9803140684050648e-02, -9.1988616185631289e-01, -1.3941812789767876e+00,  1.0325474052144563e+00,  9.7217091094477037e-01, -2.7364131582404356e+00,  1.3089026399552111e+00, -7.2609248960204797e-01, -4.4145895053425040e-02,  9.2397299215648716e-03,  1.8682196744766656e-02,  4.1877224016411772e+00,  8.7516730732271100e+01
   164,  2.7363e+01,  3.6333405701449112e-01,  2.5188879345534776e+00,  3.7345044455767551e-01,  9.4894709988366157e-03, -6.0667265907962155e-02,  3.7243116653686147e-02, -2.9803155585211842e-02, -9.1988616185631289e-01, -1.3941812789767876e+00,  1.0325474052144563e+00,  9.7217091094477037e-01, -2.7364131582404356e+00,  1.3089026399552111e+00, -7.2609248960204797e-01, -4.4145895053425040e-02,  9.2397299215648716e-03,  1.8682196744766656e-02,  4.1877224016411772e+00,  8.7516730757086620e+01
   165,  2.7535e+01,  3.6333405701449112e-01,  2.5188879345534776e+00,  3.7345044455767551e-01,  9.4894709988366157e-03, -6.0667265907962155e-02,  3.7243116653686147e-02, -2.9803140684050648e-02, -9.1988617675747408e-01, -1.3941812789767876e+00,  1.0325474052144563e+00,  9.7217091094477037e-01, -2.7364131582404356e+00,  1.3089026399552111e+00, -7.2609248960204797e-01, -4.4145895053425040e-02,  9.2397299215648716e-03,  1.8682196744766656e-02,  4.1877224016411772e+00,  8.7516730757418898e+01
   166,  2.7705e+01,  3.6333405701449112e-01,  2.5188879345534776e+00,  3.7345044455767551e-01,  9.4894709988366157e-03, -6.0667265907962155e-02,  3.7243116653686147e-02, -2.9803140684050648e-02, -9.1988616185631289e-01, -1.3941812997517076e+00,  1.0325474052144563e+00,  9.7217091094477037e-01, -2.7364131582404356e+00,  1.3089026399552111e+00, -7.2609248960204797e-01, -4.4145895053425040e-02,  9.2397299215648716e-03,  1.8682196744766656e-02,  4.1877224016411772e+00,  8.7516730800137324e+01
   167,  2.7876e+01,  3.6333405701449112e-01,  2.5188879345534776e+00,  3.7345044455767551e-01,  9.4894709988366157e-03, -6.0667265907962155e-02,  3.7243116653686147e-02, -2.9803140684050648e-02, -9.1988616185631289e-01, -1.3941812789767876e+00,  1.0325474206006116e+00,  9.7217091094477037e-01, -2.7364131582404356e+00,  1.3089026399552111e+00, -7.2609248960204797e-01, -4.4145895053425040e-02,  9.2397299215648716e-03,  1.8682196744766656e-02,  4.1877224016411772e+00,  8.7516730767846965e+01
   168,  2.8046e+01,  3.6333405701449112e-01,  2.5188879345534776e+00,  3.7345044455767551e-01,  9.4894709988366157e-03, -6.0667265907962155e-02,  3.7243116653686147e-02, -2.9803140684050648e-02, -9.1988616185631289e-01, -1.3941812789767876e+00,  1.0325474052144563e+00,  9.7217092584593157e-01, -2.7364131582404356e+00,  1.3089026399552111e+00, -7.2609248960204797e-01, -4.4145895053425040e-02,  9.2397299215648716e-03,  1.8682196744766656e-02,  4.1877224016411772e+00,  8.7516730687516045e+01
   169,  2.8228e+01,  3.6333405701449112e-01,  2.5188879345534776e+00,  3.7345044455767551e-01,  9.4894709988366157e-03, -6.0667265907962155e-02,  3.7243116653686147e-02, -2.9803140684050648e-02, -9.1988616185631289e-01, -1.3941812789767876e+00,  1.0325474052144563e+00,  9.7217091094477037e-01, -2.7364131990161691e+00,  1.3089026399552111e+00, -7.2609248960204797e-01, -4.4145895053425040e-02,  9.2397299215648716e-03,  1.8682196744766656e-02,  4.1877224016411772e+00,  8.7516730946631995e+01
   170,  2.8406e+01,  3.6333405701449112e-01,  2.5188879345534776e+00,  3.7345044455767551e-01,  9.4894709988366157e-03, -6.0667265907962155e-02,  3.7243116653686147e-02, -2.9803140684050648e-02, -9.1988616185631289e-01, -1.3941812789767876e+00,  1.0325474052144563e+00,  9.7217091094477037e-01, -2.7364131582404356e+00,  1.3089026594593802e+00, -7.2609248960204797e-01, -4.4145895053425040e-02,  9.2397299215648716e-03,  1.8682196744766656e-02,  4.1877224016411772e+00,  8.7516730886249448e+01
   171,  2.8580e+01,  3.6333405701449112e-01,  2.5188879345534776e+00,  3.7345044455767551e-01,  9.4894709988366157e-03, -6.0667265907962155e-02,  3.7243116653686147e-02, -2.9803140684050648e-02, -9.1988616185631289e-01, -1.3941812789767876e+00,  1.0325474052144563e+00,  9.7217091094477037e-01, -2.7364131582404356e+00,  1.3089026399552111e+00, -7.2609250450320917e-01, -4.4145895053425040e-02,  9.2397299215648716e-03,  1.8682196744766656e-02,  4.1877224016411772e+00,  8.7516730774107899e+01
   172,  2.8753e+01,  3.6333405701449112e-01,  2.5188879345534776e+00,  3.7345044455767551e-01,  9.4894709988366157e-03, -6.0667265907962155e-02,  3.7243116653686147e-02, -2.9803140684050648e-02, -9.1988616185631289e-01, -1.3941812789767876e+00,  1.0325474052144563e+00,  9.7217091094477037e-01, -2.7364131582404356e+00,  1.3089026399552111e+00, -7.2609248960204797e-01, -4.4145909954586234e-02,  9.2397299215648716e-03,  1.8682196744766656e-02,  4.1877224016411772e+00,  8.7516730806407594e+01
   173,  2.8928e+01,  3.6333405701449112e-01,  2.5188879345534776e+00,  3.7345044455767551e-01,  9.4894709988366157e-03, -6.0667265907962155e-02,  3.7243116653686147e-02, -2.9803140684050648e-02, -9.1988616185631289e-01, -1.3941812789767876e+00,  1.0325474052144563e+00,  9.7217091094477037e-01, -2.7364131582404356e+00,  1.3089026399552111e+00, -7.2609248960204797e-01, -4.4145895053425040e-02,  9.2397448227260655e-03,  1.8682196744766656e-02,  4.1877224016411772e+00,  8.7516730791024131e+01
   174,  2.9101e+01,  3.6333405701449112e-01,  2.5188879345534776e+00,  3.7345044455767551e-01,  9.4894709988366157e-03, -6.0667265907962155e-02,  3.7243116653686147e-02, -2.9803140684050648e-02, -9.1988616185631289e-01, -1.3941812789767876e+00,  1.0325474052144563e+00,  9.7217091094477037e-01, -2.7364131582404356e+00,  1.3089026399552111e+00, -7.2609248960204797e-01, -4.4145895053425040e-02,  9.2397299215648716e-03,  1.8682211645927850e-02,  4.1877224016411772e+00,  8.7516730849350125e+01
   175,  2.9274e+01,  3.6333405701449112e-01,  2.5188879345534776e+00,  3.7345044455767551e-01,  9.4894709988366157e-03, -6.0667265907962155e-02,  3.7243116653686147e-02, -2.9803140684050648e-02, -9.1988616185631289e-01, -1.3941812789767876e+00,  1.0325474052144563e+00,  9.7217091094477037e-01, -2.7364131582404356e+00,  1.3089026399552111e+00, -7.2609248960204797e-01, -4.4145895053425040e-02,  9.2397299215648716e-03,  1.8682196744766656e-02,  4.1877224640431034e+00,  8.7516731017916541e+01
