Problem type:
least_squares
nparams:
14
function_evaluation,seconds,x(0),x(1),x(2),x(3),x(4),x(5),x(6),x(7),x(8),x(9),x(10),x(11),x(12),x(13),objective_function
     0,  1.4301e-01,  3.4119739400849264e-01,  1.7782560490110799e+00,  3.7651007453315061e-01, -7.1931634086532092e-03, -4.4433243357695617e-03,  0.0000000000000000e+00,  1.9947417967368655e-01,  0.0000000000000000e+00,  9.4072342453522284e-01, -9.1616128230939398e-01,  0.0000000000000000e+00, -2.0304541799942222e-02,  0.0000000000000000e+00,  4.6670570303328516e+00,  1.6159598912374591e+02
     1,  2.7577e-01,  3.4119740890965383e-01,  1.7782560490110799e+00,  3.7651007453315061e-01, -7.1931634086532092e-03, -4.4433243357695617e-03,  0.0000000000000000e+00,  1.9947417967368655e-01,  0.0000000000000000e+00,  9.4072342453522284e-01, -9.1616128230939398e-01,  0.0000000000000000e+00, -2.0304541799942222e-02,  0.0000000000000000e+00,  4.6670570303328516e+00,  1.6159598986167484e+02
     2,  4.0645e-01,  3.4119739400849264e-01,  1.7782560755091599e+00,  3.7651007453315061e-01, -7.1931634086532092e-03, -4.4433243357695617e-03,  0.0000000000000000e+00,  1.9947417967368655e-01,  0.0000000000000000e+00,  9.4072342453522284e-01, -9.1616128230939398e-01,  0.0000000000000000e+00, -2.0304541799942222e-02,  0.0000000000000000e+00,  4.6670570303328516e+00,  1.6159598902430830e+02
     3,  5.4498e-01,  3.4119739400849264e-01,  1.7782560490110799e+00,  3.7651008943431180e-01, -7.1931634086532092e-03, -4.4433243357695617e-03,  0.0000000000000000e+00,  1.9947417967368655e-01,  0.0000000000000000e+00,  9.4072342453522284e-01, -9.1616128230939398e-01,  0.0000000000000000e+00, -2.0304541799942222e-02,  0.0000000000000000e+00,  4.6670570303328516e+00,  1.6159598916982517e+02
     4,  6.7778e-01,  3.4119739400849264e-01,  1.7782560490110799e+00,  3.7651007453315061e-01, -7.1931783098144030e-03, -4.4433243357695617e-03,  0.0000000000000000e+00,  1.9947417967368655e-01,  0.0000000000000000e+00,  9.4072342453522284e-01, -9.1616128230939398e-01,  0.0000000000000000e+00, -2.0304541799942222e-02,  0.0000000000000000e+00,  4.6670570303328516e+00,  1.6159598925390134e+02
     5,  8.1236e-01,  3.4119739400849264e-01,  1.7782560490110799e+00,  3.7651007453315061e-01, -7.1931634086532092e-03, -4.4433392369307555e-03,  0.0000000000000000e+00,  1.9947417967368655e-01,  0.0000000000000000e+00,  9.4072342453522284e-01, -9.1616128230939398e-01,  0.0000000000000000e+00, -2.0304541799942222e-02,  0.0000000000000000e+00,  4.6670570303328516e+00,  1.6159598898725059e+02
     6,  9.4525e-01,  3.4119739400849264e-01,  1.7782560490110799e+00,  3.7651007453315061e-01, -7.1931634086532092e-03, -4.4433243357695617e-03,  1.4901161193847656e-08,  1.9947417967368655e-01,  0.0000000000000000e+00,  9.4072342453522284e-01, -9.1616128230939398e-01,  0.0000000000000000e+00, -2.0304541799942222e-02,  0.0000000000000000e+00,  4.6670570303328516e+00,  1.6159598909023421e+02
     7,  1.0946e+00,  3.4119739400849264e-01,  1.7782560490110799e+00,  3.7651007453315061e-01, -7.1931634086532092e-03, -4.4433243357695617e-03,  0.0000000000000000e+00,  1.9947419457484775e-01,  0.0000000000000000e+00,  9.4072342453522284e-01, -9.1616128230939398e-01,  0.0000000000000000e+00, -2.0304541799942222e-02,  0.0000000000000000e+00,  4.6670570303328516e+00,  1.6159598902337535e+02
     8,  1.2518e+00,  3.4119739400849264e-01,  1.7782560490110799e+00,  3.7651007453315061e-01, -7.1931634086532092e-03, -4.4433243357695617e-03,  0.0000000000000000e+00,  1.9947417967368655e-01,  1.4901161193847656e-08,  9.4072342453522284e-01, -9.1616128230939398e-01,  0.0000000000000000e+00, -2.0304541799942222e-02,  0.0000000000000000e+00,  4.6670570303328516e+00,  1.6159598990901193e+02
     9,  1.3985e+00,  3.4119739400849264e-01,  1.7782560490110799e+00,  3.7651007453315061e-01, -7.1931634086532092e-03, -4.4433243357695617e-03,  0.0000000000000000e+00,  1.9947417967368655e-01,  0.0000000000000000e+00,  9.4072343943638403e-01, -9.1616128230939398e-01,  0.0000000000000000e+00, -2.0304541799942222e-02,  0.0000000000000000e+00,  4.6670570303328516e+00,  1.6159598898425210e+02
    10,  1.5452e+00,  3.4119739400849264e-01,  1.7782560490110799e+00,  3.7651007453315061e-01, -7.1931634086532092e-03, -4.4433243357695617e-03,  0.0000000000000000e+00,  1.9947417967368655e-01,  0.0000000000000000e+00,  9.4072342453522284e-01, -9.1616129721055517e-01,  0.0000000000000000e+00, -2.0304541799942222e-02,  0.0000000000000000e+00,  4.6670570303328516e+00,  1.6159598904545251e+02
    11,  1.6894e+00,  3.4119739400849264e-01,  1.7782560490110799e+00,  3.7651007453315061e-01, -7.1931634086532092e-03, -4.4433243357695617e-03,  0.0000000000000000e+00,  1.9947417967368655e-01,  0.0000000000000000e+00,  9.4072342453522284e-01, -9.1616128230939398e-01,  1.4901161193847656e-08, -2.0304541799942222e-02,  0.0000000000000000e+00,  4.6670570303328516e+00,  1.6159598900452639e+02
    12,  1.8382e+00,  3.4119739400849264e-01,  1.7782560490110799e+00,  3.7651007453315061e-01, -7.1931634086532092e-03, -4.4433243357695617e-03,  0.0000000000000000e+00,  1.9947417967368655e-01,  0.0000000000000000e+00,  9.4072342453522284e-01, -9.1616128230939398e-01,  0.0000000000000000e+00, -2.0304556701103416e-02,  0.0000000000000000e+00,  4.6670570303328516e+00,  1.6159598919136488e+02
    13,  1.9815e+00,  3.4119739400849264e-01,  1.7782560490110799e+00,  3.7651007453315061e-01, -7.1931634086532092e-03, -4.4433243357695617e-03,  0.0000000000000000e+00,  1.9947417967368655e-01,  0.0000000000000000e+00,  9.4072342453522284e-01, -9.1616128230939398e-01,  0.0000000000000000e+00, -2.0304541799942222e-02,  1.4901161193847656e-08,  4.6670570303328516e+00,  1.6159598915995218e+02
    14,  2.1235e+00,  3.4119739400849264e-01,  1.7782560490110799e+00,  3.7651007453315061e-01, -7.1931634086532092e-03, -4.4433243357695617e-03,  0.0000000000000000e+00,  1.9947417967368655e-01,  0.0000000000000000e+00,  9.4072342453522284e-01, -9.1616128230939398e-01,  0.0000000000000000e+00, -2.0304541799942222e-02,  0.0000000000000000e+00,  4.6670570998774208e+00,  1.6159598869376217e+02
    15,  2.2593e+00,  3.6414107013406261e-01,  2.4449174905336721e+00,  5.9603795686449446e-01,  9.9933700327337283e-02, -2.1395184069483608e-01,  1.4457923141485629e-01,  1.1009352455352746e+00, -2.4491163186972686e+00,  7.8015170575601844e-01, -2.3359990775072066e+00,  2.1675125476841810e+00,  8.0365781765969327e-02, -5.5865496937726106e-02,  1.8085954149776486e+00,  1.4220091457142712e+03
    16,  2.3956e+00,  3.4759691455462222e-01,  1.8713222947484229e+00,  3.9754248845371848e-01,  8.5550496894562802e-02, -1.4906257058201053e-01,  6.1752936479244895e-02,  3.0914256073174884e-01, -9.5467473577052464e-01,  1.1421880084194660e+00, -1.3026424870136564e+00,  4.2972061086975405e-01,  5.7339868232008873e-02, -5.7904427426395330e-02,  4.4570439924470522e+00,  1.2813251498273635e+02
    17,  2.5370e+00,  3.4759692945578341e-01,  1.8713222947484229e+00,  3.9754248845371848e-01,  8.5550496894562802e-02, -1.4906257058201053e-01,  6.1752936479244895e-02,  3.0914256073174884e-01, -9.5467473577052464e-01,  1.1421880084194660e+00, -1.3026424870136564e+00,  4.2972061086975405e-01,  5.7339868232008873e-02, -5.7904427426395330e-02,  4.4570439924470522e+00,  1.2813251414259776e+02
    18,  2.6764e+00,  3.4759691455462222e-01,  1.8713223226332980e+00,  3.9754248845371848e-01,  8.5550496894562802e-02, -1.4906257058201053e-01,  6.1752936479244895e-02,  3.0914256073174884e-01, -9.5467473577052464e-01,  1.1421880084194660e+00, -1.3026424870136564e+00,  4.2972061086975405e-01,  5.7339868232008873e-02, -5.7904427426395330e-02,  4.4570439924470522e+00,  1.2813251459082502e+02
    19,  2.8187e+00,  3.4759691455462222e-01,  1.8713222947484229e+00,  3.9754250335487967e-01,  8.5550496894562802e-02, -1.4906257058201053e-01,  6.1752936479244895e-02,  3.0914256073174884e-01, -9.5467473577052464e-01,  1.1421880084194660e+00, -1.3026424870136564e+00,  4.2972061086975405e-01,  5.7339868232008873e-02, -5.7904427426395330e-02,  4.4570439924470522e+00,  1.2813251935813736e+02
    20,  2.9537e+00,  3.4759691455462222e-01,  1.8713222947484229e+00,  3.9754248845371848e-01,  8.5550511795723996e-02, -1.4906257058201053e-01,  6.1752936479244895e-02,  3.0914256073174884e-01, -9.5467473577052464e-01,  1.1421880084194660e+00, -1.3026424870136564e+00,  4.2972061086975405e-01,  5.7339868232008873e-02, -5.7904427426395330e-02,  4.4570439924470522e+00,  1.2813251525459316e+02
    21,  3.0919e+00,  3.4759691455462222e-01,  1.8713222947484229e+00,  3.9754248845371848e-01,  8.5550496894562802e-02, -1.4906258548317172e-01,  6.1752936479244895e-02,  3.0914256073174884e-01, -9.5467473577052464e-01,  1.1421880084194660e+00, -1.3026424870136564e+00,  4.2972061086975405e-01,  5.7339868232008873e-02, -5.7904427426395330e-02,  4.4570439924470522e+00,  1.2813251525540733e+02
    22,  3.2293e+00,  3.4759691455462222e-01,  1.8713222947484229e+00,  3.9754248845371848e-01,  8.5550496894562802e-02, -1.4906257058201053e-01,  6.1752951380406089e-02,  3.0914256073174884e-01, -9.5467473577052464e-01,  1.1421880084194660e+00, -1.3026424870136564e+00,  4.2972061086975405e-01,  5.7339868232008873e-02, -5.7904427426395330e-02,  4.4570439924470522e+00,  1.2813251508084139e+02
    23,  3.3618e+00,  3.4759691455462222e-01,  1.8713222947484229e+00,  3.9754248845371848e-01,  8.5550496894562802e-02, -1.4906257058201053e-01,  6.1752936479244895e-02,  3.0914257563291003e-01, -9.5467473577052464e-01,  1.1421880084194660e+00, -1.3026424870136564e+00,  4.2972061086975405e-01,  5.7339868232008873e-02, -5.7904427426395330e-02,  4.4570439924470522e+00,  1.2813251495169760e+02
    24,  3.4937e+00,  3.4759691455462222e-01,  1.8713222947484229e+00,  3.9754248845371848e-01,  8.5550496894562802e-02, -1.4906257058201053e-01,  6.1752936479244895e-02,  3.0914256073174884e-01, -9.5467475067168583e-01,  1.1421880084194660e+00, -1.3026424870136564e+00,  4.2972061086975405e-01,  5.7339868232008873e-02, -5.7904427426395330e-02,  4.4570439924470522e+00,  1.2813251468766089e+02
    25,  3.6253e+00,  3.4759691455462222e-01,  1.8713222947484229e+00,  3.9754248845371848e-01,  8.5550496894562802e-02, -1.4906257058201053e-01,  6.1752936479244895e-02,  3.0914256073174884e-01, -9.5467473577052464e-01,  1.1421880254393937e+00, -1.3026424870136564e+00,  4.2972061086975405e-01,  5.7339868232008873e-02, -5.7904427426395330e-02,  4.4570439924470522e+00,  1.2813251491835473e+02
    26,  3.7576e+00,  3.4759691455462222e-01,  1.8713222947484229e+00,  3.9754248845371848e-01,  8.5550496894562802e-02, -1.4906257058201053e-01,  6.1752936479244895e-02,  3.0914256073174884e-01, -9.5467473577052464e-01,  1.1421880084194660e+00, -1.3026425064245422e+00,  4.2972061086975405e-01,  5.7339868232008873e-02, -5.7904427426395330e-02,  4.4570439924470522e+00,  1.2813251492318361e+02
    27,  3.8898e+00,  3.4759691455462222e-01,  1.8713222947484229e+00,  3.9754248845371848e-01,  8.5550496894562802e-02, -1.4906257058201053e-01,  6.1752936479244895e-02,  3.0914256073174884e-01, -9.5467473577052464e-01,  1.1421880084194660e+00, -1.3026424870136564e+00,  4.2972062577091524e-01,  5.7339868232008873e-02, -5.7904427426395330e-02,  4.4570439924470522e+00,  1.2813251494449713e+02
    28,  4.0300e+00,  3.4759691455462222e-01,  1.8713222947484229e+00,  3.9754248845371848e-01,  8.5550496894562802e-02, -1.4906257058201053e-01,  6.1752936479244895e-02,  3.0914256073174884e-01, -9.5467473577052464e-01,  1.1421880084194660e+00, -1.3026424870136564e+00,  4.2972061086975405e-01,  5.7339883133170066e-02, -5.7904427426395330e-02,  4.4570439924470522e+00,  1.2813251501440411e+02
    29,  4.1751e+00,  3.4759691455462222e-01,  1.8713222947484229e+00,  3.9754248845371848e-01,  8.5550496894562802e-02, -1.4906257058201053e-01,  6.1752936479244895e-02,  3.0914256073174884e-01, -9.5467473577052464e-01,  1.1421880084194660e+00, -1.3026424870136564e+00,  4.2972061086975405e-01,  5.7339868232008873e-02, -5.7904442327556524e-02,  4.4570439924470522e+00,  1.2813251496410174e+02
    30,  4.3108e+00,  3.4759691455462222e-01,  1.8713222947484229e+00,  3.9754248845371848e-01,  8.5550496894562802e-02, -1.4906257058201053e-01,  6.1752936479244895e-02,  3.0914256073174884e-01, -9.5467473577052464e-01,  1.1421880084194660e+00, -1.3026424870136564e+00,  4.2972061086975405e-01,  5.7339868232008873e-02, -5.7904427426395330e-02,  4.4570440588621834e+00,  1.2813251571454464e+02
    31,  4.4503e+00,  3.6224850081812288e-01,  2.1366477648611562e+00,  3.1764641068704463e-01, -2.4160060194440047e-01,  4.2083223266793202e-01, -2.5294187891985132e-01, -1.2558033115106977e+00, -1.4670699622675638e+00,  8.4300885583880492e-01, -2.7030775558502671e+00,  8.6174955299864986e-01,  1.2055692496326291e-01, -1.4728974169413206e-01,  4.5420641086779465e+00,  1.2700740325501427e+02
    32,  4.5881e+00,  3.6224851571928407e-01,  2.1366477648611562e+00,  3.1764641068704463e-01, -2.4160060194440047e-01,  4.2083223266793202e-01, -2.5294187891985132e-01, -1.2558033115106977e+00, -1.4670699622675638e+00,  8.4300885583880492e-01, -2.7030775558502671e+00,  8.6174955299864986e-01,  1.2055692496326291e-01, -1.4728974169413206e-01,  4.5420641086779465e+00,  1.2700740881071857e+02
    33,  4.7265e+00,  3.6224850081812288e-01,  2.1366477966996889e+00,  3.1764641068704463e-01, -2.4160060194440047e-01,  4.2083223266793202e-01, -2.5294187891985132e-01, -1.2558033115106977e+00, -1.4670699622675638e+00,  8.4300885583880492e-01, -2.7030775558502671e+00,  8.6174955299864986e-01,  1.2055692496326291e-01, -1.4728974169413206e-01,  4.5420641086779465e+00,  1.2700740231924844e+02
    34,  4.8696e+00,  3.6224850081812288e-01,  2.1366477648611562e+00,  3.1764642558820583e-01, -2.4160060194440047e-01,  4.2083223266793202e-01, -2.5294187891985132e-01, -1.2558033115106977e+00, -1.4670699622675638e+00,  8.4300885583880492e-01, -2.7030775558502671e+00,  8.6174955299864986e-01,  1.2055692496326291e-01, -1.4728974169413206e-01,  4.5420641086779465e+00,  1.2700739512039790e+02
    35,  5.0046e+00,  3.6224850081812288e-01,  2.1366477648611562e+00,  3.1764641068704463e-01, -2.4160061684556167e-01,  4.2083223266793202e-01, -2.5294187891985132e-01, -1.2558033115106977e+00, -1.4670699622675638e+00,  8.4300885583880492e-01, -2.7030775558502671e+00,  8.6174955299864986e-01,  1.2055692496326291e-01, -1.4728974169413206e-01,  4.5420641086779465e+00,  1.2700740359726679e+02
    36,  5.1399e+00,  3.6224850081812288e-01,  2.1366477648611562e+00,  3.1764641068704463e-01, -2.4160060194440047e-01,  4.2083224756909321e-01, -2.5294187891985132e-01, -1.2558033115106977e+00, -1.4670699622675638e+00,  8.4300885583880492e-01, -2.7030775558502671e+00,  8.6174955299864986e-01,  1.2055692496326291e-01, -1.4728974169413206e-01,  4.5420641086779465e+00,  1.2700740357167786e+02
    37,  5.2747e+00,  3.6224850081812288e-01,  2.1366477648611562e+00,  3.1764641068704463e-01, -2.4160060194440047e-01,  4.2083223266793202e-01, -2.5294189382101251e-01, -1.2558033115106977e+00, -1.4670699622675638e+00,  8.4300885583880492e-01, -2.7030775558502671e+00,  8.6174955299864986e-01,  1.2055692496326291e-01, -1.4728974169413206e-01,  4.5420641086779465e+00,  1.2700740339209979e+02
    38,  5.4097e+00,  3.6224850081812288e-01,  2.1366477648611562e+00,  3.1764641068704463e-01, -2.4160060194440047e-01,  4.2083223266793202e-01, -2.5294187891985132e-01, -1.2558033302236253e+00, -1.4670699622675638e+00,  8.4300885583880492e-01, -2.7030775558502671e+00,  8.6174955299864986e-01,  1.2055692496326291e-01, -1.4728974169413206e-01,  4.5420641086779465e+00,  1.2700740334364956e+02
    39,  5.5495e+00,  3.6224850081812288e-01,  2.1366477648611562e+00,  3.1764641068704463e-01, -2.4160060194440047e-01,  4.2083223266793202e-01, -2.5294187891985132e-01, -1.2558033115106977e+00, -1.4670699841286099e+00,  8.4300885583880492e-01, -2.7030775558502671e+00,  8.6174955299864986e-01,  1.2055692496326291e-01, -1.4728974169413206e-01,  4.5420641086779465e+00,  1.2700740372771267e+02
    40,  5.6877e+00,  3.6224850081812288e-01,  2.1366477648611562e+00,  3.1764641068704463e-01, -2.4160060194440047e-01,  4.2083223266793202e-01, -2.5294187891985132e-01, -1.2558033115106977e+00, -1.4670699622675638e+00,  8.4300887073996611e-01, -2.7030775558502671e+00,  8.6174955299864986e-01,  1.2055692496326291e-01, -1.4728974169413206e-01,  4.5420641086779465e+00,  1.2700740283076047e+02
    41,  5.8248e+00,  3.6224850081812288e-01,  2.1366477648611562e+00,  3.1764641068704463e-01, -2.4160060194440047e-01,  4.2083223266793202e-01, -2.5294187891985132e-01, -1.2558033115106977e+00, -1.4670699622675638e+00,  8.4300885583880492e-01, -2.7030775961292615e+00,  8.6174955299864986e-01,  1.2055692496326291e-01, -1.4728974169413206e-01,  4.5420641086779465e+00,  1.2700740291367470e+02
    42,  5.9597e+00,  3.6224850081812288e-01,  2.1366477648611562e+00,  3.1764641068704463e-01, -2.4160060194440047e-01,  4.2083223266793202e-01, -2.5294187891985132e-01, -1.2558033115106977e+00, -1.4670699622675638e+00,  8.4300885583880492e-01, -2.7030775558502671e+00,  8.6174956789981105e-01,  1.2055692496326291e-01, -1.4728974169413206e-01,  4.5420641086779465e+00,  1.2700740285232146e+02
    43,  6.0966e+00,  3.6224850081812288e-01,  2.1366477648611562e+00,  3.1764641068704463e-01, -2.4160060194440047e-01,  4.2083223266793202e-01, -2.5294187891985132e-01, -1.2558033115106977e+00, -1.4670699622675638e+00,  8.4300885583880492e-01, -2.7030775558502671e+00,  8.6174955299864986e-01,  1.2055693986442410e-01, -1.4728974169413206e-01,  4.5420641086779465e+00,  1.2700740317980241e+02
    44,  6.2386e+00,  3.6224850081812288e-01,  2.1366477648611562e+00,  3.1764641068704463e-01, -2.4160060194440047e-01,  4.2083223266793202e-01, -2.5294187891985132e-01, -1.2558033115106977e+00, -1.4670699622675638e+00,  8.4300885583880492e-01, -2.7030775558502671e+00,  8.6174955299864986e-01,  1.2055692496326291e-01, -1.4728975659529325e-01,  4.5420641086779465e+00,  1.2700740325767325e+02
    45,  6.3799e+00,  3.6224850081812288e-01,  2.1366477648611562e+00,  3.1764641068704463e-01, -2.4160060194440047e-01,  4.2083223266793202e-01, -2.5294187891985132e-01, -1.2558033115106977e+00, -1.4670699622675638e+00,  8.4300885583880492e-01, -2.7030775558502671e+00,  8.6174955299864986e-01,  1.2055692496326291e-01, -1.4728974169413206e-01,  4.5420641763599763e+00,  1.2700739933457540e+02
    46,  6.5289e+00,  3.6625105211993092e-01,  2.2861836555989630e+00,  3.2123922695846369e-01, -5.2757239999821348e-03,  1.2729745215822325e-01, -1.1130681404272930e-01, -1.0162571928409445e+00, -1.4004735880251666e+00,  9.9995955624318011e-01, -2.6929441643503886e+00,  1.0512082963481941e+00,  1.4327254395404604e-01, -1.2943591875090230e-01,  4.7439462908608023e+00,  9.9283842100512445e+01
    47,  6.6700e+00,  3.6625106702109211e-01,  2.2861836555989630e+00,  3.2123922695846369e-01, -5.2757239999821348e-03,  1.2729745215822325e-01, -1.1130681404272930e-01, -1.0162571928409445e+00, -1.4004735880251666e+00,  9.9995955624318011e-01, -2.6929441643503886e+00,  1.0512082963481941e+00,  1.4327254395404604e-01, -1.2943591875090230e-01,  4.7439462908608023e+00,  9.9283841124183397e+01
    48,  6.8093e+00,  3.6625105211993092e-01,  2.2861836896657541e+00,  3.2123922695846369e-01, -5.2757239999821348e-03,  1.2729745215822325e-01, -1.1130681404272930e-01, -1.0162571928409445e+00, -1.4004735880251666e+00,  9.9995955624318011e-01, -2.6929441643503886e+00,  1.0512082963481941e+00,  1.4327254395404604e-01, -1.2943591875090230e-01,  4.7439462908608023e+00,  9.9283841926238466e+01
    49,  6.9516e+00,  3.6625105211993092e-01,  2.2861836555989630e+00,  3.2123924185962488e-01, -5.2757239999821348e-03,  1.2729745215822325e-01, -1.1130681404272930e-01, -1.0162571928409445e+00, -1.4004735880251666e+00,  9.9995955624318011e-01, -2.6929441643503886e+00,  1.0512082963481941e+00,  1.4327254395404604e-01, -1.2943591875090230e-01,  4.7439462908608023e+00,  9.9283844231897930e+01
    50,  7.0919e+00,  3.6625105211993092e-01,  2.2861836555989630e+00,  3.2123922695846369e-01, -5.2757389011433287e-03,  1.2729745215822325e-01, -1.1130681404272930e-01, -1.0162571928409445e+00, -1.4004735880251666e+00,  9.9995955624318011e-01, -2.6929441643503886e+00,  1.0512082963481941e+00,  1.4327254395404604e-01, -1.2943591875090230e-01,  4.7439462908608023e+00,  9.9283842253805361e+01
    51,  7.2330e+00,  3.6625105211993092e-01,  2.2861836555989630e+00,  3.2123922695846369e-01, -5.2757239999821348e-03,  1.2729746705938444e-01, -1.1130681404272930e-01, -1.0162571928409445e+00, -1.4004735880251666e+00,  9.9995955624318011e-01, -2.6929441643503886e+00,  1.0512082963481941e+00,  1.4327254395404604e-01, -1.2943591875090230e-01,  4.7439462908608023e+00,  9.9283842302350493e+01
    52,  7.3745e+00,  3.6625105211993092e-01,  2.2861836555989630e+00,  3.2123922695846369e-01, -5.2757239999821348e-03,  1.2729745215822325e-01, -1.1130682894389049e-01, -1.0162571928409445e+00, -1.4004735880251666e+00,  9.9995955624318011e-01, -2.6929441643503886e+00,  1.0512082963481941e+00,  1.4327254395404604e-01, -1.2943591875090230e-01,  4.7439462908608023e+00,  9.9283842205352741e+01
    53,  7.5204e+00,  3.6625105211993092e-01,  2.2861836555989630e+00,  3.2123922695846369e-01, -5.2757239999821348e-03,  1.2729745215822325e-01, -1.1130681404272930e-01, -1.0162572079843568e+00, -1.4004735880251666e+00,  9.9995955624318011e-01, -2.6929441643503886e+00,  1.0512082963481941e+00,  1.4327254395404604e-01, -1.2943591875090230e-01,  4.7439462908608023e+00,  9.9283842278338213e+01
    54,  7.6634e+00,  3.6625105211993092e-01,  2.2861836555989630e+00,  3.2123922695846369e-01, -5.2757239999821348e-03,  1.2729745215822325e-01, -1.1130681404272930e-01, -1.0162571928409445e+00, -1.4004736088938494e+00,  9.9995955624318011e-01, -2.6929441643503886e+00,  1.0512082963481941e+00,  1.4327254395404604e-01, -1.2943591875090230e-01,  4.7439462908608023e+00,  9.9283842073902065e+01
    55,  7.8052e+00,  3.6625105211993092e-01,  2.2861836555989630e+00,  3.2123922695846369e-01, -5.2757239999821348e-03,  1.2729745215822325e-01, -1.1130681404272930e-01, -1.0162571928409445e+00, -1.4004735880251666e+00,  9.9995957114434131e-01, -2.6929441643503886e+00,  1.0512082963481941e+00,  1.4327254395404604e-01, -1.2943591875090230e-01,  4.7439462908608023e+00,  9.9283842016000619e+01
    56,  7.9488e+00,  3.6625105211993092e-01,  2.2861836555989630e+00,  3.2123922695846369e-01, -5.2757239999821348e-03,  1.2729745215822325e-01, -1.1130681404272930e-01, -1.0162571928409445e+00, -1.4004735880251666e+00,  9.9995955624318011e-01, -2.6929442044783838e+00,  1.0512082963481941e+00,  1.4327254395404604e-01, -1.2943591875090230e-01,  4.7439462908608023e+00,  9.9283842104323668e+01
    57,  8.1006e+00,  3.6625105211993092e-01,  2.2861836555989630e+00,  3.2123922695846369e-01, -5.2757239999821348e-03,  1.2729745215822325e-01, -1.1130681404272930e-01, -1.0162571928409445e+00, -1.4004735880251666e+00,  9.9995955624318011e-01, -2.6929441643503886e+00,  1.0512083120124185e+00,  1.4327254395404604e-01, -1.2943591875090230e-01,  4.7439462908608023e+00,  9.9283842011533764e+01
    58,  8.2457e+00,  3.6625105211993092e-01,  2.2861836555989630e+00,  3.2123922695846369e-01, -5.2757239999821348e-03,  1.2729745215822325e-01, -1.1130681404272930e-01, -1.0162571928409445e+00, -1.4004735880251666e+00,  9.9995955624318011e-01, -2.6929441643503886e+00,  1.0512082963481941e+00,  1.4327255885520723e-01, -1.2943591875090230e-01,  4.7439462908608023e+00,  9.9283842100321266e+01
    59,  8.4049e+00,  3.6625105211993092e-01,  2.2861836555989630e+00,  3.2123922695846369e-01, -5.2757239999821348e-03,  1.2729745215822325e-01, -1.1130681404272930e-01, -1.0162571928409445e+00, -1.4004735880251666e+00,  9.9995955624318011e-01, -2.6929441643503886e+00,  1.0512082963481941e+00,  1.4327254395404604e-01, -1.2943593365206349e-01,  4.7439462908608023e+00,  9.9283842124266499e+01
    60,  8.5572e+00,  3.6625105211993092e-01,  2.2861836555989630e+00,  3.2123922695846369e-01, -5.2757239999821348e-03,  1.2729745215822325e-01, -1.1130681404272930e-01, -1.0162571928409445e+00, -1.4004735880251666e+00,  9.9995955624318011e-01, -2.6929441643503886e+00,  1.0512082963481941e+00,  1.4327254395404604e-01, -1.2943591875090230e-01,  4.7439463615511110e+00,  9.9283842219882715e+01
    61,  8.7008e+00,  3.6645034648055069e-01,  2.4797195986525487e+00,  3.0131264628863130e-01,  2.1206671024983886e-01, -3.8875522084347730e-01,  2.5887744651860156e-01, -7.7967222334536601e-01, -1.1821040432225021e+00,  9.5431267855648105e-01, -3.1002558986431241e+00,  1.6081054948761753e+00, -6.3304128095951151e-02,  5.0831447027327115e-02,  4.6905387947968720e+00,  1.0404542413558210e+02
    62,  8.8436e+00,  3.6734082148694142e-01,  2.3263370960367249e+00,  3.1440777909800871e-01,  8.6544574596356588e-02, -3.0919598554089878e-02, -1.8058948240223055e-02, -9.2459527250920170e-01, -1.3562015960019174e+00,  1.0395215364412427e+00, -2.7312682374912960e+00,  1.1594879174140651e+00,  1.1657412356546831e-01, -1.0125070291179702e-01,  4.7802578296724443e+00,  9.8558303692531510e+01
    63,  8.9970e+00,  3.6734083638810261e-01,  2.3263370960367249e+00,  3.1440777909800871e-01,  8.6544574596356588e-02, -3.0919598554089878e-02, -1.8058948240223055e-02, -9.2459527250920170e-01, -1.3562015960019174e+00,  1.0395215364412427e+00, -2.7312682374912960e+00,  1.1594879174140651e+00,  1.1657412356546831e-01, -1.0125070291179702e-01,  4.7802578296724443e+00,  9.8558304819341387e+01
    64,  9.1452e+00,  3.6734082148694142e-01,  2.3263371307018490e+00,  3.1440777909800871e-01,  8.6544574596356588e-02, -3.0919598554089878e-02, -1.8058948240223055e-02, -9.2459527250920170e-01, -1.3562015960019174e+00,  1.0395215364412427e+00, -2.7312682374912960e+00,  1.1594879174140651e+00,  1.1657412356546831e-01, -1.0125070291179702e-01,  4.7802578296724443e+00,  9.8558303758424643e+01
    65,  9.2851e+00,  3.6734082148694142e-01,  2.3263370960367249e+00,  3.1440779399916990e-01,  8.6544574596356588e-02, -3.0919598554089878e-02, -1.8058948240223055e-02, -9.2459527250920170e-01, -1.3562015960019174e+00,  1.0395215364412427e+00, -2.7312682374912960e+00,  1.1594879174140651e+00,  1.1657412356546831e-01, -1.0125070291179702e-01,  4.7802578296724443e+00,  9.8558300993947611e+01
    66,  9.4377e+00,  3.6734082148694142e-01,  2.3263370960367249e+00,  3.1440777909800871e-01,  8.6544589497517782e-02, -3.0919598554089878e-02, -1.8058948240223055e-02, -9.2459527250920170e-01, -1.3562015960019174e+00,  1.0395215364412427e+00, -2.7312682374912960e+00,  1.1594879174140651e+00,  1.1657412356546831e-01, -1.0125070291179702e-01,  4.7802578296724443e+00,  9.8558303890469801e+01
    67,  9.5791e+00,  3.6734082148694142e-01,  2.3263370960367249e+00,  3.1440777909800871e-01,  8.6544574596356588e-02, -3.0919613455251072e-02, -1.8058948240223055e-02, -9.2459527250920170e-01, -1.3562015960019174e+00,  1.0395215364412427e+00, -2.7312682374912960e+00,  1.1594879174140651e+00,  1.1657412356546831e-01, -1.0125070291179702e-01,  4.7802578296724443e+00,  9.8558303822137049e+01
    68,  9.7265e+00,  3.6734082148694142e-01,  2.3263370960367249e+00,  3.1440777909800871e-01,  8.6544574596356588e-02, -3.0919598554089878e-02, -1.8058963141384249e-02, -9.2459527250920170e-01, -1.3562015960019174e+00,  1.0395215364412427e+00, -2.7312682374912960e+00,  1.1594879174140651e+00,  1.1657412356546831e-01, -1.0125070291179702e-01,  4.7802578296724443e+00,  9.8558303661930026e+01
    69,  9.8675e+00,  3.6734082148694142e-01,  2.3263370960367249e+00,  3.1440777909800871e-01,  8.6544574596356588e-02, -3.0919598554089878e-02, -1.8058948240223055e-02, -9.2459528741036290e-01, -1.3562015960019174e+00,  1.0395215364412427e+00, -2.7312682374912960e+00,  1.1594879174140651e+00,  1.1657412356546831e-01, -1.0125070291179702e-01,  4.7802578296724443e+00,  9.8558303739064044e+01
    70,  1.0005e+01,  3.6734082148694142e-01,  2.3263370960367249e+00,  3.1440777909800871e-01,  8.6544574596356588e-02, -3.0919598554089878e-02, -1.8058948240223055e-02, -9.2459527250920170e-01, -1.3562016162108959e+00,  1.0395215364412427e+00, -2.7312682374912960e+00,  1.1594879174140651e+00,  1.1657412356546831e-01, -1.0125070291179702e-01,  4.7802578296724443e+00,  9.8558303825310205e+01
    71,  1.0148e+01,  3.6734082148694142e-01,  2.3263370960367249e+00,  3.1440777909800871e-01,  8.6544574596356588e-02, -3.0919598554089878e-02, -1.8058948240223055e-02, -9.2459527250920170e-01, -1.3562015960019174e+00,  1.0395215519313206e+00, -2.7312682374912960e+00,  1.1594879174140651e+00,  1.1657412356546831e-01, -1.0125070291179702e-01,  4.7802578296724443e+00,  9.8558303699149221e+01
    72,  1.0287e+01,  3.6734082148694142e-01,  2.3263370960367249e+00,  3.1440777909800871e-01,  8.6544574596356588e-02, -3.0919598554089878e-02, -1.8058948240223055e-02, -9.2459527250920170e-01, -1.3562015960019174e+00,  1.0395215364412427e+00, -2.7312682781903641e+00,  1.1594879174140651e+00,  1.1657412356546831e-01, -1.0125070291179702e-01,  4.7802578296724443e+00,  9.8558303225698452e+01
    73,  1.0430e+01,  3.6734082148694142e-01,  2.3263370960367249e+00,  3.1440777909800871e-01,  8.6544574596356588e-02, -3.0919598554089878e-02, -1.8058948240223055e-02, -9.2459527250920170e-01, -1.3562015960019174e+00,  1.0395215364412427e+00, -2.7312682374912960e+00,  1.1594879346917815e+00,  1.1657412356546831e-01, -1.0125070291179702e-01,  4.7802578296724443e+00,  9.8558303589337385e+01
    74,  1.0578e+01,  3.6734082148694142e-01,  2.3263370960367249e+00,  3.1440777909800871e-01,  8.6544574596356588e-02, -3.0919598554089878e-02, -1.8058948240223055e-02, -9.2459527250920170e-01, -1.3562015960019174e+00,  1.0395215364412427e+00, -2.7312682374912960e+00,  1.1594879174140651e+00,  1.1657413846662951e-01, -1.0125070291179702e-01,  4.7802578296724443e+00,  9.8558303796212996e+01
    75,  1.0719e+01,  3.6734082148694142e-01,  2.3263370960367249e+00,  3.1440777909800871e-01,  8.6544574596356588e-02, -3.0919598554089878e-02, -1.8058948240223055e-02, -9.2459527250920170e-01, -1.3562015960019174e+00,  1.0395215364412427e+00, -2.7312682374912960e+00,  1.1594879174140651e+00,  1.1657412356546831e-01, -1.0125071781295822e-01,  4.7802578296724443e+00,  9.8558303879921496e+01
    76,  1.0857e+01,  3.6734082148694142e-01,  2.3263370960367249e+00,  3.1440777909800871e-01,  8.6544574596356588e-02, -3.0919598554089878e-02, -1.8058948240223055e-02, -9.2459527250920170e-01, -1.3562015960019174e+00,  1.0395215364412427e+00, -2.7312682374912960e+00,  1.1594879174140651e+00,  1.1657412356546831e-01, -1.0125070291179702e-01,  4.7802579009038366e+00,  9.8558303154754626e+01
    77,  1.1001e+01,  3.6695015888479110e-01,  2.3203707539027763e+00,  3.1745709404077666e-01,  5.2173428329355329e-02, -6.7275216698182844e-03, -2.4148523463230032e-02, -9.0473312590941934e-01, -1.3516916977449815e+00,  1.0355144291445297e+00, -2.7552173240098936e+00,  1.1675509642059874e+00,  9.7696289172117617e-02, -6.7010836533900275e-02,  4.7740665573715315e+00,  9.6747055236333210e+01
    78,  1.1146e+01,  3.6695017378595229e-01,  2.3203707539027763e+00,  3.1745709404077666e-01,  5.2173428329355329e-02, -6.7275216698182844e-03, -2.4148523463230032e-02, -9.0473312590941934e-01, -1.3516916977449815e+00,  1.0355144291445297e+00, -2.7552173240098936e+00,  1.1675509642059874e+00,  9.7696289172117617e-02, -6.7010836533900275e-02,  4.7740665573715315e+00,  9.6747055125221820e+01
    79,  1.1288e+01,  3.6695015888479110e-01,  2.3203707884789950e+00,  3.1745709404077666e-01,  5.2173428329355329e-02, -6.7275216698182844e-03, -2.4148523463230032e-02, -9.0473312590941934e-01, -1.3516916977449815e+00,  1.0355144291445297e+00, -2.7552173240098936e+00,  1.1675509642059874e+00,  9.7696289172117617e-02, -6.7010836533900275e-02,  4.7740665573715315e+00,  9.6747055316676835e+01
    80,  1.1431e+01,  3.6695015888479110e-01,  2.3203707539027763e+00,  3.1745710894193785e-01,  5.2173428329355329e-02, -6.7275216698182844e-03, -2.4148523463230032e-02, -9.0473312590941934e-01, -1.3516916977449815e+00,  1.0355144291445297e+00, -2.7552173240098936e+00,  1.1675509642059874e+00,  9.7696289172117617e-02, -6.7010836533900275e-02,  4.7740665573715315e+00,  9.6747055360529913e+01
    81,  1.1570e+01,  3.6695015888479110e-01,  2.3203707539027763e+00,  3.1745709404077666e-01,  5.2173443230516522e-02, -6.7275216698182844e-03, -2.4148523463230032e-02, -9.0473312590941934e-01, -1.3516916977449815e+00,  1.0355144291445297e+00, -2.7552173240098936e+00,  1.1675509642059874e+00,  9.7696289172117617e-02, -6.7010836533900275e-02,  4.7740665573715315e+00,  9.6747055403430664e+01
    82,  1.1720e+01,  3.6695015888479110e-01,  2.3203707539027763e+00,  3.1745709404077666e-01,  5.2173428329355329e-02, -6.7275365709794782e-03, -2.4148523463230032e-02, -9.0473312590941934e-01, -1.3516916977449815e+00,  1.0355144291445297e+00, -2.7552173240098936e+00,  1.1675509642059874e+00,  9.7696289172117617e-02, -6.7010836533900275e-02,  4.7740665573715315e+00,  9.6747055353512280e+01
    83,  1.1865e+01,  3.6695015888479110e-01,  2.3203707539027763e+00,  3.1745709404077666e-01,  5.2173428329355329e-02, -6.7275216698182844e-03, -2.4148538364391226e-02, -9.0473312590941934e-01, -1.3516916977449815e+00,  1.0355144291445297e+00, -2.7552173240098936e+00,  1.1675509642059874e+00,  9.7696289172117617e-02, -6.7010836533900275e-02,  4.7740665573715315e+00,  9.6747055206465802e+01
    84,  1.2016e+01,  3.6695015888479110e-01,  2.3203707539027763e+00,  3.1745709404077666e-01,  5.2173428329355329e-02, -6.7275216698182844e-03, -2.4148523463230032e-02, -9.0473314081058054e-01, -1.3516916977449815e+00,  1.0355144291445297e+00, -2.7552173240098936e+00,  1.1675509642059874e+00,  9.7696289172117617e-02, -6.7010836533900275e-02,  4.7740665573715315e+00,  9.6747055330594080e+01
    85,  1.2159e+01,  3.6695015888479110e-01,  2.3203707539027763e+00,  3.1745709404077666e-01,  5.2173428329355329e-02, -6.7275216698182844e-03, -2.4148523463230032e-02, -9.0473312590941934e-01, -1.3516917178867573e+00,  1.0355144291445297e+00, -2.7552173240098936e+00,  1.1675509642059874e+00,  9.7696289172117617e-02, -6.7010836533900275e-02,  4.7740665573715315e+00,  9.6747055268325070e+01
    86,  1.2308e+01,  3.6695015888479110e-01,  2.3203707539027763e+00,  3.1745709404077666e-01,  5.2173428329355329e-02, -6.7275216698182844e-03, -2.4148523463230032e-02, -9.0473312590941934e-01, -1.3516916977449815e+00,  1.0355144445748972e+00, -2.7552173240098936e+00,  1.1675509642059874e+00,  9.7696289172117617e-02, -6.7010836533900275e-02,  4.7740665573715315e+00,  9.6747055262073246e+01
    87,  1.2455e+01,  3.6695015888479110e-01,  2.3203707539027763e+00,  3.1745709404077666e-01,  5.2173428329355329e-02, -6.7275216698182844e-03, -2.4148523463230032e-02, -9.0473312590941934e-01, -1.3516916977449815e+00,  1.0355144291445297e+00, -2.7552173650658309e+00,  1.1675509642059874e+00,  9.7696289172117617e-02, -6.7010836533900275e-02,  4.7740665573715315e+00,  9.6747054919531777e+01
    88,  1.2599e+01,  3.6695015888479110e-01,  2.3203707539027763e+00,  3.1745709404077666e-01,  5.2173428329355329e-02, -6.7275216698182844e-03, -2.4148523463230032e-02, -9.0473312590941934e-01, -1.3516916977449815e+00,  1.0355144291445297e+00, -2.7552173240098936e+00,  1.1675509816038525e+00,  9.7696289172117617e-02, -6.7010836533900275e-02,  4.7740665573715315e+00,  9.6747055197264572e+01
    89,  1.2747e+01,  3.6695015888479110e-01,  2.3203707539027763e+00,  3.1745709404077666e-01,  5.2173428329355329e-02, -6.7275216698182844e-03, -2.4148523463230032e-02, -9.0473312590941934e-01, -1.3516916977449815e+00,  1.0355144291445297e+00, -2.7552173240098936e+00,  1.1675509642059874e+00,  9.7696304073278811e-02, -6.7010836533900275e-02,  4.7740665573715315e+00,  9.6747055323563970e+01
    90,  1.2891e+01,  3.6695015888479110e-01,  2.3203707539027763e+00,  3.1745709404077666e-01,  5.2173428329355329e-02, -6.7275216698182844e-03, -2.4148523463230032e-02, -9.0473312590941934e-01, -1.3516916977449815e+00,  1.0355144291445297e+00, -2.7552173240098936e+00,  1.1675509642059874e+00,  9.7696289172117617e-02, -6.7010851435061469e-02,  4.7740665573715315e+00,  9.6747055397506017e+01
    91,  1.3043e+01,  3.6695015888479110e-01,  2.3203707539027763e+00,  3.1745709404077666e-01,  5.2173428329355329e-02, -6.7275216698182844e-03, -2.4148523463230032e-02, -9.0473312590941934e-01, -1.3516916977449815e+00,  1.0355144291445297e+00, -2.7552173240098936e+00,  1.1675509642059874e+00,  9.7696289172117617e-02, -6.7010836533900275e-02,  4.7740666285106670e+00,  9.6747055444091103e+01
    92,  1.3213e+01,  3.6586362656069960e-01,  2.3164981413845491e+00,  3.1667482645102873e-01, -9.9428987136957470e-03,  4.4477087143119452e-02, -3.9587954717597747e-02, -8.6551620042441368e-01, -1.3335282213420923e+00,  1.0253424076104376e+00, -2.8079861752879247e+00,  1.1878447966602239e+00,  6.3537803965084003e-02,  8.4246718262744047e-04,  4.7577231828976299e+00,  9.5455437581752534e+01
    93,  1.3364e+01,  3.6586364146186079e-01,  2.3164981413845491e+00,  3.1667482645102873e-01, -9.9428987136957470e-03,  4.4477087143119452e-02, -3.9587954717597747e-02, -8.6551620042441368e-01, -1.3335282213420923e+00,  1.0253424076104376e+00, -2.8079861752879247e+00,  1.1878447966602239e+00,  6.3537803965084003e-02,  8.4246718262744047e-04,  4.7577231828976299e+00,  9.5455436849756069e+01
    94,  1.3514e+01,  3.6586362656069960e-01,  2.3164981759030612e+00,  3.1667482645102873e-01, -9.9428987136957470e-03,  4.4477087143119452e-02, -3.9587954717597747e-02, -8.6551620042441368e-01, -1.3335282213420923e+00,  1.0253424076104376e+00, -2.8079861752879247e+00,  1.1878447966602239e+00,  6.3537803965084003e-02,  8.4246718262744047e-04,  4.7577231828976299e+00,  9.5455437254411038e+01
    95,  1.3660e+01,  3.6586362656069960e-01,  2.3164981413845491e+00,  3.1667484135218993e-01, -9.9428987136957470e-03,  4.4477087143119452e-02, -3.9587954717597747e-02, -8.6551620042441368e-01, -1.3335282213420923e+00,  1.0253424076104376e+00, -2.8079861752879247e+00,  1.1878447966602239e+00,  6.3537803965084003e-02,  8.4246718262744047e-04,  4.7577231828976299e+00,  9.5455441685645155e+01
    96,  1.3808e+01,  3.6586362656069960e-01,  2.3164981413845491e+00,  3.1667482645102873e-01, -9.9429136148569408e-03,  4.4477087143119452e-02, -3.9587954717597747e-02, -8.6551620042441368e-01, -1.3335282213420923e+00,  1.0253424076104376e+00, -2.8079861752879247e+00,  1.1878447966602239e+00,  6.3537803965084003e-02,  8.4246718262744047e-04,  4.7577231828976299e+00,  9.5455437647259629e+01
    97,  1.3954e+01,  3.6586362656069960e-01,  2.3164981413845491e+00,  3.1667482645102873e-01, -9.9428987136957470e-03,  4.4477102044280646e-02, -3.9587954717597747e-02, -8.6551620042441368e-01, -1.3335282213420923e+00,  1.0253424076104376e+00, -2.8079861752879247e+00,  1.1878447966602239e+00,  6.3537803965084003e-02,  8.4246718262744047e-04,  4.7577231828976299e+00,  9.5455437654250233e+01
    98,  1.4099e+01,  3.6586362656069960e-01,  2.3164981413845491e+00,  3.1667482645102873e-01, -9.9428987136957470e-03,  4.4477087143119452e-02, -3.9587969618758941e-02, -8.6551620042441368e-01, -1.3335282213420923e+00,  1.0253424076104376e+00, -2.8079861752879247e+00,  1.1878447966602239e+00,  6.3537803965084003e-02,  8.4246718262744047e-04,  4.7577231828976299e+00,  9.5455437619039785e+01
    99,  1.4243e+01,  3.6586362656069960e-01,  2.3164981413845491e+00,  3.1667482645102873e-01, -9.9428987136957470e-03,  4.4477087143119452e-02, -3.9587954717597747e-02, -8.6551621532557488e-01, -1.3335282213420923e+00,  1.0253424076104376e+00, -2.8079861752879247e+00,  1.1878447966602239e+00,  6.3537803965084003e-02,  8.4246718262744047e-04,  4.7577231828976299e+00,  9.5455437679770469e+01
   100,  1.4386e+01,  3.6586362656069960e-01,  2.3164981413845491e+00,  3.1667482645102873e-01, -9.9428987136957470e-03,  4.4477087143119452e-02, -3.9587954717597747e-02, -8.6551620042441368e-01, -1.3335282412132112e+00,  1.0253424076104376e+00, -2.8079861752879247e+00,  1.1878447966602239e+00,  6.3537803965084003e-02,  8.4246718262744047e-04,  4.7577231828976299e+00,  9.5455437539606422e+01
   101,  1.4529e+01,  3.6586362656069960e-01,  2.3164981413845491e+00,  3.1667482645102873e-01, -9.9428987136957470e-03,  4.4477087143119452e-02, -3.9587954717597747e-02, -8.6551620042441368e-01, -1.3335282213420923e+00,  1.0253424228892301e+00, -2.8079861752879247e+00,  1.1878447966602239e+00,  6.3537803965084003e-02,  8.4246718262744047e-04,  4.7577231828976299e+00,  9.5455437639462474e+01
   102,  1.4678e+01,  3.6586362656069960e-01,  2.3164981413845491e+00,  3.1667482645102873e-01, -9.9428987136957470e-03,  4.4477087143119452e-02, -3.9587954717597747e-02, -8.6551620042441368e-01, -1.3335282213420923e+00,  1.0253424076104376e+00, -2.8079862171301793e+00,  1.1878447966602239e+00,  6.3537803965084003e-02,  8.4246718262744047e-04,  4.7577231828976299e+00,  9.5455437905712188e+01
   103,  1.4828e+01,  3.6586362656069960e-01,  2.3164981413845491e+00,  3.1667482645102873e-01, -9.9428987136957470e-03,  4.4477087143119452e-02, -3.9587954717597747e-02, -8.6551620042441368e-01, -1.3335282213420923e+00,  1.0253424076104376e+00, -2.8079861752879247e+00,  1.1878448143604907e+00,  6.3537803965084003e-02,  8.4246718262744047e-04,  4.7577231828976299e+00,  9.5455437607626308e+01
   104,  1.4977e+01,  3.6586362656069960e-01,  2.3164981413845491e+00,  3.1667482645102873e-01, -9.9428987136957470e-03,  4.4477087143119452e-02, -3.9587954717597747e-02, -8.6551620042441368e-01, -1.3335282213420923e+00,  1.0253424076104376e+00, -2.8079861752879247e+00,  1.1878447966602239e+00,  6.3537818866245196e-02,  8.4246718262744047e-04,  4.7577231828976299e+00,  9.5455437631294615e+01
   105,  1.5134e+01,  3.6586362656069960e-01,  2.3164981413845491e+00,  3.1667482645102873e-01, -9.9428987136957470e-03,  4.4477087143119452e-02, -3.9587954717597747e-02, -8.6551620042441368e-01, -1.3335282213420923e+00,  1.0253424076104376e+00, -2.8079861752879247e+00,  1.1878447966602239e+00,  6.3537803965084003e-02,  8.4248208378863432e-04,  4.7577231828976299e+00,  9.5455437564344663e+01
   106,  1.5283e+01,  3.6586362656069960e-01,  2.3164981413845491e+00,  3.1667482645102873e-01, -9.9428987136957470e-03,  4.4477087143119452e-02, -3.9587954717597747e-02, -8.6551620042441368e-01, -1.3335282213420923e+00,  1.0253424076104376e+00, -2.8079861752879247e+00,  1.1878447966602239e+00,  6.3537803965084003e-02,  8.4246718262744047e-04,  4.7577232537932304e+00,  9.5455438893352550e+01
   107,  1.5444e+01,  3.6355065591976621e-01,  2.3909980437693212e+00,  3.1117877665006222e-01,  2.4080250907988224e-02, -3.3267547302169506e-03, -1.5099494030937948e-02, -8.5293182661863676e-01, -1.2827712436970766e+00,  9.9259599511053176e-01, -2.7953817106560477e+00,  1.2223711517299602e+00,  3.1747565182689355e-02,  1.4524388573164531e-02,  4.7134823006971329e+00,  9.6073392676584618e+01
   108,  1.5599e+01,  3.6298677514819744e-01,  2.3360288914100718e+00,  3.1059628293839281e-01, -1.1834060032190480e-03,  3.4031299956677294e-02, -3.4179568721210210e-02, -8.6305554364249892e-01, -1.3198326578597872e+00,  1.0184243495792384e+00, -2.8021774177953929e+00,  1.1952544633479665e+00,  5.6340682716310028e-02,  3.5419007606504408e-03,  4.7482181807969281e+00,  9.5602404685154809e+01
   109,  1.5751e+01,  3.6325035059861543e-01,  2.3199036458257796e+00,  3.1096151019843277e-01, -8.4629566910660089e-03,  4.2797620994719572e-02, -3.8717281412731917e-02, -8.6507012635809999e-01, -1.3313441414347675e+00,  1.0242989517744550e+00, -2.8068066925754325e+00,  1.1889749203663107e+00,  6.2369206555261479e-02,  1.2610915245132846e-03,  4.7559974438277983e+00,  9.5554845235036964e+01
   110,  1.5917e+01,  3.6580780396151730e-01,  2.3166340495124382e+00,  3.1459836468139901e-01, -9.8859434312040893e-03,  4.4413621214690335e-02, -3.9555207027601201e-02, -8.6546489412806815e-01, -1.3335069106394470e+00,  1.0253031510368509e+00, -2.8079074406405113e+00,  1.1878553452199856e+00,  6.3493932763259667e-02,  8.5780040602189810e-04,  4.7575636158233943e+00,  9.5141317038741349e+01
   111,  1.6075e+01,  3.6580781886267849e-01,  2.3166340495124382e+00,  3.1459836468139901e-01, -9.8859434312040893e-03,  4.4413621214690335e-02, -3.9555207027601201e-02, -8.6546489412806815e-01, -1.3335069106394470e+00,  1.0253031510368509e+00, -2.8079074406405113e+00,  1.1878553452199856e+00,  6.3493932763259667e-02,  8.5780040602189810e-04,  4.7575636158233943e+00,  9.5141318466290343e+01
   112,  1.6222e+01,  3.6580780396151730e-01,  2.3166340840329758e+00,  3.1459836468139901e-01, -9.8859434312040893e-03,  4.4413621214690335e-02, -3.9555207027601201e-02, -8.6546489412806815e-01, -1.3335069106394470e+00,  1.0253031510368509e+00, -2.8079074406405113e+00,  1.1878553452199856e+00,  6.3493932763259667e-02,  8.5780040602189810e-04,  4.7575636158233943e+00,  9.5141316942907011e+01
   113,  1.6373e+01,  3.6580780396151730e-01,  2.3166340495124382e+00,  3.1459837958256021e-01, -9.8859434312040893e-03,  4.4413621214690335e-02, -3.9555207027601201e-02, -8.6546489412806815e-01, -1.3335069106394470e+00,  1.0253031510368509e+00, -2.8079074406405113e+00,  1.1878553452199856e+00,  6.3493932763259667e-02,  8.5780040602189810e-04,  4.7575636158233943e+00,  9.5141316980490927e+01
   114,  1.6526e+01,  3.6580780396151730e-01,  2.3166340495124382e+00,  3.1459836468139901e-01, -9.8859583323652831e-03,  4.4413621214690335e-02, -3.9555207027601201e-02, -8.6546489412806815e-01, -1.3335069106394470e+00,  1.0253031510368509e+00, -2.8079074406405113e+00,  1.1878553452199856e+00,  6.3493932763259667e-02,  8.5780040602189810e-04,  4.7575636158233943e+00,  9.5141317200095401e+01
   115,  1.6676e+01,  3.6580780396151730e-01,  2.3166340495124382e+00,  3.1459836468139901e-01, -9.8859434312040893e-03,  4.4413636115851529e-02, -3.9555207027601201e-02, -8.6546489412806815e-01, -1.3335069106394470e+00,  1.0253031510368509e+00, -2.8079074406405113e+00,  1.1878553452199856e+00,  6.3493932763259667e-02,  8.5780040602189810e-04,  4.7575636158233943e+00,  9.5141317210150802e+01
   116,  1.6828e+01,  3.6580780396151730e-01,  2.3166340495124382e+00,  3.1459836468139901e-01, -9.8859434312040893e-03,  4.4413621214690335e-02, -3.9555221928762395e-02, -8.6546489412806815e-01, -1.3335069106394470e+00,  1.0253031510368509e+00, -2.8079074406405113e+00,  1.1878553452199856e+00,  6.3493932763259667e-02,  8.5780040602189810e-04,  4.7575636158233943e+00,  9.5141317113280593e+01
   117,  1.6985e+01,  3.6580780396151730e-01,  2.3166340495124382e+00,  3.1459836468139901e-01, -9.8859434312040893e-03,  4.4413621214690335e-02, -3.9555207027601201e-02, -8.6546490902922935e-01, -1.3335069106394470e+00,  1.0253031510368509e+00, -2.8079074406405113e+00,  1.1878553452199856e+00,  6.3493932763259667e-02,  8.5780040602189810e-04,  4.7575636158233943e+00,  9.5141317103709355e+01
   118,  1.7141e+01,  3.6580780396151730e-01,  2.3166340495124382e+00,  3.1459836468139901e-01, -9.8859434312040893e-03,  4.4413621214690335e-02, -3.9555207027601201e-02, -8.6546489412806815e-01, -1.3335069305102485e+00,  1.0253031510368509e+00, -2.8079074406405113e+00,  1.1878553452199856e+00,  6.3493932763259667e-02,  8.5780040602189810e-04,  4.7575636158233943e+00,  9.5141317053915586e+01
   119,  1.7299e+01,  3.6580780396151730e-01,  2.3166340495124382e+00,  3.1459836468139901e-01, -9.8859434312040893e-03,  4.4413621214690335e-02, -3.9555207027601201e-02, -8.6546489412806815e-01, -1.3335069106394470e+00,  1.0253031663150585e+00, -2.8079074406405113e+00,  1.1878553452199856e+00,  6.3493932763259667e-02,  8.5780040602189810e-04,  4.7575636158233943e+00,  9.5141316968194033e+01
   120,  1.7456e+01,  3.6580780396151730e-01,  2.3166340495124382e+00,  3.1459836468139901e-01, -9.8859434312040893e-03,  4.4413621214690335e-02, -3.9555207027601201e-02, -8.6546489412806815e-01, -1.3335069106394470e+00,  1.0253031510368509e+00, -2.8079074824815926e+00,  1.1878553452199856e+00,  6.3493932763259667e-02,  8.5780040602189810e-04,  4.7575636158233943e+00,  9.5141316993784471e+01
   121,  1.7605e+01,  3.6580780396151730e-01,  2.3166340495124382e+00,  3.1459836468139901e-01, -9.8859434312040893e-03,  4.4413621214690335e-02, -3.9555207027601201e-02, -8.6546489412806815e-01, -1.3335069106394470e+00,  1.0253031510368509e+00, -2.8079074406405113e+00,  1.1878553629204096e+00,  6.3493932763259667e-02,  8.5780040602189810e-04,  4.7575636158233943e+00,  9.5141316913369849e+01
   122,  1.7756e+01,  3.6580780396151730e-01,  2.3166340495124382e+00,  3.1459836468139901e-01, -9.8859434312040893e-03,  4.4413621214690335e-02, -3.9555207027601201e-02, -8.6546489412806815e-01, -1.3335069106394470e+00,  1.0253031510368509e+00, -2.8079074406405113e+00,  1.1878553452199856e+00,  6.3493947664420861e-02,  8.5780040602189810e-04,  4.7575636158233943e+00,  9.5141317007863861e+01
   123,  1.7912e+01,  3.6580780396151730e-01,  2.3166340495124382e+00,  3.1459836468139901e-01, -9.8859434312040893e-03,  4.4413621214690335e-02, -3.9555207027601201e-02, -8.6546489412806815e-01, -1.3335069106394470e+00,  1.0253031510368509e+00, -2.8079074406405113e+00,  1.1878553452199856e+00,  6.3493932763259667e-02,  8.5781530718309195e-04,  4.7575636158233943e+00,  9.5141317076079773e+01
   124,  1.8072e+01,  3.6580780396151730e-01,  2.3166340495124382e+00,  3.1459836468139901e-01, -9.8859434312040893e-03,  4.4413621214690335e-02, -3.9555207027601201e-02, -8.6546489412806815e-01, -1.3335069106394470e+00,  1.0253031510368509e+00, -2.8079074406405113e+00,  1.1878553452199856e+00,  6.3493932763259667e-02,  8.5780040602189810e-04,  4.7575636867166162e+00,  9.5141316658701214e+01
   125,  1.8227e+01,  3.6397935101049755e-01,  2.3167019743929638e+00,  3.1402035057544186e-01, -9.4259940021074150e-03,  4.3924491464454991e-02, -3.9342056700024247e-02, -8.6524516678647712e-01, -1.3334900675347785e+00,  1.0254647081828843e+00, -2.8079538096018393e+00,  1.1881330363521823e+00,  6.3580286517452844e-02,  7.5303491159547594e-04,  4.7577357664758440e+00,  9.5088659328902025e+01
   126,  1.8380e+01,  3.6397936591165875e-01,  2.3167019743929638e+00,  3.1402035057544186e-01, -9.4259940021074150e-03,  4.3924491464454991e-02, -3.9342056700024247e-02, -8.6524516678647712e-01, -1.3334900675347785e+00,  1.0254647081828843e+00, -2.8079538096018393e+00,  1.1881330363521823e+00,  6.3580286517452844e-02,  7.5303491159547594e-04,  4.7577357664758440e+00,  9.5088658666509502e+01
   127,  1.8529e+01,  3.6397935101049755e-01,  2.3167020089145134e+00,  3.1402035057544186e-01, -9.4259940021074150e-03,  4.3924491464454991e-02, -3.9342056700024247e-02, -8.6524516678647712e-01, -1.3334900675347785e+00,  1.0254647081828843e+00, -2.8079538096018393e+00,  1.1881330363521823e+00,  6.3580286517452844e-02,  7.5303491159547594e-04,  4.7577357664758440e+00,  9.5088659278459986e+01
   128,  1.8678e+01,  3.6397935101049755e-01,  2.3167019743929638e+00,  3.1402036547660306e-01, -9.4259940021074150e-03,  4.3924491464454991e-02, -3.9342056700024247e-02, -8.6524516678647712e-01, -1.3334900675347785e+00,  1.0254647081828843e+00, -2.8079538096018393e+00,  1.1881330363521823e+00,  6.3580286517452844e-02,  7.5303491159547594e-04,  4.7577357664758440e+00,  9.5088659867223413e+01
   129,  1.8827e+01,  3.6397935101049755e-01,  2.3167019743929638e+00,  3.1402035057544186e-01, -9.4260089032686088e-03,  4.3924491464454991e-02, -3.9342056700024247e-02, -8.6524516678647712e-01, -1.3334900675347785e+00,  1.0254647081828843e+00, -2.8079538096018393e+00,  1.1881330363521823e+00,  6.3580286517452844e-02,  7.5303491159547594e-04,  4.7577357664758440e+00,  9.5088659492572035e+01
   130,  1.8977e+01,  3.6397935101049755e-01,  2.3167019743929638e+00,  3.1402035057544186e-01, -9.4259940021074150e-03,  4.3924506365616185e-02, -3.9342056700024247e-02, -8.6524516678647712e-01, -1.3334900675347785e+00,  1.0254647081828843e+00, -2.8079538096018393e+00,  1.1881330363521823e+00,  6.3580286517452844e-02,  7.5303491159547594e-04,  4.7577357664758440e+00,  9.5088659501772582e+01
   131,  1.9125e+01,  3.6397935101049755e-01,  2.3167019743929638e+00,  3.1402035057544186e-01, -9.4259940021074150e-03,  4.3924491464454991e-02, -3.9342071601185441e-02, -8.6524516678647712e-01, -1.3334900675347785e+00,  1.0254647081828843e+00, -2.8079538096018393e+00,  1.1881330363521823e+00,  6.3580286517452844e-02,  7.5303491159547594e-04,  4.7577357664758440e+00,  9.5088659409837916e+01
   132,  1.9278e+01,  3.6397935101049755e-01,  2.3167019743929638e+00,  3.1402035057544186e-01, -9.4259940021074150e-03,  4.3924491464454991e-02, -3.9342056700024247e-02, -8.6524518168763831e-01, -1.3334900675347785e+00,  1.0254647081828843e+00, -2.8079538096018393e+00,  1.1881330363521823e+00,  6.3580286517452844e-02,  7.5303491159547594e-04,  4.7577357664758440e+00,  9.5088659407847274e+01
   133,  1.9430e+01,  3.6397935101049755e-01,  2.3167019743929638e+00,  3.1402035057544186e-01, -9.4259940021074150e-03,  4.3924491464454991e-02, -3.9342056700024247e-02, -8.6524516678647712e-01, -1.3334900874053290e+00,  1.0254647081828843e+00, -2.8079538096018393e+00,  1.1881330363521823e+00,  6.3580286517452844e-02,  7.5303491159547594e-04,  4.7577357664758440e+00,  9.5088659329501098e+01
   134,  1.9576e+01,  3.6397935101049755e-01,  2.3167019743929638e+00,  3.1402035057544186e-01, -9.4259940021074150e-03,  4.3924491464454991e-02, -3.9342056700024247e-02, -8.6524516678647712e-01, -1.3334900675347785e+00,  1.0254647234634993e+00, -2.8079538096018393e+00,  1.1881330363521823e+00,  6.3580286517452844e-02,  7.5303491159547594e-04,  4.7577357664758440e+00,  9.5088659280510910e+01
   135,  1.9723e+01,  3.6397935101049755e-01,  2.3167019743929638e+00,  3.1402035057544186e-01, -9.4259940021074150e-03,  4.3924491464454991e-02, -3.9342056700024247e-02, -8.6524516678647712e-01, -1.3334900675347785e+00,  1.0254647081828843e+00, -2.8079538514436115e+00,  1.1881330363521823e+00,  6.3580286517452844e-02,  7.5303491159547594e-04,  4.7577357664758440e+00,  9.5088659313740280e+01
   136,  1.9874e+01,  3.6397935101049755e-01,  2.3167019743929638e+00,  3.1402035057544186e-01, -9.4259940021074150e-03,  4.3924491464454991e-02, -3.9342056700024247e-02, -8.6524516678647712e-01, -1.3334900675347785e+00,  1.0254647081828843e+00, -2.8079538096018393e+00,  1.1881330540567441e+00,  6.3580286517452844e-02,  7.5303491159547594e-04,  4.7577357664758440e+00,  9.5088659218971799e+01
   137,  2.0026e+01,  3.6397935101049755e-01,  2.3167019743929638e+00,  3.1402035057544186e-01, -9.4259940021074150e-03,  4.3924491464454991e-02, -3.9342056700024247e-02, -8.6524516678647712e-01, -1.3334900675347785e+00,  1.0254647081828843e+00, -2.8079538096018393e+00,  1.1881330363521823e+00,  6.3580301418614038e-02,  7.5303491159547594e-04,  4.7577357664758440e+00,  9.5088659307249387e+01
   138,  2.0172e+01,  3.6397935101049755e-01,  2.3167019743929638e+00,  3.1402035057544186e-01, -9.4259940021074150e-03,  4.3924491464454991e-02, -3.9342056700024247e-02, -8.6524516678647712e-01, -1.3334900675347785e+00,  1.0254647081828843e+00, -2.8079538096018393e+00,  1.1881330363521823e+00,  6.3580286517452844e-02,  7.5304981275666979e-04,  4.7577357664758440e+00,  9.5088659357167600e+01
   139,  2.0316e+01,  3.6397935101049755e-01,  2.3167019743929638e+00,  3.1402035057544186e-01, -9.4259940021074150e-03,  4.3924491464454991e-02, -3.9342056700024247e-02, -8.6524516678647712e-01, -1.3334900675347785e+00,  1.0254647081828843e+00, -2.8079538096018393e+00,  1.1881330363521823e+00,  6.3580286517452844e-02,  7.5303491159547594e-04,  4.7577358373716319e+00,  9.5088659136565298e+01
