Problem type:
least_squares
nparams:
10
function_evaluation,seconds,x(0),x(1),x(2),x(3),x(4),x(5),x(6),x(7),x(8),x(9),objective_function
     0,  1.1175e-01,  3.4349471341991955e-01,  2.3038894148984643e+00,  3.5246158385804971e-01,  1.7816367541920342e-02, -2.4539020311237822e-02,  0.0000000000000000e+00,  0.0000000000000000e+00,  0.0000000000000000e+00, -2.5781488720914479e-02,  4.1432488969014107e+00,  3.3161535933201623e+02
     1,  2.2173e-01,  3.4349472832108074e-01,  2.3038894148984643e+00,  3.5246158385804971e-01,  1.7816367541920342e-02, -2.4539020311237822e-02,  0.0000000000000000e+00,  0.0000000000000000e+00,  0.0000000000000000e+00, -2.5781488720914479e-02,  4.1432488969014107e+00,  3.3161538338226683e+02
     2,  3.3205e-01,  3.4349471341991955e-01,  2.3038894492290920e+00,  3.5246158385804971e-01,  1.7816367541920342e-02, -2.4539020311237822e-02,  0.0000000000000000e+00,  0.0000000000000000e+00,  0.0000000000000000e+00, -2.5781488720914479e-02,  4.1432488969014107e+00,  3.3161535971256137e+02
     3,  4.4745e-01,  3.4349471341991955e-01,  2.3038894148984643e+00,  3.5246159875921090e-01,  1.7816367541920342e-02, -2.4539020311237822e-02,  0.0000000000000000e+00,  0.0000000000000000e+00,  0.0000000000000000e+00, -2.5781488720914479e-02,  4.1432488969014107e+00,  3.3161533262758587e+02
     4,  5.6257e-01,  3.4349471341991955e-01,  2.3038894148984643e+00,  3.5246158385804971e-01,  1.7816382443081535e-02, -2.4539020311237822e-02,  0.0000000000000000e+00,  0.0000000000000000e+00,  0.0000000000000000e+00, -2.5781488720914479e-02,  4.1432488969014107e+00,  3.3161535959748147e+02
     5,  6.6913e-01,  3.4349471341991955e-01,  2.3038894148984643e+00,  3.5246158385804971e-01,  1.7816367541920342e-02, -2.4539035212399016e-02,  0.0000000000000000e+00,  0.0000000000000000e+00,  0.0000000000000000e+00, -2.5781488720914479e-02,  4.1432488969014107e+00,  3.3161535959747835e+02
     6,  7.8143e-01,  3.4349471341991955e-01,  2.3038894148984643e+00,  3.5246158385804971e-01,  1.7816367541920342e-02, -2.4539020311237822e-02,  1.4901161193847656e-08,  0.0000000000000000e+00,  0.0000000000000000e+00, -2.5781488720914479e-02,  4.1432488969014107e+00,  3.3161536008083993e+02
     7,  9.3480e-01,  3.4349471341991955e-01,  2.3038894148984643e+00,  3.5246158385804971e-01,  1.7816367541920342e-02, -2.4539020311237822e-02,  0.0000000000000000e+00,  1.4901161193847656e-08,  0.0000000000000000e+00, -2.5781488720914479e-02,  4.1432488969014107e+00,  3.3161535816151030e+02
     8,  1.0469e+00,  3.4349471341991955e-01,  2.3038894148984643e+00,  3.5246158385804971e-01,  1.7816367541920342e-02, -2.4539020311237822e-02,  0.0000000000000000e+00,  0.0000000000000000e+00,  1.4901161193847656e-08, -2.5781488720914479e-02,  4.1432488969014107e+00,  3.3161536082217219e+02
     9,  1.1588e+00,  3.4349471341991955e-01,  2.3038894148984643e+00,  3.5246158385804971e-01,  1.7816367541920342e-02, -2.4539020311237822e-02,  0.0000000000000000e+00,  0.0000000000000000e+00,  0.0000000000000000e+00, -2.5781503622075673e-02,  4.1432488969014107e+00,  3.3161535919071196e+02
    10,  1.2684e+00,  3.4349471341991955e-01,  2.3038894148984643e+00,  3.5246158385804971e-01,  1.7816367541920342e-02, -2.4539020311237822e-02,  0.0000000000000000e+00,  0.0000000000000000e+00,  0.0000000000000000e+00, -2.5781488720914479e-02,  4.1432489586406307e+00,  3.3161534812066554e+02
    11,  1.3996e+00,  3.5360543632940544e-01,  2.6126040312177095e+00,  6.2826332203919510e-01, -1.8299289326847870e-01,  3.6832108909536809e-01, -7.2463164986185369e-01,  1.5172979865278768e+00, -1.6708754851614644e+00, -6.7701978408043012e-02,  2.3568750155761058e+00,  5.0326799675538422e+02
    12,  1.5214e+00,  3.2987615931352082e-01,  2.2070413369016553e+00,  4.7501673229264757e-01, -5.6867687475924952e-02,  6.4244528750267274e-02, -3.6973127815641160e-01,  4.5628000107872879e-01, -4.3373925406053987e-01, -7.2938619626596590e-02,  4.1617486317710934e+00,  1.8394730914931509e+02
    13,  1.6396e+00,  3.2987617421468202e-01,  2.2070413369016553e+00,  4.7501673229264757e-01, -5.6867687475924952e-02,  6.4244528750267274e-02, -3.6973127815641160e-01,  4.5628000107872879e-01, -4.3373925406053987e-01, -7.2938619626596590e-02,  4.1617486317710934e+00,  1.8394730755756913e+02
    14,  1.7587e+00,  3.2987615931352082e-01,  2.2070413697891338e+00,  4.7501673229264757e-01, -5.6867687475924952e-02,  6.4244528750267274e-02, -3.6973127815641160e-01,  4.5628000107872879e-01, -4.3373925406053987e-01, -7.2938619626596590e-02,  4.1617486317710934e+00,  1.8394731119018041e+02
    15,  1.8738e+00,  3.2987615931352082e-01,  2.2070413369016553e+00,  4.7501674719380876e-01, -5.6867687475924952e-02,  6.4244528750267274e-02, -3.6973127815641160e-01,  4.5628000107872879e-01, -4.3373925406053987e-01, -7.2938619626596590e-02,  4.1617486317710934e+00,  1.8394731154942059e+02
    16,  1.9888e+00,  3.2987615931352082e-01,  2.2070413369016553e+00,  4.7501673229264757e-01, -5.6867702377086146e-02,  6.4244528750267274e-02, -3.6973127815641160e-01,  4.5628000107872879e-01, -4.3373925406053987e-01, -7.2938619626596590e-02,  4.1617486317710934e+00,  1.8394730942859297e+02
    17,  2.1088e+00,  3.2987615931352082e-01,  2.2070413369016553e+00,  4.7501673229264757e-01, -5.6867687475924952e-02,  6.4244543651428468e-02, -3.6973127815641160e-01,  4.5628000107872879e-01, -4.3373925406053987e-01, -7.2938619626596590e-02,  4.1617486317710934e+00,  1.8394730935543186e+02
    18,  2.2259e+00,  3.2987615931352082e-01,  2.2070413369016553e+00,  4.7501673229264757e-01, -5.6867687475924952e-02,  6.4244528750267274e-02, -3.6973129305757280e-01,  4.5628000107872879e-01, -4.3373925406053987e-01, -7.2938619626596590e-02,  4.1617486317710934e+00,  1.8394730905495425e+02
    19,  2.3405e+00,  3.2987615931352082e-01,  2.2070413369016553e+00,  4.7501673229264757e-01, -5.6867687475924952e-02,  6.4244528750267274e-02, -3.6973127815641160e-01,  4.5628001597988999e-01, -4.3373925406053987e-01, -7.2938619626596590e-02,  4.1617486317710934e+00,  1.8394730918479632e+02
    20,  2.4560e+00,  3.2987615931352082e-01,  2.2070413369016553e+00,  4.7501673229264757e-01, -5.6867687475924952e-02,  6.4244528750267274e-02, -3.6973127815641160e-01,  4.5628000107872879e-01, -4.3373926896170106e-01, -7.2938619626596590e-02,  4.1617486317710934e+00,  1.8394730886877582e+02
    21,  2.5722e+00,  3.2987615931352082e-01,  2.2070413369016553e+00,  4.7501673229264757e-01, -5.6867687475924952e-02,  6.4244528750267274e-02, -3.6973127815641160e-01,  4.5628000107872879e-01, -4.3373925406053987e-01, -7.2938634527757784e-02,  4.1617486317710934e+00,  1.8394730914511712e+02
    22,  2.6890e+00,  3.2987615931352082e-01,  2.2070413369016553e+00,  4.7501673229264757e-01, -5.6867687475924952e-02,  6.4244528750267274e-02, -3.6973127815641160e-01,  4.5628000107872879e-01, -4.3373925406053987e-01, -7.2938619626596590e-02,  4.1617486937859809e+00,  1.8394731088251808e+02
    23,  2.8079e+00,  3.3782485338757173e-01,  1.4194867522276975e+00,  2.6627132248945912e-01,  3.4050599118926350e-01, -5.6721256421248700e-01, -2.2432716280241663e-01,  4.0854337652603162e-01, -6.6109263410932728e-01, -9.2917594016100197e-02,  5.1609983224538132e+00,  3.4249665148872668e+02
    24,  2.9163e+00,  3.3828447512274906e-01,  1.9326615197264108e+00,  3.9568333148641099e-01,  6.8386708193127796e-02, -8.9945839585795787e-02, -3.7038424043893831e-01,  5.0319532325709793e-01, -5.6556441595531703e-01, -6.8406889984800739e-02,  4.2136752194261016e+00,  1.7837732977990154e+02
    25,  3.0303e+00,  3.3828449002391026e-01,  1.9326615197264108e+00,  3.9568333148641099e-01,  6.8386708193127796e-02, -8.9945839585795787e-02, -3.7038424043893831e-01,  5.0319532325709793e-01, -5.6556441595531703e-01, -6.8406889984800739e-02,  4.2136752194261016e+00,  1.7837733356178308e+02
    26,  3.1401e+00,  3.3828447512274906e-01,  1.9326615485253116e+00,  3.9568333148641099e-01,  6.8386708193127796e-02, -8.9945839585795787e-02, -3.7038424043893831e-01,  5.0319532325709793e-01, -5.6556441595531703e-01, -6.8406889984800739e-02,  4.2136752194261016e+00,  1.7837732983486225e+02
    27,  3.2499e+00,  3.3828447512274906e-01,  1.9326615197264108e+00,  3.9568334638757219e-01,  6.8386708193127796e-02, -8.9945839585795787e-02, -3.7038424043893831e-01,  5.0319532325709793e-01, -5.6556441595531703e-01, -6.8406889984800739e-02,  4.2136752194261016e+00,  1.7837732256833127e+02
    28,  3.3588e+00,  3.3828447512274906e-01,  1.9326615197264108e+00,  3.9568333148641099e-01,  6.8386723094288990e-02, -8.9945839585795787e-02, -3.7038424043893831e-01,  5.0319532325709793e-01, -5.6556441595531703e-01, -6.8406889984800739e-02,  4.2136752194261016e+00,  1.7837733012123041e+02
    29,  3.4662e+00,  3.3828447512274906e-01,  1.9326615197264108e+00,  3.9568333148641099e-01,  6.8386708193127796e-02, -8.9945854486956980e-02, -3.7038424043893831e-01,  5.0319532325709793e-01, -5.6556441595531703e-01, -6.8406889984800739e-02,  4.2136752194261016e+00,  1.7837733008256336e+02
    30,  3.5757e+00,  3.3828447512274906e-01,  1.9326615197264108e+00,  3.9568333148641099e-01,  6.8386708193127796e-02, -8.9945839585795787e-02, -3.7038425534009950e-01,  5.0319532325709793e-01, -5.6556441595531703e-01, -6.8406889984800739e-02,  4.2136752194261016e+00,  1.7837732977828594e+02
    31,  3.6859e+00,  3.3828447512274906e-01,  1.9326615197264108e+00,  3.9568333148641099e-01,  6.8386708193127796e-02, -8.9945839585795787e-02, -3.7038424043893831e-01,  5.0319533815825912e-01, -5.6556441595531703e-01, -6.8406889984800739e-02,  4.2136752194261016e+00,  1.7837732921613139e+02
    32,  3.7951e+00,  3.3828447512274906e-01,  1.9326615197264108e+00,  3.9568333148641099e-01,  6.8386708193127796e-02, -8.9945839585795787e-02, -3.7038424043893831e-01,  5.0319532325709793e-01, -5.6556443085647823e-01, -6.8406889984800739e-02,  4.2136752194261016e+00,  1.7837732925022527e+02
    33,  3.9128e+00,  3.3828447512274906e-01,  1.9326615197264108e+00,  3.9568333148641099e-01,  6.8386708193127796e-02, -8.9945839585795787e-02, -3.7038424043893831e-01,  5.0319532325709793e-01, -5.6556441595531703e-01, -6.8406904885961933e-02,  4.2136752194261016e+00,  1.7837732974820787e+02
    34,  4.0346e+00,  3.3828447512274906e-01,  1.9326615197264108e+00,  3.9568333148641099e-01,  6.8386708193127796e-02, -8.9945839585795787e-02, -3.7038424043893831e-01,  5.0319532325709793e-01, -5.6556441595531703e-01, -6.8406889984800739e-02,  4.2136752822147550e+00,  1.7837732582916985e+02
    35,  4.1595e+00,  3.3411590386184914e-01,  1.9382436823894518e+00,  4.4830775081975494e-01,  3.3796579707074836e-02, -5.9180142186096359e-02, -3.3242528570335694e-01,  5.3478430936833676e-01, -5.8946349845154111e-01, -7.1389496286194787e-02,  4.2450335031264110e+00,  1.6738801984683906e+02
    36,  4.2920e+00,  3.3411591876301033e-01,  1.9382436823894518e+00,  4.4830775081975494e-01,  3.3796579707074836e-02, -5.9180142186096359e-02, -3.3242528570335694e-01,  5.3478430936833676e-01, -5.8946349845154111e-01, -7.1389496286194787e-02,  4.2450335031264110e+00,  1.6738801836022193e+02
    37,  4.4195e+00,  3.3411590386184914e-01,  1.9382437112715334e+00,  4.4830775081975494e-01,  3.3796579707074836e-02, -5.9180142186096359e-02, -3.3242528570335694e-01,  5.3478430936833676e-01, -5.8946349845154111e-01, -7.1389496286194787e-02,  4.2450335031264110e+00,  1.6738802003789655e+02
    38,  4.5440e+00,  3.3411590386184914e-01,  1.9382436823894518e+00,  4.4830776572091613e-01,  3.3796579707074836e-02, -5.9180142186096359e-02, -3.3242528570335694e-01,  5.3478430936833676e-01, -5.8946349845154111e-01, -7.1389496286194787e-02,  4.2450335031264110e+00,  1.6738802220804345e+02
    39,  4.6601e+00,  3.3411590386184914e-01,  1.9382436823894518e+00,  4.4830775081975494e-01,  3.3796594608236030e-02, -5.9180142186096359e-02, -3.3242528570335694e-01,  5.3478430936833676e-01, -5.8946349845154111e-01, -7.1389496286194787e-02,  4.2450335031264110e+00,  1.6738802008253967e+02
    40,  4.7767e+00,  3.3411590386184914e-01,  1.9382436823894518e+00,  4.4830775081975494e-01,  3.3796579707074836e-02, -5.9180157087257552e-02, -3.3242528570335694e-01,  5.3478430936833676e-01, -5.8946349845154111e-01, -7.1389496286194787e-02,  4.2450335031264110e+00,  1.6738802013451988e+02
    41,  4.8950e+00,  3.3411590386184914e-01,  1.9382436823894518e+00,  4.4830775081975494e-01,  3.3796579707074836e-02, -5.9180142186096359e-02, -3.3242530060451814e-01,  5.3478430936833676e-01, -5.8946349845154111e-01, -7.1389496286194787e-02,  4.2450335031264110e+00,  1.6738802015221296e+02
    42,  5.0106e+00,  3.3411590386184914e-01,  1.9382436823894518e+00,  4.4830775081975494e-01,  3.3796579707074836e-02, -5.9180142186096359e-02, -3.3242528570335694e-01,  5.3478432426949796e-01, -5.8946349845154111e-01, -7.1389496286194787e-02,  4.2450335031264110e+00,  1.6738801989537887e+02
    43,  5.1285e+00,  3.3411590386184914e-01,  1.9382436823894518e+00,  4.4830775081975494e-01,  3.3796579707074836e-02, -5.9180142186096359e-02, -3.3242528570335694e-01,  5.3478430936833676e-01, -5.8946351335270231e-01, -7.1389496286194787e-02,  4.2450335031264110e+00,  1.6738801976966533e+02
    44,  5.2441e+00,  3.3411590386184914e-01,  1.9382436823894518e+00,  4.4830775081975494e-01,  3.3796579707074836e-02, -5.9180142186096359e-02, -3.3242528570335694e-01,  5.3478430936833676e-01, -5.8946349845154111e-01, -7.1389511187355981e-02,  4.2450335031264110e+00,  1.6738801987612263e+02
    45,  5.3595e+00,  3.3411590386184914e-01,  1.9382436823894518e+00,  4.4830775081975494e-01,  3.3796579707074836e-02, -5.9180142186096359e-02, -3.3242528570335694e-01,  5.3478430936833676e-01, -5.8946349845154111e-01, -7.1389496286194787e-02,  4.2450335663823395e+00,  1.6738802005753220e+02
    46,  5.4784e+00,  3.3843221747693569e-01,  1.9070064375567968e+00,  4.1714444647051502e-01, -3.5117717957603850e-03, -1.0926680499776791e-02, -3.0018089225830130e-01,  5.5618380259110156e-01, -6.1890278368171758e-01, -6.5917012712895143e-02,  4.2747472450372088e+00,  1.6307673526467744e+02
    47,  5.6058e+00,  3.3843223237809689e-01,  1.9070064375567968e+00,  4.1714444647051502e-01, -3.5117717957603850e-03, -1.0926680499776791e-02, -3.0018089225830130e-01,  5.5618380259110156e-01, -6.1890278368171758e-01, -6.5917012712895143e-02,  4.2747472450372088e+00,  1.6307673733132370e+02
    48,  5.7312e+00,  3.3843221747693569e-01,  1.9070064659734072e+00,  4.1714444647051502e-01, -3.5117717957603850e-03, -1.0926680499776791e-02, -3.0018089225830130e-01,  5.5618380259110156e-01, -6.1890278368171758e-01, -6.5917012712895143e-02,  4.2747472450372088e+00,  1.6307673527686069e+02
    49,  5.8568e+00,  3.3843221747693569e-01,  1.9070064375567968e+00,  4.1714446137167621e-01, -3.5117717957603850e-03, -1.0926680499776791e-02, -3.0018089225830130e-01,  5.5618380259110156e-01, -6.1890278368171758e-01, -6.5917012712895143e-02,  4.2747472450372088e+00,  1.6307673364207579e+02
    50,  5.9763e+00,  3.3843221747693569e-01,  1.9070064375567968e+00,  4.1714444647051502e-01, -3.5117866969215789e-03, -1.0926680499776791e-02, -3.0018089225830130e-01,  5.5618380259110156e-01, -6.1890278368171758e-01, -6.5917012712895143e-02,  4.2747472450372088e+00,  1.6307673541355271e+02
    51,  6.0951e+00,  3.3843221747693569e-01,  1.9070064375567968e+00,  4.1714444647051502e-01, -3.5117717957603850e-03, -1.0926695400937984e-02, -3.0018089225830130e-01,  5.5618380259110156e-01, -6.1890278368171758e-01, -6.5917012712895143e-02,  4.2747472450372088e+00,  1.6307673509679375e+02
    52,  6.2107e+00,  3.3843221747693569e-01,  1.9070064375567968e+00,  4.1714444647051502e-01, -3.5117717957603850e-03, -1.0926680499776791e-02, -3.0018090715946250e-01,  5.5618380259110156e-01, -6.1890278368171758e-01, -6.5917012712895143e-02,  4.2747472450372088e+00,  1.6307673543531604e+02
    53,  6.3265e+00,  3.3843221747693569e-01,  1.9070064375567968e+00,  4.1714444647051502e-01, -3.5117717957603850e-03, -1.0926680499776791e-02, -3.0018089225830130e-01,  5.5618381749226276e-01, -6.1890278368171758e-01, -6.5917012712895143e-02,  4.2747472450372088e+00,  1.6307673494586970e+02
    54,  6.4421e+00,  3.3843221747693569e-01,  1.9070064375567968e+00,  4.1714444647051502e-01, -3.5117717957603850e-03, -1.0926680499776791e-02, -3.0018089225830130e-01,  5.5618380259110156e-01, -6.1890279858287878e-01, -6.5917012712895143e-02,  4.2747472450372088e+00,  1.6307673497956765e+02
    55,  6.5574e+00,  3.3843221747693569e-01,  1.9070064375567968e+00,  4.1714444647051502e-01, -3.5117717957603850e-03, -1.0926680499776791e-02, -3.0018089225830130e-01,  5.5618380259110156e-01, -6.1890278368171758e-01, -6.5917027614056337e-02,  4.2747472450372088e+00,  1.6307673533786635e+02
    56,  6.6747e+00,  3.3843221747693569e-01,  1.9070064375567968e+00,  4.1714444647051502e-01, -3.5117717957603850e-03, -1.0926680499776791e-02, -3.0018089225830130e-01,  5.5618380259110156e-01, -6.1890278368171758e-01, -6.5917012712895143e-02,  4.2747473087359067e+00,  1.6307673361842603e+02
    57,  6.7930e+00,  3.3377542897014567e-01,  1.8769623477059336e+00,  4.2034023720333330e-01,  4.3123675698376329e-02, -7.0070771476988120e-02, -1.8308591058027326e-01,  6.1600433235261987e-01, -6.8250623399264221e-01, -3.9861793781777524e-02,  4.3597804830724742e+00,  1.6029199212190505e+02
    58,  6.9081e+00,  3.3377544387130686e-01,  1.8769623477059336e+00,  4.2034023720333330e-01,  4.3123675698376329e-02, -7.0070771476988120e-02, -1.8308591058027326e-01,  6.1600433235261987e-01, -6.8250623399264221e-01, -3.9861793781777524e-02,  4.3597804830724742e+00,  1.6029199106214580e+02
    59,  7.0205e+00,  3.3377542897014567e-01,  1.8769623756748521e+00,  4.2034023720333330e-01,  4.3123675698376329e-02, -7.0070771476988120e-02, -1.8308591058027326e-01,  6.1600433235261987e-01, -6.8250623399264221e-01, -3.9861793781777524e-02,  4.3597804830724742e+00,  1.6029199232802313e+02
    60,  7.1334e+00,  3.3377542897014567e-01,  1.8769623477059336e+00,  4.2034025210449449e-01,  4.3123675698376329e-02, -7.0070771476988120e-02, -1.8308591058027326e-01,  6.1600433235261987e-01, -6.8250623399264221e-01, -3.9861793781777524e-02,  4.3597804830724742e+00,  1.6029199345399473e+02
    61,  7.2505e+00,  3.3377542897014567e-01,  1.8769623477059336e+00,  4.2034023720333330e-01,  4.3123690599537523e-02, -7.0070771476988120e-02, -1.8308591058027326e-01,  6.1600433235261987e-01, -6.8250623399264221e-01, -3.9861793781777524e-02,  4.3597804830724742e+00,  1.6029199239792987e+02
    62,  7.3657e+00,  3.3377542897014567e-01,  1.8769623477059336e+00,  4.2034023720333330e-01,  4.3123675698376329e-02, -7.0070786378149313e-02, -1.8308591058027326e-01,  6.1600433235261987e-01, -6.8250623399264221e-01, -3.9861793781777524e-02,  4.3597804830724742e+00,  1.6029199240858244e+02
    63,  7.4808e+00,  3.3377542897014567e-01,  1.8769623477059336e+00,  4.2034023720333330e-01,  4.3123675698376329e-02, -7.0070771476988120e-02, -1.8308592548143446e-01,  6.1600433235261987e-01, -6.8250623399264221e-01, -3.9861793781777524e-02,  4.3597804830724742e+00,  1.6029199238433154e+02
    64,  7.5975e+00,  3.3377542897014567e-01,  1.8769623477059336e+00,  4.2034023720333330e-01,  4.3123675698376329e-02, -7.0070771476988120e-02, -1.8308591058027326e-01,  6.1600434725378106e-01, -6.8250623399264221e-01, -3.9861793781777524e-02,  4.3597804830724742e+00,  1.6029199205543367e+02
    65,  7.7124e+00,  3.3377542897014567e-01,  1.8769623477059336e+00,  4.2034023720333330e-01,  4.3123675698376329e-02, -7.0070771476988120e-02, -1.8308591058027326e-01,  6.1600433235261987e-01, -6.8250624889380340e-01, -3.9861793781777524e-02,  4.3597804830724742e+00,  1.6029199202046567e+02
    66,  7.8296e+00,  3.3377542897014567e-01,  1.8769623477059336e+00,  4.2034023720333330e-01,  4.3123675698376329e-02, -7.0070771476988120e-02, -1.8308591058027326e-01,  6.1600433235261987e-01, -6.8250623399264221e-01, -3.9861808682938718e-02,  4.3597804830724742e+00,  1.6029199212321052e+02
    67,  7.9454e+00,  3.3377542897014567e-01,  1.8769623477059336e+00,  4.2034023720333330e-01,  4.3123675698376329e-02, -7.0070771476988120e-02, -1.8308591058027326e-01,  6.1600433235261987e-01, -6.8250623399264221e-01, -3.9861793781777524e-02,  4.3597805480382661e+00,  1.6029199191576561e+02
    68,  8.0599e+00,  3.3630261973936354e-01,  1.8445379473779164e+00,  4.0226445556698859e-01, -4.6584367013149816e-02,  3.3696545919448498e-02, -1.0597793639030205e-01,  6.7089735603971012e-01, -7.3068595379502566e-01, -3.6024779340438635e-02,  4.4257921998532392e+00,  1.5607126918762415e+02
    69,  8.1829e+00,  3.3630263464052473e-01,  1.8445379473779164e+00,  4.0226445556698859e-01, -4.6584367013149816e-02,  3.3696545919448498e-02, -1.0597793639030205e-01,  6.7089735603971012e-01, -7.3068595379502566e-01, -3.6024779340438635e-02,  4.4257921998532392e+00,  1.5607127029316547e+02
    70,  8.2967e+00,  3.3630261973936354e-01,  1.8445379748636737e+00,  4.0226445556698859e-01, -4.6584367013149816e-02,  3.3696545919448498e-02, -1.0597793639030205e-01,  6.7089735603971012e-01, -7.3068595379502566e-01, -3.6024779340438635e-02,  4.4257921998532392e+00,  1.5607126915664674e+02
    71,  8.4121e+00,  3.3630261973936354e-01,  1.8445379473779164e+00,  4.0226447046814978e-01, -4.6584367013149816e-02,  3.3696545919448498e-02, -1.0597793639030205e-01,  6.7089735603971012e-01, -7.3068595379502566e-01, -3.6024779340438635e-02,  4.4257921998532392e+00,  1.5607126860108633e+02
    72,  8.5387e+00,  3.3630261973936354e-01,  1.8445379473779164e+00,  4.0226445556698859e-01, -4.6584381914311010e-02,  3.3696545919448498e-02, -1.0597793639030205e-01,  6.7089735603971012e-01, -7.3068595379502566e-01, -3.6024779340438635e-02,  4.4257921998532392e+00,  1.5607126948061330e+02
    73,  8.6584e+00,  3.3630261973936354e-01,  1.8445379473779164e+00,  4.0226445556698859e-01, -4.6584367013149816e-02,  3.3696560820609692e-02, -1.0597793639030205e-01,  6.7089735603971012e-01, -7.3068595379502566e-01, -3.6024779340438635e-02,  4.4257921998532392e+00,  1.5607126946428335e+02
    74,  8.7715e+00,  3.3630261973936354e-01,  1.8445379473779164e+00,  4.0226445556698859e-01, -4.6584367013149816e-02,  3.3696545919448498e-02, -1.0597795129146324e-01,  6.7089735603971012e-01, -7.3068595379502566e-01, -3.6024779340438635e-02,  4.4257921998532392e+00,  1.5607126935937299e+02
    75,  8.8824e+00,  3.3630261973936354e-01,  1.8445379473779164e+00,  4.0226445556698859e-01, -4.6584367013149816e-02,  3.3696545919448498e-02, -1.0597793639030205e-01,  6.7089737094087132e-01, -7.3068595379502566e-01, -3.6024779340438635e-02,  4.4257921998532392e+00,  1.5607126896016197e+02
    76,  9.0002e+00,  3.3630261973936354e-01,  1.8445379473779164e+00,  4.0226445556698859e-01, -4.6584367013149816e-02,  3.3696545919448498e-02, -1.0597793639030205e-01,  6.7089735603971012e-01, -7.3068596869618685e-01, -3.6024779340438635e-02,  4.4257921998532392e+00,  1.5607126900533078e+02
    77,  9.1121e+00,  3.3630261973936354e-01,  1.8445379473779164e+00,  4.0226445556698859e-01, -4.6584367013149816e-02,  3.3696545919448498e-02, -1.0597793639030205e-01,  6.7089735603971012e-01, -7.3068595379502566e-01, -3.6024794241599829e-02,  4.4257921998532392e+00,  1.5607126922448239e+02
    78,  9.2271e+00,  3.3630261973936354e-01,  1.8445379473779164e+00,  4.0226445556698859e-01, -4.6584367013149816e-02,  3.3696545919448498e-02, -1.0597793639030205e-01,  6.7089735603971012e-01, -7.3068595379502566e-01, -3.6024779340438635e-02,  4.4257922658026825e+00,  1.5607126819485245e+02
    79,  9.3438e+00,  3.3400538288150605e-01,  1.8228302080676366e+00,  3.9821068731699827e-01,  4.8822473593534393e-02, -6.6433520818358294e-02, -2.2435442348277712e-02,  7.2773519693034072e-01, -7.7697628869641888e-01, -2.6816319679510314e-02,  4.4873809884583578e+00,  1.5399989988937295e+02
    80,  9.4665e+00,  3.3400539778266725e-01,  1.8228302080676366e+00,  3.9821068731699827e-01,  4.8822473593534393e-02, -6.6433520818358294e-02, -2.2435442348277712e-02,  7.2773519693034072e-01, -7.7697628869641888e-01, -2.6816319679510314e-02,  4.4873809884583578e+00,  1.5399989916592176e+02
    81,  9.5804e+00,  3.3400538288150605e-01,  1.8228302352299235e+00,  3.9821068731699827e-01,  4.8822473593534393e-02, -6.6433520818358294e-02, -2.2435442348277712e-02,  7.2773519693034072e-01, -7.7697628869641888e-01, -2.6816319679510314e-02,  4.4873809884583578e+00,  1.5399989994917760e+02
    82,  9.6915e+00,  3.3400538288150605e-01,  1.8228302080676366e+00,  3.9821070221815946e-01,  4.8822473593534393e-02, -6.6433520818358294e-02, -2.2435442348277712e-02,  7.2773519693034072e-01, -7.7697628869641888e-01, -2.6816319679510314e-02,  4.4873809884583578e+00,  1.5399990050275272e+02
    83,  9.8054e+00,  3.3400538288150605e-01,  1.8228302080676366e+00,  3.9821068731699827e-01,  4.8822488494695587e-02, -6.6433520818358294e-02, -2.2435442348277712e-02,  7.2773519693034072e-01, -7.7697628869641888e-01, -2.6816319679510314e-02,  4.4873809884583578e+00,  1.5399990017720850e+02
    84,  9.9193e+00,  3.3400538288150605e-01,  1.8228302080676366e+00,  3.9821068731699827e-01,  4.8822473593534393e-02, -6.6433535719519488e-02, -2.2435442348277712e-02,  7.2773519693034072e-01, -7.7697628869641888e-01, -2.6816319679510314e-02,  4.4873809884583578e+00,  1.5399990016695671e+02
    85,  1.0033e+01,  3.3400538288150605e-01,  1.8228302080676366e+00,  3.9821068731699827e-01,  4.8822473593534393e-02, -6.6433520818358294e-02, -2.2435457249438906e-02,  7.2773519693034072e-01, -7.7697628869641888e-01, -2.6816319679510314e-02,  4.4873809884583578e+00,  1.5399990008399519e+02
    86,  1.0147e+01,  3.3400538288150605e-01,  1.8228302080676366e+00,  3.9821068731699827e-01,  4.8822473593534393e-02, -6.6433520818358294e-02, -2.2435442348277712e-02,  7.2773521183150192e-01, -7.7697628869641888e-01, -2.6816319679510314e-02,  4.4873809884583578e+00,  1.5399989976427463e+02
    87,  1.0261e+01,  3.3400538288150605e-01,  1.8228302080676366e+00,  3.9821068731699827e-01,  4.8822473593534393e-02, -6.6433520818358294e-02, -2.2435442348277712e-02,  7.2773519693034072e-01, -7.7697630359758008e-01, -2.6816319679510314e-02,  4.4873809884583578e+00,  1.5399989978659292e+02
    88,  1.0373e+01,  3.3400538288150605e-01,  1.8228302080676366e+00,  3.9821068731699827e-01,  4.8822473593534393e-02, -6.6433520818358294e-02, -2.2435442348277712e-02,  7.2773519693034072e-01, -7.7697628869641888e-01, -2.6816334580671508e-02,  4.4873809884583578e+00,  1.5399989987702492e+02
    89,  1.0487e+01,  3.3400538288150605e-01,  1.8228302080676366e+00,  3.9821068731699827e-01,  4.8822473593534393e-02, -6.6433520818358294e-02, -2.2435442348277712e-02,  7.2773519693034072e-01, -7.7697628869641888e-01, -2.6816319679510314e-02,  4.4873810553255451e+00,  1.5399989947721824e+02
    90,  1.0609e+01,  3.3688937852051976e-01,  1.8089842477888034e+00,  3.8991391719390811e-01, -5.1984669969853681e-02,  4.3148780644371776e-02,  4.7751034233585135e-02,  7.8720798467792275e-01, -8.1765334901064579e-01, -2.6660072707550581e-02,  4.5447836269774253e+00,  1.5135902050624080e+02
    91,  1.0730e+01,  3.3688939342168095e-01,  1.8089842477888034e+00,  3.8991391719390811e-01, -5.1984669969853681e-02,  4.3148780644371776e-02,  4.7751034233585135e-02,  7.8720798467792275e-01, -8.1765334901064579e-01, -2.6660072707550581e-02,  4.5447836269774253e+00,  1.5135901949580222e+02
    92,  1.0845e+01,  3.3688937852051976e-01,  1.8089842747447693e+00,  3.8991391719390811e-01, -5.1984669969853681e-02,  4.3148780644371776e-02,  4.7751034233585135e-02,  7.8720798467792275e-01, -8.1765334901064579e-01, -2.6660072707550581e-02,  4.5447836269774253e+00,  1.5135902052662067e+02
    93,  1.0959e+01,  3.3688937852051976e-01,  1.8089842477888034e+00,  3.8991393209506930e-01, -5.1984669969853681e-02,  4.3148780644371776e-02,  4.7751034233585135e-02,  7.8720798467792275e-01, -8.1765334901064579e-01, -2.6660072707550581e-02,  4.5447836269774253e+00,  1.5135902044288466e+02
    94,  1.1079e+01,  3.3688937852051976e-01,  1.8089842477888034e+00,  3.8991391719390811e-01, -5.1984684871014875e-02,  4.3148780644371776e-02,  4.7751034233585135e-02,  7.8720798467792275e-01, -8.1765334901064579e-01, -2.6660072707550581e-02,  4.5447836269774253e+00,  1.5135902079895817e+02
    95,  1.1196e+01,  3.3688937852051976e-01,  1.8089842477888034e+00,  3.8991391719390811e-01, -5.1984669969853681e-02,  4.3148795545532970e-02,  4.7751034233585135e-02,  7.8720798467792275e-01, -8.1765334901064579e-01, -2.6660072707550581e-02,  4.5447836269774253e+00,  1.5135902077738629e+02
    96,  1.1316e+01,  3.3688937852051976e-01,  1.8089842477888034e+00,  3.8991391719390811e-01, -5.1984669969853681e-02,  4.3148780644371776e-02,  4.7751049134746329e-02,  7.8720798467792275e-01, -8.1765334901064579e-01, -2.6660072707550581e-02,  4.5447836269774253e+00,  1.5135902035613324e+02
    97,  1.1436e+01,  3.3688937852051976e-01,  1.8089842477888034e+00,  3.8991391719390811e-01, -5.1984669969853681e-02,  4.3148780644371776e-02,  4.7751034233585135e-02,  7.8720799957908394e-01, -8.1765334901064579e-01, -2.6660072707550581e-02,  4.5447836269774253e+00,  1.5135902035794103e+02
    98,  1.1555e+01,  3.3688937852051976e-01,  1.8089842477888034e+00,  3.8991391719390811e-01, -5.1984669969853681e-02,  4.3148780644371776e-02,  4.7751034233585135e-02,  7.8720798467792275e-01, -8.1765336391180699e-01, -2.6660072707550581e-02,  4.5447836269774253e+00,  1.5135902039910022e+02
    99,  1.1677e+01,  3.3688937852051976e-01,  1.8089842477888034e+00,  3.8991391719390811e-01, -5.1984669969853681e-02,  4.3148780644371776e-02,  4.7751034233585135e-02,  7.8720798467792275e-01, -8.1765334901064579e-01, -2.6660087608711774e-02,  4.5447836269774253e+00,  1.5135902053715557e+02
   100,  1.1790e+01,  3.3688937852051976e-01,  1.8089842477888034e+00,  3.8991391719390811e-01, -5.1984669969853681e-02,  4.3148780644371776e-02,  4.7751034233585135e-02,  7.8720798467792275e-01, -8.1765334901064579e-01, -2.6660072707550581e-02,  4.5447836946999791e+00,  1.5135901992301680e+02
   101,  1.1911e+01,  3.4229203549469173e-01,  1.8070323574945912e+00,  3.8685979762534273e-01,  5.4538803658722865e-02, -6.8215423140261369e-02,  1.1284810009821919e-01,  8.4936973595165488e-01, -8.5246393600617021e-01, -1.9422803605943180e-02,  4.5966937520438753e+00,  1.5013505344060110e+02
   102,  1.2025e+01,  3.4229205039585292e-01,  1.8070323574945912e+00,  3.8685979762534273e-01,  5.4538803658722865e-02, -6.8215423140261369e-02,  1.1284810009821919e-01,  8.4936973595165488e-01, -8.5246393600617021e-01, -1.9422803605943180e-02,  4.5966937520438753e+00,  1.5013505446384301e+02
   103,  1.2136e+01,  3.4229203549469173e-01,  1.8070323844214717e+00,  3.8685979762534273e-01,  5.4538803658722865e-02, -6.8215423140261369e-02,  1.1284810009821919e-01,  8.4936973595165488e-01, -8.5246393600617021e-01, -1.9422803605943180e-02,  4.5966937520438753e+00,  1.5013505350201200e+02
   104,  1.2259e+01,  3.4229203549469173e-01,  1.8070323574945912e+00,  3.8685981252650392e-01,  5.4538803658722865e-02, -6.8215423140261369e-02,  1.1284810009821919e-01,  8.4936973595165488e-01, -8.5246393600617021e-01, -1.9422803605943180e-02,  4.5966937520438753e+00,  1.5013505373093878e+02
   105,  1.2380e+01,  3.4229203549469173e-01,  1.8070323574945912e+00,  3.8685979762534273e-01,  5.4538818559884059e-02, -6.8215423140261369e-02,  1.1284810009821919e-01,  8.4936973595165488e-01, -8.5246393600617021e-01, -1.9422803605943180e-02,  4.5966937520438753e+00,  1.5013505373494883e+02
   106,  1.2503e+01,  3.4229203549469173e-01,  1.8070323574945912e+00,  3.8685979762534273e-01,  5.4538803658722865e-02, -6.8215438041422563e-02,  1.1284810009821919e-01,  8.4936973595165488e-01, -8.5246393600617021e-01, -1.9422803605943180e-02,  4.5966937520438753e+00,  1.5013505372183661e+02
   107,  1.2624e+01,  3.4229203549469173e-01,  1.8070323574945912e+00,  3.8685979762534273e-01,  5.4538803658722865e-02, -6.8215423140261369e-02,  1.1284811499938038e-01,  8.4936973595165488e-01, -8.5246393600617021e-01, -1.9422803605943180e-02,  4.5966937520438753e+00,  1.5013505330838996e+02
   108,  1.2747e+01,  3.4229203549469173e-01,  1.8070323574945912e+00,  3.8685979762534273e-01,  5.4538803658722865e-02, -6.8215423140261369e-02,  1.1284810009821919e-01,  8.4936975085281607e-01, -8.5246393600617021e-01, -1.9422803605943180e-02,  4.5966937520438753e+00,  1.5013505329672248e+02
   109,  1.2869e+01,  3.4229203549469173e-01,  1.8070323574945912e+00,  3.8685979762534273e-01,  5.4538803658722865e-02, -6.8215423140261369e-02,  1.1284810009821919e-01,  8.4936973595165488e-01, -8.5246395090733140e-01, -1.9422803605943180e-02,  4.5966937520438753e+00,  1.5013505334315741e+02
   110,  1.2990e+01,  3.4229203549469173e-01,  1.8070323574945912e+00,  3.8685979762534273e-01,  5.4538803658722865e-02, -6.8215423140261369e-02,  1.1284810009821919e-01,  8.4936973595165488e-01, -8.5246393600617021e-01, -1.9422818507104374e-02,  4.5966937520438753e+00,  1.5013505341964424e+02
   111,  1.3112e+01,  3.4229203549469173e-01,  1.8070323574945912e+00,  3.8685979762534273e-01,  5.4538803658722865e-02, -6.8215423140261369e-02,  1.1284810009821919e-01,  8.4936973595165488e-01, -8.5246393600617021e-01, -1.9422803605943180e-02,  4.5966938205399499e+00,  1.5013505309332351e+02
   112,  1.3234e+01,  3.3793862798151530e-01,  1.7952827759747680e+00,  3.8306284603708707e-01,  2.6296896947406223e-02, -4.0366592522405084e-02,  1.2579464135936580e-01,  8.6179040929768536e-01, -8.6244831889267204e-01, -2.1114061556169426e-02,  4.6051635209291941e+00,  1.4848595259277494e+02
   113,  1.3353e+01,  3.3793864288267650e-01,  1.7952827759747680e+00,  3.8306284603708707e-01,  2.6296896947406223e-02, -4.0366592522405084e-02,  1.2579464135936580e-01,  8.6179040929768536e-01, -8.6244831889267204e-01, -2.1114061556169426e-02,  4.6051635209291941e+00,  1.4848595274218130e+02
   114,  1.3475e+01,  3.3793862798151530e-01,  1.7952828027265662e+00,  3.8306284603708707e-01,  2.6296896947406223e-02, -4.0366592522405084e-02,  1.2579464135936580e-01,  8.6179040929768536e-01, -8.6244831889267204e-01, -2.1114061556169426e-02,  4.6051635209291941e+00,  1.4848595269289700e+02
   115,  1.3600e+01,  3.3793862798151530e-01,  1.7952827759747680e+00,  3.8306286093824826e-01,  2.6296896947406223e-02, -4.0366592522405084e-02,  1.2579464135936580e-01,  8.6179040929768536e-01, -8.6244831889267204e-01, -2.1114061556169426e-02,  4.6051635209291941e+00,  1.4848595268277248e+02
   116,  1.3720e+01,  3.3793862798151530e-01,  1.7952827759747680e+00,  3.8306284603708707e-01,  2.6296911848567417e-02, -4.0366592522405084e-02,  1.2579464135936580e-01,  8.6179040929768536e-01, -8.6244831889267204e-01, -2.1114061556169426e-02,  4.6051635209291941e+00,  1.4848595286701502e+02
   117,  1.3838e+01,  3.3793862798151530e-01,  1.7952827759747680e+00,  3.8306284603708707e-01,  2.6296896947406223e-02, -4.0366607423566278e-02,  1.2579464135936580e-01,  8.6179040929768536e-01, -8.6244831889267204e-01, -2.1114061556169426e-02,  4.6051635209291941e+00,  1.4848595285741109e+02
   118,  1.3957e+01,  3.3793862798151530e-01,  1.7952827759747680e+00,  3.8306284603708707e-01,  2.6296896947406223e-02, -4.0366592522405084e-02,  1.2579465626052699e-01,  8.6179040929768536e-01, -8.6244831889267204e-01, -2.1114061556169426e-02,  4.6051635209291941e+00,  1.4848595246764449e+02
   119,  1.4075e+01,  3.3793862798151530e-01,  1.7952827759747680e+00,  3.8306284603708707e-01,  2.6296896947406223e-02, -4.0366592522405084e-02,  1.2579464135936580e-01,  8.6179042419884655e-01, -8.6244831889267204e-01, -2.1114061556169426e-02,  4.6051635209291941e+00,  1.4848595246184581e+02
   120,  1.4196e+01,  3.3793862798151530e-01,  1.7952827759747680e+00,  3.8306284603708707e-01,  2.6296896947406223e-02, -4.0366592522405084e-02,  1.2579464135936580e-01,  8.6179040929768536e-01, -8.6244833379383323e-01, -2.1114061556169426e-02,  4.6051635209291941e+00,  1.4848595249111099e+02
   121,  1.4314e+01,  3.3793862798151530e-01,  1.7952827759747680e+00,  3.8306284603708707e-01,  2.6296896947406223e-02, -4.0366592522405084e-02,  1.2579464135936580e-01,  8.6179040929768536e-01, -8.6244831889267204e-01, -2.1114076457330620e-02,  4.6051635209291941e+00,  1.4848595257347966e+02
   122,  1.4440e+01,  3.3793862798151530e-01,  1.7952827759747680e+00,  3.8306284603708707e-01,  2.6296896947406223e-02, -4.0366592522405084e-02,  1.2579464135936580e-01,  8.6179040929768536e-01, -8.6244831889267204e-01, -2.1114061556169426e-02,  4.6051635895514780e+00,  1.4848595215812227e+02
   123,  1.4566e+01,  3.3718109724208267e-01,  1.7845812580788776e+00,  3.7997952242127858e-01, -2.9315756601151530e-02,  1.7055521075264243e-02,  1.5363021583435105e-01,  8.8955073864938927e-01, -8.8248094665077470e-01, -2.3616016070157272e-02,  4.6274195731461889e+00,  1.4752196378636671e+02
   124,  1.4691e+01,  3.3718111214324387e-01,  1.7845812580788776e+00,  3.7997952242127858e-01, -2.9315756601151530e-02,  1.7055521075264243e-02,  1.5363021583435105e-01,  8.8955073864938927e-01, -8.8248094665077470e-01, -2.3616016070157272e-02,  4.6274195731461889e+00,  1.4752196268761651e+02
   125,  1.4806e+01,  3.3718109724208267e-01,  1.7845812846712106e+00,  3.7997952242127858e-01, -2.9315756601151530e-02,  1.7055521075264243e-02,  1.5363021583435105e-01,  8.8955073864938927e-01, -8.8248094665077470e-01, -2.3616016070157272e-02,  4.6274195731461889e+00,  1.4752196382541146e+02
   126,  1.4925e+01,  3.3718109724208267e-01,  1.7845812580788776e+00,  3.7997953732243978e-01, -2.9315756601151530e-02,  1.7055521075264243e-02,  1.5363021583435105e-01,  8.8955073864938927e-01, -8.8248094665077470e-01, -2.3616016070157272e-02,  4.6274195731461889e+00,  1.4752196382290586e+02
   127,  1.5041e+01,  3.3718109724208267e-01,  1.7845812580788776e+00,  3.7997952242127858e-01, -2.9315771502312724e-02,  1.7055521075264243e-02,  1.5363021583435105e-01,  8.8955073864938927e-01, -8.8248094665077470e-01, -2.3616016070157272e-02,  4.6274195731461889e+00,  1.4752196406221307e+02
   128,  1.5157e+01,  3.3718109724208267e-01,  1.7845812580788776e+00,  3.7997952242127858e-01, -2.9315756601151530e-02,  1.7055535976425437e-02,  1.5363021583435105e-01,  8.8955073864938927e-01, -8.8248094665077470e-01, -2.3616016070157272e-02,  4.6274195731461889e+00,  1.4752196404280622e+02
   129,  1.5272e+01,  3.3718109724208267e-01,  1.7845812580788776e+00,  3.7997952242127858e-01, -2.9315756601151530e-02,  1.7055521075264243e-02,  1.5363023073551224e-01,  8.8955073864938927e-01, -8.8248094665077470e-01, -2.3616016070157272e-02,  4.6274195731461889e+00,  1.4752196366682313e+02
   130,  1.5386e+01,  3.3718109724208267e-01,  1.7845812580788776e+00,  3.7997952242127858e-01, -2.9315756601151530e-02,  1.7055521075264243e-02,  1.5363021583435105e-01,  8.8955075355055047e-01, -8.8248094665077470e-01, -2.3616016070157272e-02,  4.6274195731461889e+00,  1.4752196367269084e+02
   131,  1.5499e+01,  3.3718109724208267e-01,  1.7845812580788776e+00,  3.7997952242127858e-01, -2.9315756601151530e-02,  1.7055521075264243e-02,  1.5363021583435105e-01,  8.8955073864938927e-01, -8.8248096155193589e-01, -2.3616016070157272e-02,  4.6274195731461889e+00,  1.4752196370402402e+02
   132,  1.5616e+01,  3.3718109724208267e-01,  1.7845812580788776e+00,  3.7997952242127858e-01, -2.9315756601151530e-02,  1.7055521075264243e-02,  1.5363021583435105e-01,  8.8955073864938927e-01, -8.8248094665077470e-01, -2.3616030971318466e-02,  4.6274195731461889e+00,  1.4752196381753831e+02
   133,  1.5736e+01,  3.3718109724208267e-01,  1.7845812580788776e+00,  3.7997952242127858e-01, -2.9315756601151530e-02,  1.7055521075264243e-02,  1.5363021583435105e-01,  8.8955073864938927e-01, -8.8248094665077470e-01, -2.3616016070157272e-02,  4.6274196421001141e+00,  1.4752196334186368e+02
   134,  1.5860e+01,  3.4213433651823749e-01,  1.7895557587005302e+00,  3.7940117114209398e-01,  2.8175948113664383e-02, -4.0111600082348826e-02,  1.7904975852131197e-01,  9.1868504469267076e-01, -8.9947605618802862e-01, -1.8305231373452496e-02,  4.6503985372491696e+00,  1.4723467863589835e+02
   135,  1.5974e+01,  3.4213435141939869e-01,  1.7895557587005302e+00,  3.7940117114209398e-01,  2.8175948113664383e-02, -4.0111600082348826e-02,  1.7904975852131197e-01,  9.1868504469267076e-01, -8.9947605618802862e-01, -1.8305231373452496e-02,  4.6503985372491696e+00,  1.4723467963815250e+02
   136,  1.6090e+01,  3.4213433651823749e-01,  1.7895557853669890e+00,  3.7940117114209398e-01,  2.8175948113664383e-02, -4.0111600082348826e-02,  1.7904975852131197e-01,  9.1868504469267076e-01, -8.9947605618802862e-01, -1.8305231373452496e-02,  4.6503985372491696e+00,  1.4723467867397605e+02
   137,  1.6215e+01,  3.4213433651823749e-01,  1.7895557587005302e+00,  3.7940118604325518e-01,  2.8175948113664383e-02, -4.0111600082348826e-02,  1.7904975852131197e-01,  9.1868504469267076e-01, -8.9947605618802862e-01, -1.8305231373452496e-02,  4.6503985372491696e+00,  1.4723467875406979e+02
   138,  1.6339e+01,  3.4213433651823749e-01,  1.7895557587005302e+00,  3.7940117114209398e-01,  2.8175963014825577e-02, -4.0111600082348826e-02,  1.7904975852131197e-01,  9.1868504469267076e-01, -8.9947605618802862e-01, -1.8305231373452496e-02,  4.6503985372491696e+00,  1.4723467891101942e+02
   139,  1.6460e+01,  3.4213433651823749e-01,  1.7895557587005302e+00,  3.7940117114209398e-01,  2.8175948113664383e-02, -4.0111614983510020e-02,  1.7904975852131197e-01,  9.1868504469267076e-01, -8.9947605618802862e-01, -1.8305231373452496e-02,  4.6503985372491696e+00,  1.4723467890146586e+02
   140,  1.6582e+01,  3.4213433651823749e-01,  1.7895557587005302e+00,  3.7940117114209398e-01,  2.8175948113664383e-02, -4.0111600082348826e-02,  1.7904977342247316e-01,  9.1868504469267076e-01, -8.9947605618802862e-01, -1.8305231373452496e-02,  4.6503985372491696e+00,  1.4723467853191812e+02
   141,  1.6706e+01,  3.4213433651823749e-01,  1.7895557587005302e+00,  3.7940117114209398e-01,  2.8175948113664383e-02, -4.0111600082348826e-02,  1.7904975852131197e-01,  9.1868505959383195e-01, -8.9947605618802862e-01, -1.8305231373452496e-02,  4.6503985372491696e+00,  1.4723467850460105e+02
   142,  1.6831e+01,  3.4213433651823749e-01,  1.7895557587005302e+00,  3.7940117114209398e-01,  2.8175948113664383e-02, -4.0111600082348826e-02,  1.7904975852131197e-01,  9.1868504469267076e-01, -8.9947607108918981e-01, -1.8305231373452496e-02,  4.6503985372491696e+00,  1.4723467854825012e+02
   143,  1.6953e+01,  3.4213433651823749e-01,  1.7895557587005302e+00,  3.7940117114209398e-01,  2.8175948113664383e-02, -4.0111600082348826e-02,  1.7904975852131197e-01,  9.1868504469267076e-01, -8.9947605618802862e-01, -1.8305246274613690e-02,  4.6503985372491696e+00,  1.4723467861426263e+02
   144,  1.7078e+01,  3.4213433651823749e-01,  1.7895557587005302e+00,  3.7940117114209398e-01,  2.8175948113664383e-02, -4.0111600082348826e-02,  1.7904975852131197e-01,  9.1868504469267076e-01, -8.9947605618802862e-01, -1.8305231373452496e-02,  4.6503986065455081e+00,  1.4723467827434987e+02
   145,  1.7203e+01,  3.3859393759544271e-01,  1.7833190903704337e+00,  3.7726978206827100e-01,  1.3870793341043668e-02, -2.6068427888369036e-02,  1.8473547485628058e-01,  9.2433471798839695e-01, -9.0417233814357267e-01, -1.9335812994140306e-02,  4.6542720563596562e+00,  1.4642160451499325e+02
   146,  1.7330e+01,  3.3859395249660390e-01,  1.7833190903704337e+00,  3.7726978206827100e-01,  1.3870793341043668e-02, -2.6068427888369036e-02,  1.8473547485628058e-01,  9.2433471798839695e-01, -9.0417233814357267e-01, -1.9335812994140306e-02,  4.6542720563596562e+00,  1.4642160466621857e+02
   147,  1.7458e+01,  3.3859393759544271e-01,  1.7833191169439588e+00,  3.7726978206827100e-01,  1.3870793341043668e-02, -2.6068427888369036e-02,  1.8473547485628058e-01,  9.2433471798839695e-01, -9.0417233814357267e-01, -1.9335812994140306e-02,  4.6542720563596562e+00,  1.4642160464527109e+02
   148,  1.7580e+01,  3.3859393759544271e-01,  1.7833190903704337e+00,  3.7726979696943219e-01,  1.3870793341043668e-02, -2.6068427888369036e-02,  1.8473547485628058e-01,  9.2433471798839695e-01, -9.0417233814357267e-01, -1.9335812994140306e-02,  4.6542720563596562e+00,  1.4642160462370558e+02
   149,  1.7700e+01,  3.3859393759544271e-01,  1.7833190903704337e+00,  3.7726978206827100e-01,  1.3870808242204862e-02, -2.6068427888369036e-02,  1.8473547485628058e-01,  9.2433471798839695e-01, -9.0417233814357267e-01, -1.9335812994140306e-02,  4.6542720563596562e+00,  1.4642160477936349e+02
   150,  1.7821e+01,  3.3859393759544271e-01,  1.7833190903704337e+00,  3.7726978206827100e-01,  1.3870793341043668e-02, -2.6068442789530230e-02,  1.8473547485628058e-01,  9.2433471798839695e-01, -9.0417233814357267e-01, -1.9335812994140306e-02,  4.6542720563596562e+00,  1.4642160477124705e+02
   151,  1.7941e+01,  3.3859393759544271e-01,  1.7833190903704337e+00,  3.7726978206827100e-01,  1.3870793341043668e-02, -2.6068427888369036e-02,  1.8473548975744178e-01,  9.2433471798839695e-01, -9.0417233814357267e-01, -1.9335812994140306e-02,  4.6542720563596562e+00,  1.4642160441004640e+02
   152,  1.8063e+01,  3.3859393759544271e-01,  1.7833190903704337e+00,  3.7726978206827100e-01,  1.3870793341043668e-02, -2.6068427888369036e-02,  1.8473547485628058e-01,  9.2433473288955814e-01, -9.0417233814357267e-01, -1.9335812994140306e-02,  4.6542720563596562e+00,  1.4642160440564493e+02
   153,  1.8183e+01,  3.3859393759544271e-01,  1.7833190903704337e+00,  3.7726978206827100e-01,  1.3870793341043668e-02, -2.6068427888369036e-02,  1.8473547485628058e-01,  9.2433471798839695e-01, -9.0417235304473387e-01, -1.9335812994140306e-02,  4.6542720563596562e+00,  1.4642160442658326e+02
   154,  1.8302e+01,  3.3859393759544271e-01,  1.7833190903704337e+00,  3.7726978206827100e-01,  1.3870793341043668e-02, -2.6068427888369036e-02,  1.8473547485628058e-01,  9.2433471798839695e-01, -9.0417233814357267e-01, -1.9335827895301499e-02,  4.6542720563596562e+00,  1.4642160449447712e+02
   155,  1.8426e+01,  3.3859393759544271e-01,  1.7833190903704337e+00,  3.7726978206827100e-01,  1.3870793341043668e-02, -2.6068427888369036e-02,  1.8473547485628058e-01,  9.2433471798839695e-01, -9.0417233814357267e-01, -1.9335812994140306e-02,  4.6542721257137147e+00,  1.4642160415667152e+02
   156,  1.8549e+01,  3.3760142129745363e-01,  1.7761740355008109e+00,  3.7546898993436179e-01, -1.5167791942172975e-02,  3.1072323536430052e-03,  1.9659595664951016e-01,  9.3686055243983113e-01, -9.1390521196581653e-01, -2.1201489765361368e-02,  4.6640311622209403e+00,  1.4592266231678195e+02
   157,  1.8669e+01,  3.3760143619861482e-01,  1.7761740355008109e+00,  3.7546898993436179e-01, -1.5167791942172975e-02,  3.1072323536430052e-03,  1.9659595664951016e-01,  9.3686055243983113e-01, -9.1390521196581653e-01, -2.1201489765361368e-02,  4.6640311622209403e+00,  1.4592266123542933e+02
   158,  1.8782e+01,  3.3760142129745363e-01,  1.7761740619678665e+00,  3.7546898993436179e-01, -1.5167791942172975e-02,  3.1072323536430052e-03,  1.9659595664951016e-01,  9.3686055243983113e-01, -9.1390521196581653e-01, -2.1201489765361368e-02,  4.6640311622209403e+00,  1.4592266238507997e+02
   159,  1.8893e+01,  3.3760142129745363e-01,  1.7761740355008109e+00,  3.7546900483552298e-01, -1.5167791942172975e-02,  3.1072323536430052e-03,  1.9659595664951016e-01,  9.3686055243983113e-01, -9.1390521196581653e-01, -2.1201489765361368e-02,  4.6640311622209403e+00,  1.4592266230862791e+02
   160,  1.9010e+01,  3.3760142129745363e-01,  1.7761740355008109e+00,  3.7546898993436179e-01, -1.5167806843334169e-02,  3.1072323536430052e-03,  1.9659595664951016e-01,  9.3686055243983113e-01, -9.1390521196581653e-01, -2.1201489765361368e-02,  4.6640311622209403e+00,  1.4592266258176966e+02
   161,  1.9127e+01,  3.3760142129745363e-01,  1.7761740355008109e+00,  3.7546898993436179e-01, -1.5167791942172975e-02,  3.1072472548041991e-03,  1.9659595664951016e-01,  9.3686055243983113e-01, -9.1390521196581653e-01, -2.1201489765361368e-02,  4.6640311622209403e+00,  1.4592266256536851e+02
   162,  1.9243e+01,  3.3760142129745363e-01,  1.7761740355008109e+00,  3.7546898993436179e-01, -1.5167791942172975e-02,  3.1072323536430052e-03,  1.9659597155067135e-01,  9.3686055243983113e-01, -9.1390521196581653e-01, -2.1201489765361368e-02,  4.6640311622209403e+00,  1.4592266221503948e+02
   163,  1.9358e+01,  3.3760142129745363e-01,  1.7761740355008109e+00,  3.7546898993436179e-01, -1.5167791942172975e-02,  3.1072323536430052e-03,  1.9659595664951016e-01,  9.3686056734099232e-01, -9.1390521196581653e-01, -2.1201489765361368e-02,  4.6640311622209403e+00,  1.4592266221798872e+02
   164,  1.9486e+01,  3.3760142129745363e-01,  1.7761740355008109e+00,  3.7546898993436179e-01, -1.5167791942172975e-02,  3.1072323536430052e-03,  1.9659595664951016e-01,  9.3686055243983113e-01, -9.1390522686697773e-01, -2.1201489765361368e-02,  4.6640311622209403e+00,  1.4592266224076135e+02
   165,  1.9603e+01,  3.3760142129745363e-01,  1.7761740355008109e+00,  3.7546898993436179e-01, -1.5167791942172975e-02,  3.1072323536430052e-03,  1.9659595664951016e-01,  9.3686055243983113e-01, -9.1390521196581653e-01, -2.1201504666522562e-02,  4.6640311622209403e+00,  1.4592266234726972e+02
   166,  1.9718e+01,  3.3760142129745363e-01,  1.7761740355008109e+00,  3.7546898993436179e-01, -1.5167791942172975e-02,  3.1072323536430052e-03,  1.9659595664951016e-01,  9.3686055243983113e-01, -9.1390521196581653e-01, -2.1201489765361368e-02,  4.6640312317204202e+00,  1.4592266190960876e+02
   167,  1.9833e+01,  3.4185161341604570e-01,  1.7807989639880710e+00,  3.7600695037196313e-01,  1.4295992520090867e-02, -2.5527666037025602e-02,  2.0764151437109030e-01,  9.5079053962865645e-01, -9.2219710710690694e-01, -1.8128846957388846e-02,  4.6749258662902351e+00,  1.4595894590925465e+02
   168,  1.9952e+01,  3.4081823216055623e-01,  1.7780538104405441e+00,  3.7634857056120447e-01, -8.0807820249298619e-03, -3.5963574193743240e-03,  1.9915053903319352e-01,  9.4028996759259686e-01, -9.1591097040604719e-01, -2.0402226117757535e-02,  4.6667292438048804e+00,  1.4547331937498049e+02
   169,  2.0073e+01,  3.4081824706171743e-01,  1.7780538104405441e+00,  3.7634857056120447e-01, -8.0807820249298619e-03, -3.5963574193743240e-03,  1.9915053903319352e-01,  9.4028996759259686e-01, -9.1591097040604719e-01, -2.0402226117757535e-02,  4.6667292438048804e+00,  1.4547331915756348e+02
   170,  2.0195e+01,  3.4081823216055623e-01,  1.7780538369356105e+00,  3.7634857056120447e-01, -8.0807820249298619e-03, -3.5963574193743240e-03,  1.9915053903319352e-01,  9.4028996759259686e-01, -9.1591097040604719e-01, -2.0402226117757535e-02,  4.6667292438048804e+00,  1.4547331929487319e+02
   171,  2.0314e+01,  3.4081823216055623e-01,  1.7780538104405441e+00,  3.7634858546236566e-01, -8.0807820249298619e-03, -3.5963574193743240e-03,  1.9915053903319352e-01,  9.4028996759259686e-01, -9.1591097040604719e-01, -2.0402226117757535e-02,  4.6667292438048804e+00,  1.4547331931114851e+02
   172,  2.0435e+01,  3.4081823216055623e-01,  1.7780538104405441e+00,  3.7634857056120447e-01, -8.0807969260910557e-03, -3.5963574193743240e-03,  1.9915053903319352e-01,  9.4028996759259686e-01, -9.1591097040604719e-01, -2.0402226117757535e-02,  4.6667292438048804e+00,  1.4547331963394001e+02
   173,  2.0557e+01,  3.4081823216055623e-01,  1.7780538104405441e+00,  3.7634857056120447e-01, -8.0807820249298619e-03, -3.5963723205355179e-03,  1.9915053903319352e-01,  9.4028996759259686e-01, -9.1591097040604719e-01, -2.0402226117757535e-02,  4.6667292438048804e+00,  1.4547331912814221e+02
   174,  2.0684e+01,  3.4081823216055623e-01,  1.7780538104405441e+00,  3.7634857056120447e-01, -8.0807820249298619e-03, -3.5963574193743240e-03,  1.9915055393435471e-01,  9.4028996759259686e-01, -9.1591097040604719e-01, -2.0402226117757535e-02,  4.6667292438048804e+00,  1.4547331928069673e+02
   175,  2.0825e+01,  3.4081823216055623e-01,  1.7780538104405441e+00,  3.7634857056120447e-01, -8.0807820249298619e-03, -3.5963574193743240e-03,  1.9915053903319352e-01,  9.4028998249375806e-01, -9.1591097040604719e-01, -2.0402226117757535e-02,  4.6667292438048804e+00,  1.4547331925139576e+02
   176,  2.0950e+01,  3.4081823216055623e-01,  1.7780538104405441e+00,  3.7634857056120447e-01, -8.0807820249298619e-03, -3.5963574193743240e-03,  1.9915053903319352e-01,  9.4028996759259686e-01, -9.1591098530720838e-01, -2.0402226117757535e-02,  4.6667292438048804e+00,  1.4547331930109067e+02
   177,  2.1072e+01,  3.4081823216055623e-01,  1.7780538104405441e+00,  3.7634857056120447e-01, -8.0807820249298619e-03, -3.5963574193743240e-03,  1.9915053903319352e-01,  9.4028996759259686e-01, -9.1591097040604719e-01, -2.0402241018918729e-02,  4.6667292438048804e+00,  1.4547331940356239e+02
   178,  2.1195e+01,  3.4081823216055623e-01,  1.7780538104405441e+00,  3.7634857056120447e-01, -8.0807820249298619e-03, -3.5963574193743240e-03,  1.9915053903319352e-01,  9.4028996759259686e-01, -9.1591097040604719e-01, -2.0402226117757535e-02,  4.6667293133445655e+00,  1.4547331893036912e+02
   179,  2.1322e+01,  3.4208025565121614e-01,  1.7805394109919099e+00,  3.7648934869239509e-01,  6.6972903869239892e-03, -1.7936590667863427e-02,  2.0472395700799251e-01,  9.4740203443422544e-01, -9.2000735354953533e-01, -1.8852158519525399e-02,  4.6719768063707523e+00,  1.4578714840319370e+02
   180,  2.1442e+01,  3.4154743610226290e-01,  1.7789209581219170e+00,  3.7662732527907639e-01, -4.4220542088349154e-03, -7.0990920644493629e-03,  2.0050007640333234e-01,  9.4208125275098231e-01, -9.1692933587660008e-01, -2.0003274987470010e-02,  4.6680592046421552e+00,  1.4549312369462731e+02
   181,  2.1563e+01,  3.4119739400849264e-01,  1.7782560490110799e+00,  3.7651007453315061e-01, -7.1931634086532092e-03, -4.4433243357695617e-03,  1.9947417967368655e-01,  9.4072342453522284e-01, -9.1616128230939398e-01, -2.0304541799942222e-02,  4.6670570303328516e+00,  1.4543832694839739e+02
   182,  2.1679e+01,  3.4119740890965383e-01,  1.7782560490110799e+00,  3.7651007453315061e-01, -7.1931634086532092e-03, -4.4433243357695617e-03,  1.9947417967368655e-01,  9.4072342453522284e-01, -9.1616128230939398e-01, -2.0304541799942222e-02,  4.6670570303328516e+00,  1.4543832671689773e+02
   183,  2.1805e+01,  3.4119739400849264e-01,  1.7782560755091599e+00,  3.7651007453315061e-01, -7.1931634086532092e-03, -4.4433243357695617e-03,  1.9947417967368655e-01,  9.4072342453522284e-01, -9.1616128230939398e-01, -2.0304541799942222e-02,  4.6670570303328516e+00,  1.4543832685415802e+02
   184,  2.1931e+01,  3.4119739400849264e-01,  1.7782560490110799e+00,  3.7651008943431180e-01, -7.1931634086532092e-03, -4.4433243357695617e-03,  1.9947417967368655e-01,  9.4072342453522284e-01, -9.1616128230939398e-01, -2.0304541799942222e-02,  4.6670570303328516e+00,  1.4543832693781621e+02
   185,  2.2058e+01,  3.4119739400849264e-01,  1.7782560490110799e+00,  3.7651007453315061e-01, -7.1931783098144030e-03, -4.4433243357695617e-03,  1.9947417967368655e-01,  9.4072342453522284e-01, -9.1616128230939398e-01, -2.0304541799942222e-02,  4.6670570303328516e+00,  1.4543832707636020e+02
   186,  2.2181e+01,  3.4119739400849264e-01,  1.7782560490110799e+00,  3.7651007453315061e-01, -7.1931634086532092e-03, -4.4433392369307555e-03,  1.9947417967368655e-01,  9.4072342453522284e-01, -9.1616128230939398e-01, -2.0304541799942222e-02,  4.6670570303328516e+00,  1.4543832681399428e+02
   187,  2.2303e+01,  3.4119739400849264e-01,  1.7782560490110799e+00,  3.7651007453315061e-01, -7.1931634086532092e-03, -4.4433243357695617e-03,  1.9947419457484775e-01,  9.4072342453522284e-01, -9.1616128230939398e-01, -2.0304541799942222e-02,  4.6670570303328516e+00,  1.4543832685552121e+02
   188,  2.2425e+01,  3.4119739400849264e-01,  1.7782560490110799e+00,  3.7651007453315061e-01, -7.1931634086532092e-03, -4.4433243357695617e-03,  1.9947417967368655e-01,  9.4072343943638403e-01, -9.1616128230939398e-01, -2.0304541799942222e-02,  4.6670570303328516e+00,  1.4543832682631452e+02
   189,  2.2547e+01,  3.4119739400849264e-01,  1.7782560490110799e+00,  3.7651007453315061e-01, -7.1931634086532092e-03, -4.4433243357695617e-03,  1.9947417967368655e-01,  9.4072342453522284e-01, -9.1616129721055517e-01, -2.0304541799942222e-02,  4.6670570303328516e+00,  1.4543832687893135e+02
   190,  2.2669e+01,  3.4119739400849264e-01,  1.7782560490110799e+00,  3.7651007453315061e-01, -7.1931634086532092e-03, -4.4433243357695617e-03,  1.9947417967368655e-01,  9.4072342453522284e-01, -9.1616128230939398e-01, -2.0304556701103416e-02,  4.6670570303328516e+00,  1.4543832701187767e+02
   191,  2.2788e+01,  3.4119739400849264e-01,  1.7782560490110799e+00,  3.7651007453315061e-01, -7.1931634086532092e-03, -4.4433243357695617e-03,  1.9947417967368655e-01,  9.4072342453522284e-01, -9.1616128230939398e-01, -2.0304541799942222e-02,  4.6670570998774208e+00,  1.4543832653241145e+02
