       0.10000D+01       0.68757D-05      -0.35019D-01       0.47795D+00       0.83507D-02
       0.20000D+01       0.63423D-03       0.11181D-01       0.48220D+00       0.58882D-02
       0.30000D+01       0.39014D-03      -0.98933D-02       0.48073D+00       0.84183D-02
       0.40000D+01       0.35488D-03      -0.16799D-01       0.48104D+00       0.12009D+00
       0.50000D+01       0.26761D-03       0.22035D-01       0.48064D+00       0.45983D+00
       0.60000D+01       0.45478D-03      -0.37228D-01       0.48135D+00       0.38357D+00
       0.70000D+01       0.45722D-03      -0.14423D-02       0.48102D+00       0.33031D+00
       0.80000D+01       0.47514D-03      -0.32365D-01       0.48054D+00       0.29032D+00
       0.90000D+01       0.49798D-03      -0.42471D-02       0.48131D+00       0.25794D+00
       0.10000D+02       0.47534D-03      -0.52954D-02       0.48088D+00       0.23303D+00
       0.11000D+02       0.46366D-03      -0.25448D-01       0.48093D+00       0.21299D+00
       0.12000D+02       0.45038D-03       0.30017D-01       0.48091D+00       0.19727D+00
       0.13000D+02       0.50656D-03      -0.35143D-01       0.48107D+00       0.18324D+00
       0.14000D+02       0.50794D-03      -0.32403D-02       0.48101D+00       0.17100D+00
       0.15000D+02       0.51815D-03      -0.23936D-01       0.48073D+00       0.16004D+00
       0.16000D+02       0.50350D-03      -0.21463D-01       0.48118D+00       0.14993D+00
       0.17000D+02       0.51107D-03      -0.34519D-02       0.48092D+00       0.22382D+00
       0.18000D+02       0.50450D-03      -0.34048D-01       0.48090D+00       0.21222D+00
       0.19000D+02       0.54088D-03       0.30839D-01       0.48099D+00       0.20156D+00
       0.20000D+02       0.53091D-03      -0.27092D-01       0.48099D+00       0.19192D+00
       0.21000D+02       0.52785D-03      -0.48057D-02       0.48100D+00       0.18337D+00
       0.22000D+02       0.51858D-03      -0.73993D-02       0.48082D+00       0.17562D+00
       0.23000D+02       0.52129D-03      -0.31525D-01       0.48111D+00       0.16816D+00
       0.24000D+02       0.52591D-03      -0.18332D-02       0.48094D+00       0.16173D+00
       0.25000D+02       0.51981D-03      -0.37344D-01       0.48088D+00       0.15580D+00
       0.26000D+02       0.56048D-03       0.23691D-01       0.48102D+00       0.15004D+00
       0.27000D+02       0.53274D-03      -0.18197D-01       0.48096D+00       0.14480D+00
       0.28000D+02       0.52678D-03      -0.88801D-02       0.48099D+00       0.15590D+00
       0.29000D+02       0.50662D-03       0.88613D-02       0.48087D+00       0.15070D+00
       0.30000D+02       0.52681D-03      -0.34619D-01       0.48107D+00       0.14595D+00
       0.31000D+02       0.52538D-03      -0.55846D-04       0.48096D+00       0.14151D+00
       0.32000D+02       0.52074D-03      -0.35443D-01       0.48087D+00       0.13753D+00
       0.33000D+02       0.54588D-03       0.13343D-01       0.48104D+00       0.13344D+00
       0.34000D+02       0.52527D-03      -0.10976D-01       0.48094D+00       0.12968D+00
       0.35000D+02       0.52000D-03      -0.15457D-01       0.48098D+00       0.13896D+00
       0.36000D+02       0.49991D-03       0.20319D-01       0.48091D+00       0.18561D+00
       0.37000D+02       0.52480D-03      -0.36968D-01       0.48103D+00       0.18070D+00
       0.38000D+02       0.52344D-03      -0.10531D-02       0.48097D+00       0.17623D+00
       0.39000D+02       0.52399D-03      -0.33016D-01       0.48088D+00       0.17197D+00
       0.40000D+02       0.53116D-03      -0.11751D-02       0.48104D+00       0.16768D+00
       0.41000D+02       0.52237D-03      -0.58828D-02       0.48094D+00       0.16379D+00
       0.42000D+02       0.51876D-03      -0.23818D-01       0.48096D+00       0.18057D+00
       0.43000D+02       0.51014D-03       0.28960D-01       0.48095D+00       0.17693D+00
       0.44000D+02       0.52767D-03      -0.36029D-01       0.48100D+00       0.17325D+00
       0.45000D+02       0.52783D-03      -0.30092D-02       0.48098D+00       0.16969D+00
       0.46000D+02       0.53093D-03      -0.26119D-01       0.48089D+00       0.16634D+00
       0.47000D+02       0.52644D-03      -0.18736D-01       0.48104D+00       0.16276D+00
       0.48000D+02       0.52745D-03      -0.36639D-02       0.48095D+00       0.18866D+00
       0.49000D+02       0.52483D-03      -0.32771D-01       0.48094D+00       0.18511D+00
       0.50000D+02       0.53518D-03       0.31392D-01       0.48097D+00       0.18160D+00
       0.51000D+02       0.53442D-03      -0.28723D-01       0.48098D+00       0.17822D+00
       0.52000D+02       0.53352D-03      -0.44061D-02       0.48098D+00       0.17505D+00
       0.53000D+02       0.53089D-03      -0.10576D-01       0.48090D+00       0.17192D+00
       0.54000D+02       0.53021D-03      -0.30447D-01       0.48103D+00       0.16882D+00
       0.55000D+02       0.53251D-03      -0.22038D-02       0.48095D+00       0.16600D+00
       0.56000D+02       0.52984D-03      -0.37279D-01       0.48093D+00       0.16328D+00
       0.57000D+02       0.54815D-03       0.25274D-01       0.48099D+00       0.16068D+00
       0.58000D+02       0.53630D-03      -0.19651D-01       0.48096D+00       0.15831D+00
       0.59000D+02       0.53366D-03      -0.79447D-02       0.48098D+00       0.15591D+00
       0.60000D+02       0.52460D-03       0.63674D-02       0.48092D+00       0.16746D+00
       0.61000D+02       0.53291D-03      -0.34232D-01       0.48102D+00       0.16478D+00
       0.62000D+02       0.53242D-03      -0.21853D-03       0.48096D+00       0.16226D+00
       0.63000D+02       0.52977D-03      -0.35884D-01       0.48092D+00       0.15990D+00
       0.64000D+02       0.54358D-03       0.15369D-01       0.48100D+00       0.15745D+00
       0.65000D+02       0.53236D-03      -0.12119D-01       0.48096D+00       0.15511D+00
       0.66000D+02       0.52950D-03      -0.14169D-01       0.48097D+00       0.15964D+00
       0.67000D+02       0.51853D-03       0.18540D-01       0.48094D+00       0.17086D+00
       0.68000D+02       0.53141D-03      -0.36607D-01       0.48100D+00       0.16841D+00
       0.69000D+02       0.53043D-03      -0.69136D-03       0.48097D+00       0.16613D+00
       0.70000D+02       0.53006D-03      -0.33531D-01       0.48092D+00       0.16391D+00
       0.71000D+02       0.53556D-03       0.17720D-02       0.48101D+00       0.16162D+00
       0.72000D+02       0.52947D-03      -0.65702D-02       0.48095D+00       0.15948D+00
       0.73000D+02       0.52731D-03      -0.22223D-01       0.48096D+00       0.16920D+00
       0.74000D+02       0.52062D-03       0.27708D-01       0.48095D+00       0.16716D+00
       0.75000D+02       0.53179D-03      -0.36688D-01       0.48099D+00       0.16508D+00
       0.76000D+02       0.53191D-03      -0.27440D-02       0.48097D+00       0.16308D+00
       0.77000D+02       0.53371D-03      -0.27992D-01       0.48092D+00       0.16117D+00
       0.78000D+02       0.53164D-03      -0.15805D-01       0.48101D+00       0.15915D+00
       0.79000D+02       0.53142D-03      -0.38986D-02       0.48095D+00       0.15738D+00
       0.80000D+02       0.52978D-03      -0.31346D-01       0.48095D+00       0.15560D+00
       0.81000D+02       0.53410D-03       0.31649D-01       0.48097D+00       0.15378D+00
       0.82000D+02       0.53557D-03      -0.30309D-01       0.48097D+00       0.15199D+00
       0.83000D+02       0.53518D-03      -0.40835D-02       0.48097D+00       0.15032D+00
       0.84000D+02       0.53436D-03      -0.13716D-01       0.48092D+00       0.14870D+00
       0.85000D+02       0.53296D-03      -0.29091D-01       0.48101D+00       0.14701D+00
       0.86000D+02       0.53460D-03      -0.25392D-02       0.48096D+00       0.14546D+00
       0.87000D+02       0.53296D-03      -0.37005D-01       0.48094D+00       0.14394D+00
       0.88000D+02       0.54445D-03       0.26763D-01       0.48098D+00       0.14248D+00
       0.89000D+02       0.53758D-03      -0.21161D-01       0.48096D+00       0.14096D+00
       0.90000D+02       0.53598D-03      -0.70959D-02       0.48097D+00       0.13952D+00
       0.91000D+02       0.53064D-03       0.36951D-02       0.48093D+00       0.14731D+00
       0.92000D+02       0.53509D-03      -0.33832D-01       0.48100D+00       0.14575D+00
       0.93000D+02       0.53506D-03      -0.47415D-03       0.48096D+00       0.14433D+00
       0.94000D+02       0.53321D-03      -0.36324D-01       0.48094D+00       0.14294D+00
       0.95000D+02       0.54308D-03       0.17284D-01       0.48099D+00       0.14147D+00
       0.96000D+02       0.53525D-03      -0.13319D-01       0.48096D+00       0.14006D+00
       0.97000D+02       0.53332D-03      -0.12932D-01       0.48097D+00       0.14331D+00
       0.98000D+02       0.52587D-03       0.16687D-01       0.48094D+00       0.15113D+00
       0.99000D+02       0.53423D-03      -0.36186D-01       0.48099D+00       0.14966D+00
       0.10000D+03       0.53346D-03      -0.38411D-03       0.48097D+00       0.14828D+00
       0.10100D+03       0.53281D-03      -0.33962D-01       0.48093D+00       0.14689D+00
       0.10200D+03       0.53763D-03       0.45624D-02       0.48099D+00       0.14546D+00
       0.10300D+03       0.53268D-03      -0.73554D-02       0.48096D+00       0.14416D+00
       0.10400D+03       0.53108D-03      -0.20676D-01       0.48096D+00       0.15098D+00
       0.10500D+03       0.52543D-03       0.26302D-01       0.48095D+00       0.14972D+00
       0.10600D+03       0.53383D-03      -0.37116D-01       0.48098D+00       0.14840D+00
       0.10700D+03       0.53379D-03      -0.24371D-02       0.48097D+00       0.14714D+00
       0.10800D+03       0.53494D-03      -0.29553D-01       0.48093D+00       0.14593D+00
       0.10900D+03       0.53412D-03      -0.12728D-01       0.48100D+00       0.14463D+00
       0.11000D+03       0.53330D-03      -0.41785D-02       0.48096D+00       0.14349D+00
       0.11100D+03       0.53208D-03      -0.29813D-01       0.48096D+00       0.14233D+00
       0.11200D+03       0.53367D-03       0.31601D-01       0.48096D+00       0.14115D+00
       0.11300D+03       0.53615D-03      -0.31812D-01       0.48097D+00       0.13996D+00
       0.11400D+03       0.53597D-03      -0.38203D-02       0.48097D+00       0.13880D+00
       0.11500D+03       0.53593D-03      -0.16754D-01       0.48093D+00       0.13772D+00
       0.11600D+03       0.53435D-03      -0.27432D-01       0.48099D+00       0.13658D+00
       0.11700D+03       0.53558D-03      -0.28325D-02       0.48096D+00       0.13553D+00
       0.11800D+03       0.53444D-03      -0.36504D-01       0.48095D+00       0.13449D+00
       0.11900D+03       0.54241D-03       0.28124D-01       0.48097D+00       0.13348D+00
       0.12000D+03       0.53810D-03      -0.22725D-01       0.48097D+00       0.13244D+00
       0.12100D+03       0.53701D-03      -0.63412D-02       0.48097D+00       0.13145D+00
       0.12200D+03       0.53358D-03       0.85243D-03       0.48094D+00       0.13393D+00
       0.12300D+03       0.53629D-03      -0.33379D-01       0.48099D+00       0.13287D+00
       0.12400D+03       0.53632D-03      -0.80150D-03       0.48096D+00       0.13191D+00
       0.12500D+03       0.53492D-03      -0.36730D-01       0.48094D+00       0.13097D+00
       0.12600D+03       0.54272D-03       0.19112D-01       0.48098D+00       0.12996D+00
       0.12700D+03       0.53671D-03      -0.14572D-01       0.48096D+00       0.12898D+00
       0.12800D+03       0.53527D-03      -0.11750D-01       0.48097D+00       0.13153D+00
       0.12900D+03       0.52977D-03       0.14739D-01       0.48095D+00       0.13053D+00
       0.13000D+03       0.53571D-03      -0.35743D-01       0.48099D+00       0.12958D+00
       0.13100D+03       0.53510D-03      -0.15597D-03       0.48097D+00       0.12868D+00
       0.13200D+03       0.53434D-03      -0.34355D-01       0.48094D+00       0.12777D+00
       0.13300D+03       0.53878D-03       0.71783D-02       0.48098D+00       0.12682D+00
       0.13400D+03       0.53451D-03      -0.82326D-02       0.48096D+00       0.12596D+00
       0.13500D+03       0.53321D-03      -0.19183D-01       0.48097D+00       0.13135D+00
       0.13600D+03       0.52830D-03       0.24781D-01       0.48095D+00       0.13056D+00
       0.13700D+03       0.53501D-03      -0.37321D-01       0.48098D+00       0.12972D+00
       0.13800D+03       0.53482D-03      -0.20894D-02       0.48097D+00       0.12888D+00
       0.13900D+03       0.53553D-03      -0.30818D-01       0.48094D+00       0.12808D+00
       0.14000D+03       0.53551D-03      -0.95690D-02       0.48099D+00       0.12719D+00
       0.14100D+03       0.53433D-03      -0.45238D-02       0.48096D+00       0.12634D+00
       0.14200D+03       0.53334D-03      -0.28208D-01       0.48096D+00       0.12555D+00
       0.14300D+03       0.53340D-03       0.31247D-01       0.48096D+00       0.12473D+00
       0.14400D+03       0.53641D-03      -0.33194D-01       0.48097D+00       0.12393D+00
       0.14500D+03       0.53633D-03      -0.35952D-02       0.48097D+00       0.12316D+00
       0.14600D+03       0.53666D-03      -0.19627D-01       0.48094D+00       0.12241D+00
       0.14700D+03       0.53514D-03      -0.25459D-01       0.48099D+00       0.12157D+00
       0.14800D+03       0.53601D-03      -0.30856D-02       0.48096D+00       0.12709D+00
       0.14900D+03       0.53515D-03      -0.35771D-01       0.48095D+00       0.12632D+00
       0.15000D+03       0.54082D-03       0.29319D-01       0.48097D+00       0.12554D+00
       0.15100D+03       0.53800D-03      -0.24333D-01       0.48097D+00       0.12478D+00
       0.15200D+03       0.53737D-03      -0.56855D-02       0.48097D+00       0.12403D+00
       0.15300D+03       0.53508D-03      -0.21384D-02       0.48094D+00       0.12606D+00
       0.15400D+03       0.53656D-03      -0.32827D-01       0.48099D+00       0.12527D+00
       0.15500D+03       0.53682D-03      -0.11749D-02       0.48096D+00       0.12455D+00
       0.15600D+03       0.53572D-03      -0.37064D-01       0.48095D+00       0.12384D+00
       0.15700D+03       0.54220D-03       0.20870D-01       0.48098D+00       0.12307D+00
       0.15800D+03       0.53735D-03      -0.15877D-01       0.48096D+00       0.12236D+00
       0.15900D+03       0.53621D-03      -0.10625D-01       0.48097D+00       0.12446D+00
       0.16000D+03       0.53197D-03       0.12673D-01       0.48095D+00       0.12370D+00
       0.16100D+03       0.53641D-03      -0.35306D-01       0.48098D+00       0.12298D+00
       0.16200D+03       0.53594D-03      -0.26075D-04       0.48096D+00       0.12230D+00
       0.16300D+03       0.53515D-03      -0.34744D-01       0.48095D+00       0.12160D+00
       0.16400D+03       0.53931D-03       0.96160D-02       0.48098D+00       0.12087D+00
       0.16500D+03       0.53551D-03      -0.91936D-02       0.48096D+00       0.12023D+00
       0.16600D+03       0.53442D-03      -0.17747D-01       0.48097D+00       0.12225D+00
       0.16700D+03       0.53014D-03       0.23173D-01       0.48096D+00       0.13240D+00
       0.16800D+03       0.53560D-03      -0.37325D-01       0.48098D+00       0.13163D+00
       0.16900D+03       0.53537D-03      -0.17103D-02       0.48097D+00       0.13091D+00
       0.17000D+03       0.53577D-03      -0.31815D-01       0.48094D+00       0.13019D+00
       0.17100D+03       0.53633D-03      -0.63933D-02       0.48098D+00       0.12943D+00
       0.17200D+03       0.53491D-03      -0.49508D-02       0.48096D+00       0.12872D+00
       0.17300D+03       0.53406D-03      -0.26570D-01       0.48096D+00       0.12806D+00
       0.17400D+03       0.53316D-03       0.30606D-01       0.48096D+00       0.12736D+00
       0.17500D+03       0.53642D-03      -0.34417D-01       0.48097D+00       0.12668D+00
       0.17600D+03       0.53640D-03      -0.33857D-02       0.48097D+00       0.12602D+00
       0.17700D+03       0.53692D-03      -0.22278D-01       0.48094D+00       0.12535D+00
       0.17800D+03       0.53556D-03      -0.23181D-01       0.48098D+00       0.12463D+00
       0.17900D+03       0.53615D-03      -0.33086D-02       0.48096D+00       0.13179D+00
       0.18000D+03       0.53543D-03      -0.34817D-01       0.48096D+00       0.13112D+00
       0.18100D+03       0.53953D-03       0.30305D-01       0.48097D+00       0.13045D+00
       0.18200D+03       0.53790D-03      -0.25969D-01       0.48097D+00       0.12979D+00
       0.18300D+03       0.53747D-03      -0.51296D-02       0.48097D+00       0.12914D+00
       0.18400D+03       0.53598D-03      -0.52412D-02       0.48095D+00       0.12849D+00
       0.18500D+03       0.53664D-03      -0.32122D-01       0.48098D+00       0.12782D+00
       0.18600D+03       0.53703D-03      -0.15673D-02       0.48096D+00       0.12721D+00
       0.18700D+03       0.53615D-03      -0.37282D-01       0.48095D+00       0.12660D+00
       0.18800D+03       0.54166D-03       0.22568D-01       0.48097D+00       0.12595D+00
       0.18900D+03       0.53769D-03      -0.17237D-01       0.48096D+00       0.12533D+00
       0.19000D+03       0.53677D-03      -0.95638D-02       0.48097D+00       0.12707D+00
       0.19100D+03       0.53343D-03       0.10463D-01       0.48095D+00       0.12643D+00
       0.19200D+03       0.53678D-03      -0.34890D-01       0.48098D+00       0.12581D+00
       0.19300D+03       0.53644D-03      -0.56009D-05       0.48096D+00       0.12520D+00
       0.19400D+03       0.53567D-03      -0.35151D-01       0.48095D+00       0.12463D+00
       0.19500D+03       0.53959D-03       0.11884D-01       0.48098D+00       0.12400D+00
       0.19600D+03       0.53617D-03      -0.10230D-01       0.48096D+00       0.12344D+00
       0.19700D+03       0.53523D-03      -0.16368D-01       0.48097D+00       0.12512D+00
       0.19800D+03       0.53147D-03       0.21497D-01       0.48096D+00       0.13367D+00
       0.19900D+03       0.53605D-03      -0.37159D-01       0.48098D+00       0.13302D+00
       0.20000D+03       0.53579D-03      -0.13174D-02       0.48097D+00       0.13241D+00
       0.20100D+03       0.53595D-03      -0.32590D-01       0.48095D+00       0.13180D+00
       0.20200D+03       0.53696D-03      -0.32610D-02       0.48098D+00       0.13115D+00
       0.20300D+03       0.53537D-03      -0.54710D-02       0.48096D+00       0.13054D+00
       0.20400D+03       0.53463D-03      -0.24928D-01       0.48096D+00       0.13416D+00
       0.20500D+03       0.53315D-03       0.29705D-01       0.48096D+00       0.13362D+00
       0.20600D+03       0.53647D-03      -0.35448D-01       0.48097D+00       0.13305D+00
       0.20700D+03       0.53648D-03      -0.31698D-02       0.48097D+00       0.13246D+00
       0.20800D+03       0.53706D-03      -0.24662D-01       0.48095D+00       0.13186D+00
       0.20900D+03       0.53594D-03      -0.20623D-01       0.48098D+00       0.13122D+00
       0.21000D+03       0.53626D-03      -0.35181D-02       0.48096D+00       0.13729D+00
       0.21100D+03       0.53563D-03      -0.33661D-01       0.48096D+00       0.13671D+00
       0.21200D+03       0.53850D-03       0.31045D-01       0.48097D+00       0.13611D+00
       0.21300D+03       0.53779D-03      -0.27612D-01       0.48097D+00       0.13551D+00
       0.21400D+03       0.53751D-03      -0.46696D-02       0.48097D+00       0.13494D+00
       0.21500D+03       0.53659D-03      -0.84077D-02       0.48095D+00       0.13437D+00
       0.21600D+03       0.53670D-03      -0.31211D-01       0.48098D+00       0.13377D+00
       0.21700D+03       0.53716D-03      -0.19538D-02       0.48096D+00       0.13322D+00
       0.21800D+03       0.53643D-03      -0.37345D-01       0.48095D+00       0.13267D+00
       0.21900D+03       0.54115D-03       0.24202D-01       0.48097D+00       0.13209D+00
       0.22000D+03       0.53791D-03      -0.18652D-01       0.48096D+00       0.13153D+00
       0.22100D+03       0.53716D-03      -0.85743D-02       0.48097D+00       0.13099D+00
       0.22200D+03       0.53450D-03       0.80892D-02       0.48095D+00       0.13043D+00
       0.22300D+03       0.53702D-03      -0.34496D-01       0.48098D+00       0.12986D+00
       0.22400D+03       0.53679D-03      -0.96332D-04       0.48096D+00       0.12932D+00
       0.22500D+03       0.53606D-03      -0.35582D-01       0.48095D+00       0.12880D+00
       0.22600D+03       0.53976D-03       0.14000D-01       0.48097D+00       0.12825D+00
       0.22700D+03       0.53664D-03      -0.11332D-01       0.48096D+00       0.12771D+00
       0.22800D+03       0.53582D-03      -0.15043D-01       0.48097D+00       0.12914D+00
       0.22900D+03       0.53253D-03       0.19761D-01       0.48096D+00       0.13453D+00
       0.23000D+03       0.53639D-03      -0.36863D-01       0.48098D+00       0.13396D+00
       0.23100D+03       0.53610D-03      -0.93393D-03       0.48097D+00       0.13343D+00
       0.23200D+03       0.53608D-03      -0.33192D-01       0.48095D+00       0.13290D+00
       0.23300D+03       0.53742D-03      -0.22436D-03       0.48098D+00       0.13233D+00
       0.23400D+03       0.53573D-03      -0.60901D-02       0.48096D+00       0.13180D+00
       0.23500D+03       0.53506D-03      -0.23308D-01       0.48096D+00       0.13494D+00
       0.23600D+03       0.53323D-03       0.28582D-01       0.48096D+00       0.13447D+00
       0.23700D+03       0.53650D-03      -0.36263D-01       0.48097D+00       0.13396D+00
       0.23800D+03       0.53655D-03      -0.29292D-02       0.48097D+00       0.13346D+00
       0.23900D+03       0.53710D-03      -0.26747D-01       0.48095D+00       0.13296D+00
       0.24000D+03       0.53627D-03      -0.17825D-01       0.48098D+00       0.13242D+00
       0.24100D+03       0.53634D-03      -0.37348D-02       0.48096D+00       0.13195D+00
       0.24200D+03       0.53579D-03      -0.32333D-01       0.48096D+00       0.13147D+00
       0.24300D+03       0.53766D-03       0.31506D-01       0.48097D+00       0.13097D+00
       0.24400D+03       0.53770D-03      -0.29233D-01       0.48097D+00       0.13046D+00
       0.24500D+03       0.53752D-03      -0.42960D-02       0.48097D+00       0.12999D+00
       0.24600D+03       0.53702D-03      -0.11580D-01       0.48095D+00       0.12951D+00
       0.24700D+03       0.53675D-03      -0.30048D-01       0.48098D+00       0.12901D+00
       0.24800D+03       0.53726D-03      -0.23145D-02       0.48096D+00       0.12854D+00
       0.24900D+03       0.53665D-03      -0.37216D-01       0.48096D+00       0.12808D+00
       0.25000D+03       0.54076D-03       0.25758D-01       0.48097D+00       0.12763D+00
       0.25100D+03       0.53813D-03      -0.20124D-01       0.48096D+00       0.12715D+00
       0.25200D+03       0.53753D-03      -0.76655D-02       0.48097D+00       0.12669D+00
       0.25300D+03       0.53542D-03       0.55386D-02       0.48095D+00       0.12954D+00
       0.25400D+03       0.53727D-03      -0.34108D-01       0.48098D+00       0.12905D+00
       0.25500D+03       0.53716D-03      -0.29041D-03       0.48096D+00       0.12858D+00
       0.25600D+03       0.53649D-03      -0.36025D-01       0.48095D+00       0.12813D+00
       0.25700D+03       0.53997D-03       0.15988D-01       0.48097D+00       0.12764D+00
       0.25800D+03       0.53712D-03      -0.12494D-01       0.48096D+00       0.12717D+00
       0.25900D+03       0.53639D-03      -0.13771D-01       0.48097D+00       0.12843D+00
       0.26000D+03       0.53352D-03       0.17961D-01       0.48096D+00       0.13144D+00
       0.26100D+03       0.53679D-03      -0.36478D-01       0.48097D+00       0.13095D+00
       0.26200D+03       0.53650D-03      -0.58663D-03       0.48097D+00       0.13050D+00
       0.26300D+03       0.53633D-03      -0.33675D-01       0.48095D+00       0.13004D+00
       0.26400D+03       0.53792D-03       0.26758D-02       0.48098D+00       0.12956D+00
       0.26500D+03       0.53616D-03      -0.68090D-02       0.48096D+00       0.12910D+00
       0.26600D+03       0.53556D-03      -0.21726D-01       0.48096D+00       0.13188D+00
       0.26700D+03       0.53354D-03       0.27277D-01       0.48096D+00       0.13145D+00
       0.26800D+03       0.53669D-03      -0.36849D-01       0.48097D+00       0.13100D+00
       0.26900D+03       0.53670D-03      -0.26512D-02       0.48097D+00       0.13056D+00
       0.27000D+03       0.53718D-03      -0.28521D-01       0.48095D+00       0.13014D+00
       0.27100D+03       0.53665D-03      -0.14841D-01       0.48098D+00       0.12967D+00
       0.27200D+03       0.53648D-03      -0.39815D-02       0.48096D+00       0.12927D+00
       0.27300D+03       0.53599D-03      -0.30870D-01       0.48096D+00       0.12885D+00
       0.27400D+03       0.53705D-03       0.31667D-01       0.48096D+00       0.12841D+00
       0.27500D+03       0.53766D-03      -0.30797D-01       0.48097D+00       0.12796D+00
       0.27600D+03       0.53756D-03      -0.39944D-02       0.48097D+00       0.12755D+00
       0.27700D+03       0.53737D-03      -0.14695D-01       0.48095D+00       0.12714D+00
       0.27800D+03       0.53686D-03      -0.28598D-01       0.48098D+00       0.12670D+00
       0.27900D+03       0.53735D-03      -0.26369D-02       0.48096D+00       0.12629D+00
       0.28000D+03       0.53685D-03      -0.36871D-01       0.48096D+00       0.12589D+00
       0.28100D+03       0.54037D-03       0.27210D-01       0.48097D+00       0.12550D+00
       0.28200D+03       0.53831D-03      -0.21652D-01       0.48096D+00       0.12508D+00
       0.28300D+03       0.53782D-03      -0.68458D-02       0.48097D+00       0.12468D+00
       0.28400D+03       0.53617D-03       0.28107D-02       0.48095D+00       0.12577D+00
       0.28500D+03       0.53750D-03      -0.33696D-01       0.48098D+00       0.12534D+00
       0.28600D+03       0.53751D-03      -0.57137D-03       0.48096D+00       0.12495D+00
       0.28700D+03       0.53689D-03      -0.36458D-01       0.48096D+00       0.12456D+00
       0.28800D+03       0.54019D-03       0.17873D-01       0.48097D+00       0.12414D+00
       0.28900D+03       0.53758D-03      -0.13711D-01       0.48096D+00       0.12373D+00
       0.29000D+03       0.53694D-03      -0.12551D-01       0.48097D+00       0.12487D+00
       0.29100D+03       0.53443D-03       0.16080D-01       0.48096D+00       0.12445D+00
       0.29200D+03       0.53718D-03      -0.36046D-01       0.48097D+00       0.12404D+00
       0.29300D+03       0.53691D-03      -0.30204D-03       0.48096D+00       0.12366D+00
       0.29400D+03       0.53663D-03      -0.34089D-01       0.48095D+00       0.12327D+00
       0.29500D+03       0.53840D-03       0.54120D-02       0.48097D+00       0.12285D+00
       0.29600D+03       0.53660D-03      -0.76241D-02       0.48096D+00       0.12248D+00
       0.29700D+03       0.53603D-03      -0.20196D-01       0.48096D+00       0.12494D+00
       0.29800D+03       0.53392D-03       0.25831D-01       0.48096D+00       0.12458D+00
       0.29900D+03       0.53691D-03      -0.37205D-01       0.48097D+00       0.12420D+00
       0.30000D+03       0.53685D-03      -0.23309D-02       0.48097D+00       0.12383D+00
       0.30100D+03       0.53722D-03      -0.29985D-01       0.48095D+00       0.12347D+00
       0.30200D+03       0.53701D-03      -0.11731D-01       0.48098D+00       0.12308D+00
       0.30300D+03       0.53662D-03      -0.42801D-02       0.48096D+00       0.12273D+00
       0.30400D+03       0.53617D-03      -0.29309D-01       0.48096D+00       0.12238D+00
       0.30500D+03       0.53656D-03       0.31521D-01       0.48096D+00       0.12201D+00
       0.30600D+03       0.53762D-03      -0.32266D-01       0.48097D+00       0.12163D+00
       0.30700D+03       0.53756D-03      -0.37457D-02       0.48097D+00       0.12127D+00
       0.30800D+03       0.53760D-03      -0.17686D-01       0.48095D+00       0.12092D+00
       0.30900D+03       0.53696D-03      -0.26839D-01       0.48098D+00       0.12054D+00
       0.31000D+03       0.53741D-03      -0.29168D-02       0.48096D+00       0.12020D+00
       0.31100D+03       0.53698D-03      -0.36296D-01       0.48096D+00       0.11985D+00
       0.31200D+03       0.53993D-03       0.28523D-01       0.48097D+00       0.11950D+00
       0.31300D+03       0.53839D-03      -0.23231D-01       0.48096D+00       0.11915D+00
       0.31400D+03       0.53798D-03      -0.61222D-02       0.48097D+00       0.11881D+00
       0.31500D+03       0.53671D-03      -0.82141D-04       0.48095D+00       0.11981D+00
       0.31600D+03       0.53766D-03      -0.33217D-01       0.48097D+00       0.11944D+00
       0.31700D+03       0.53770D-03      -0.91626D-03       0.48096D+00       0.11911D+00
       0.31800D+03       0.53715D-03      -0.36846D-01       0.48096D+00       0.11878D+00
       0.31900D+03       0.54026D-03       0.19677D-01       0.48097D+00       0.11842D+00
       0.32000D+03       0.53787D-03      -0.14981D-01       0.48096D+00       0.11807D+00
       0.32100D+03       0.53729D-03      -0.11386D-01       0.48097D+00       0.11913D+00
       0.32200D+03       0.53511D-03       0.14098D-01       0.48096D+00       0.11877D+00
       0.32300D+03       0.53744D-03      -0.35603D-01       0.48097D+00       0.11842D+00
       0.32400D+03       0.53719D-03      -0.10336D-03       0.48096D+00       0.11809D+00
       0.32500D+03       0.53684D-03      -0.34477D-01       0.48095D+00       0.11776D+00
       0.32600D+03       0.53874D-03       0.79711D-02       0.48097D+00       0.11739D+00
       0.32700D+03       0.53693D-03      -0.85289D-02       0.48096D+00       0.11708D+00
       0.32800D+03       0.53639D-03      -0.18721D-01       0.48096D+00       0.11675D+00
       0.32900D+03       0.53429D-03       0.24279D-01       0.48096D+00       0.11647D+00
       0.33000D+03       0.53705D-03      -0.37343D-01       0.48097D+00       0.11614D+00
       0.33100D+03       0.53695D-03      -0.19718D-02       0.48097D+00       0.11582D+00
       0.33200D+03       0.53721D-03      -0.31161D-01       0.48095D+00       0.11552D+00
       0.33300D+03       0.53729D-03      -0.85599D-02       0.48097D+00       0.11519D+00
       0.33400D+03       0.53671D-03      -0.46498D-02       0.48096D+00       0.11487D+00
       0.33500D+03       0.53628D-03      -0.27690D-01       0.48096D+00       0.11457D+00
       0.33600D+03       0.53613D-03       0.31074D-01       0.48096D+00       0.11425D+00
       0.33700D+03       0.53755D-03      -0.33601D-01       0.48097D+00       0.11394D+00
       0.33800D+03       0.53752D-03      -0.35281D-02       0.48097D+00       0.11363D+00
       0.33900D+03       0.53770D-03      -0.20494D-01       0.48095D+00       0.11334D+00
       0.34000D+03       0.53702D-03      -0.24768D-01       0.48097D+00       0.11301D+00
       0.34100D+03       0.53737D-03      -0.31590D-02       0.48096D+00       0.11680D+00
       0.34200D+03       0.53699D-03      -0.35492D-01       0.48096D+00       0.11649D+00
       0.34300D+03       0.53938D-03       0.29656D-01       0.48097D+00       0.11618D+00
       0.34400D+03       0.53825D-03      -0.24850D-01       0.48097D+00       0.11587D+00
       0.34500D+03       0.53799D-03      -0.54983D-02       0.48097D+00       0.11557D+00
       0.34600D+03       0.53705D-03      -0.31131D-02       0.48096D+00       0.11649D+00
       0.34700D+03       0.53760D-03      -0.32622D-01       0.48097D+00       0.11616D+00
       0.34800D+03       0.53774D-03      -0.12986D-02       0.48096D+00       0.11587D+00
       0.34900D+03       0.53726D-03      -0.37148D-01       0.48096D+00       0.11558D+00
       0.35000D+03       0.54018D-03       0.21415D-01       0.48097D+00       0.11526D+00
       0.35100D+03       0.53801D-03      -0.16303D-01       0.48096D+00       0.11496D+00
       0.35200D+03       0.53750D-03      -0.10281D-01       0.48097D+00       0.11593D+00
       0.35300D+03       0.53561D-03       0.11988D-01       0.48096D+00       0.11561D+00
       0.35400D+03       0.53756D-03      -0.35171D-01       0.48097D+00       0.11530D+00
       0.35500D+03       0.53735D-03      -0.74276D-05       0.48096D+00       0.11502D+00
       0.35600D+03       0.53696D-03      -0.34871D-01       0.48096D+00       0.11472D+00
       0.35700D+03       0.53895D-03       0.10353D-01       0.48097D+00       0.11440D+00
       0.35800D+03       0.53716D-03      -0.95147D-02       0.48096D+00       0.11412D+00
       0.35900D+03       0.53665D-03      -0.17303D-01       0.48097D+00       0.11507D+00
       0.36000D+03       0.53462D-03       0.22648D-01       0.48096D+00       0.11980D+00
       0.36100D+03       0.53715D-03      -0.37289D-01       0.48097D+00       0.11948D+00
       0.36200D+03       0.53703D-03      -0.15861D-02       0.48097D+00       0.11918D+00
       0.36300D+03       0.53718D-03      -0.32083D-01       0.48095D+00       0.11888D+00
       0.36400D+03       0.53754D-03      -0.53918D-02       0.48097D+00       0.11855D+00
       0.36500D+03       0.53680D-03      -0.51054D-02       0.48096D+00       0.11825D+00
       0.36600D+03       0.53639D-03      -0.26048D-01       0.48096D+00       0.11796D+00
       0.36700D+03       0.53582D-03       0.30347D-01       0.48096D+00       0.11770D+00
       0.36800D+03       0.53747D-03      -0.34766D-01       0.48097D+00       0.11742D+00
       0.36900D+03       0.53746D-03      -0.33188D-02       0.48097D+00       0.11715D+00
       0.37000D+03       0.53773D-03      -0.23065D-01       0.48095D+00       0.11685D+00
       0.37100D+03       0.53708D-03      -0.22398D-01       0.48097D+00       0.11653D+00
       0.37200D+03       0.53733D-03      -0.33756D-02       0.48096D+00       0.12000D+00
       0.37300D+03       0.53698D-03      -0.34470D-01       0.48096D+00       0.11972D+00
       0.37400D+03       0.53885D-03       0.30569D-01       0.48097D+00       0.11942D+00
       0.37500D+03       0.53818D-03      -0.26491D-01       0.48097D+00       0.11913D+00
       0.37600D+03       0.53799D-03      -0.49735D-02       0.48097D+00       0.11885D+00
       0.37700D+03       0.53732D-03      -0.62419D-02       0.48096D+00       0.11855D+00
       0.37800D+03       0.53756D-03      -0.31857D-01       0.48097D+00       0.11825D+00
       0.37900D+03       0.53777D-03      -0.16917D-02       0.48096D+00       0.11798D+00
       0.38000D+03       0.53734D-03      -0.37321D-01       0.48096D+00       0.11770D+00
       0.38100D+03       0.54006D-03       0.23094D-01       0.48097D+00       0.11740D+00
       0.38200D+03       0.53812D-03      -0.17680D-01       0.48096D+00       0.11712D+00
       0.38300D+03       0.53768D-03      -0.92416D-02       0.48097D+00       0.11800D+00
       0.38400D+03       0.53605D-03       0.97283D-02       0.48096D+00       0.11771D+00
       0.38500D+03       0.53765D-03      -0.34763D-01       0.48097D+00       0.11742D+00
       0.38600D+03       0.53748D-03      -0.22538D-04       0.48096D+00       0.11714D+00
       0.38700D+03       0.53708D-03      -0.35285D-01       0.48096D+00       0.11687D+00
       0.38800D+03       0.53911D-03       0.12571D-01       0.48097D+00       0.11658D+00
       0.38900D+03       0.53736D-03      -0.10573D-01       0.48096D+00       0.11632D+00
       0.39000D+03       0.53688D-03      -0.15941D-01       0.48097D+00       0.11718D+00
       0.39100D+03       0.53496D-03       0.20953D-01       0.48096D+00       0.12153D+00
       0.39200D+03       0.53726D-03      -0.37077D-01       0.48097D+00       0.12123D+00
       0.39300D+03       0.53711D-03      -0.11934D-02       0.48097D+00       0.12095D+00
       0.39400D+03       0.53716D-03      -0.32797D-01       0.48096D+00       0.12067D+00
       0.39500D+03       0.53776D-03      -0.22847D-02       0.48097D+00       0.12037D+00
       0.39600D+03       0.53689D-03      -0.56566D-02       0.48096D+00       0.12008D+00
       0.39700D+03       0.53650D-03      -0.24410D-01       0.48096D+00       0.12197D+00
       0.39800D+03       0.53562D-03       0.29371D-01       0.48096D+00       0.12172D+00
       0.39900D+03       0.53741D-03      -0.35731D-01       0.48097D+00       0.12145D+00
       0.40000D+03       0.53741D-03      -0.30969D-02       0.48097D+00       0.12118D+00
       0.40100D+03       0.53772D-03      -0.25357D-01       0.48096D+00       0.12092D+00
       0.40200D+03       0.53716D-03      -0.19759D-01       0.48097D+00       0.12061D+00
       0.40300D+03       0.53729D-03      -0.35850D-02       0.48096D+00       0.12380D+00
       0.40400D+03       0.53696D-03      -0.33256D-01       0.48096D+00       0.12353D+00
       0.40500D+03       0.53834D-03       0.31223D-01       0.48097D+00       0.12325D+00
       0.40600D+03       0.53809D-03      -0.28130D-01       0.48097D+00       0.12297D+00
       0.40700D+03       0.53796D-03      -0.45422D-02       0.48097D+00       0.12270D+00
       0.40800D+03       0.53753D-03      -0.94169D-02       0.48096D+00       0.12243D+00
       0.40900D+03       0.53751D-03      -0.30871D-01       0.48097D+00       0.12214D+00
       0.41000D+03       0.53777D-03      -0.20718D-02       0.48096D+00       0.12188D+00
       0.41100D+03       0.53739D-03      -0.37326D-01       0.48096D+00       0.12162D+00
       0.41200D+03       0.53992D-03       0.24706D-01       0.48097D+00       0.12136D+00
       0.41300D+03       0.53823D-03      -0.19113D-01       0.48096D+00       0.12112D+00
       0.41400D+03       0.53784D-03      -0.82767D-02       0.48097D+00       0.12087D+00
       0.41500D+03       0.53646D-03       0.72991D-02       0.48096D+00       0.12059D+00
       0.41600D+03       0.53774D-03      -0.34373D-01       0.48097D+00       0.12031D+00
       0.41700D+03       0.53763D-03      -0.14738D-03       0.48096D+00       0.12005D+00
       0.41800D+03       0.53723D-03      -0.35722D-01       0.48096D+00       0.11979D+00
       0.41900D+03       0.53926D-03       0.14643D-01       0.48097D+00       0.11951D+00
       0.42000D+03       0.53756D-03      -0.11695D-01       0.48096D+00       0.11924D+00
       0.42100D+03       0.53711D-03      -0.14633D-01       0.48097D+00       0.12004D+00
       0.42200D+03       0.53533D-03       0.19198D-01       0.48096D+00       0.12191D+00
       0.42300D+03       0.53740D-03      -0.36748D-01       0.48097D+00       0.12163D+00
       0.42400D+03       0.53724D-03      -0.81853D-03       0.48097D+00       0.12137D+00
       0.42500D+03       0.53719D-03      -0.33356D-01       0.48096D+00       0.12111D+00
       0.42600D+03       0.53800D-03       0.71242D-03       0.48097D+00       0.12083D+00
       0.42700D+03       0.53702D-03      -0.63075D-02       0.48096D+00       0.12057D+00
       0.42800D+03       0.53665D-03      -0.22801D-01       0.48096D+00       0.12231D+00
       0.42900D+03       0.53555D-03       0.28185D-01       0.48096D+00       0.12207D+00
       0.43000D+03       0.53741D-03      -0.36474D-01       0.48097D+00       0.12181D+00
       0.43100D+03       0.53743D-03      -0.28455D-02       0.48097D+00       0.12156D+00
       0.43200D+03       0.53773D-03      -0.27344D-01       0.48096D+00       0.12131D+00
       0.43300D+03       0.53731D-03      -0.16896D-01       0.48097D+00       0.12104D+00
       0.43400D+03       0.53730D-03      -0.38088D-02       0.48096D+00       0.12081D+00
       0.43500D+03       0.53699D-03      -0.31881D-01       0.48096D+00       0.12057D+00
       0.43600D+03       0.53791D-03       0.31591D-01       0.48096D+00       0.12031D+00
       0.43700D+03       0.53805D-03      -0.29737D-01       0.48097D+00       0.12005D+00
       0.43800D+03       0.53796D-03      -0.41934D-02       0.48097D+00       0.11981D+00
       0.43900D+03       0.53773D-03      -0.12578D-01       0.48096D+00       0.11956D+00
       0.44000D+03       0.53752D-03      -0.29620D-01       0.48097D+00       0.11930D+00
       0.44100D+03       0.53782D-03      -0.24214D-02       0.48096D+00       0.11906D+00
       0.44200D+03       0.53748D-03      -0.37131D-01       0.48096D+00       0.11882D+00
       0.44300D+03       0.53979D-03       0.26232D-01       0.48097D+00       0.11859D+00
       0.44400D+03       0.53836D-03      -0.20603D-01       0.48096D+00       0.11834D+00
       0.44500D+03       0.53803D-03      -0.73953D-02       0.48097D+00       0.11810D+00
       0.44600D+03       0.53687D-03       0.46917D-02       0.48096D+00       0.11974D+00
       0.44700D+03       0.53786D-03      -0.33981D-01       0.48097D+00       0.11948D+00
       0.44800D+03       0.53782D-03      -0.37120D-03       0.48096D+00       0.11923D+00
       0.44900D+03       0.53743D-03      -0.36165D-01       0.48096D+00       0.11900D+00
       0.45000D+03       0.53946D-03       0.16596D-01       0.48097D+00       0.11874D+00
       0.45100D+03       0.53781D-03      -0.12875D-01       0.48096D+00       0.11849D+00
       0.45200D+03       0.53740D-03      -0.13378D-01       0.48097D+00       0.11923D+00
       0.45300D+03       0.53576D-03       0.17373D-01       0.48096D+00       0.12098D+00
       0.45400D+03       0.53760D-03      -0.36344D-01       0.48097D+00       0.12072D+00
       0.45500D+03       0.53743D-03      -0.48836D-03       0.48096D+00       0.12048D+00
       0.45600D+03       0.53730D-03      -0.33811D-01       0.48096D+00       0.12024D+00
       0.45700D+03       0.53829D-03       0.35628D-02       0.48097D+00       0.11998D+00
       0.45800D+03       0.53722D-03      -0.70576D-02       0.48096D+00       0.11974D+00
       0.45900D+03       0.53686D-03      -0.21235D-01       0.48096D+00       0.12134D+00
       0.46000D+03       0.53562D-03       0.26831D-01       0.48096D+00       0.12112D+00
       0.46100D+03       0.53749D-03      -0.36986D-01       0.48097D+00       0.12088D+00
       0.46200D+03       0.53749D-03      -0.25542D-02       0.48097D+00       0.12064D+00
       0.46300D+03       0.53776D-03      -0.29019D-01       0.48096D+00       0.12042D+00
       0.46400D+03       0.53750D-03      -0.13865D-01       0.48097D+00       0.12017D+00
       0.46500D+03       0.53735D-03      -0.40697D-02       0.48096D+00       0.11995D+00
       0.46600D+03       0.53706D-03      -0.30383D-01       0.48096D+00       0.11973D+00
       0.46700D+03       0.53756D-03       0.31654D-01       0.48096D+00       0.11949D+00
       0.46800D+03       0.53802D-03      -0.31275D-01       0.48097D+00       0.11925D+00
       0.46900D+03       0.53797D-03      -0.39108D-02       0.48097D+00       0.11903D+00
       0.47000D+03       0.53790D-03      -0.15660D-01       0.48096D+00       0.11880D+00
       0.47100D+03       0.53756D-03      -0.28074D-01       0.48097D+00       0.11856D+00
       0.47200D+03       0.53785D-03      -0.27303D-02       0.48096D+00       0.11834D+00
       0.47300D+03       0.53756D-03      -0.36714D-01       0.48096D+00       0.11812D+00
       0.47400D+03       0.53960D-03       0.27644D-01       0.48097D+00       0.11790D+00
       0.47500D+03       0.53845D-03      -0.22148D-01       0.48096D+00       0.11767D+00
       0.47600D+03       0.53816D-03      -0.66056D-02       0.48097D+00       0.11745D+00
       0.47700D+03       0.53723D-03       0.19094D-02       0.48096D+00       0.11811D+00
       0.47800D+03       0.53795D-03      -0.33553D-01       0.48097D+00       0.11787D+00
       0.47900D+03       0.53798D-03      -0.67519D-03       0.48096D+00       0.11765D+00
       0.48000D+03       0.53761D-03      -0.36588D-01       0.48096D+00       0.11744D+00
       0.48100D+03       0.53961D-03       0.18453D-01       0.48097D+00       0.11720D+00
       0.48200D+03       0.53804D-03      -0.14108D-01       0.48096D+00       0.11697D+00
       0.48300D+03       0.53765D-03      -0.12175D-01       0.48097D+00       0.11767D+00
       0.48400D+03       0.53616D-03       0.15463D-01       0.48096D+00       0.11743D+00
       0.48500D+03       0.53778D-03      -0.35905D-01       0.48097D+00       0.11720D+00
       0.48600D+03       0.53761D-03      -0.22879D-03       0.48096D+00       0.11698D+00
       0.48700D+03       0.53742D-03      -0.34213D-01       0.48096D+00       0.11676D+00
       0.48800D+03       0.53855D-03       0.62436D-02       0.48097D+00       0.11653D+00
       0.48900D+03       0.53743D-03      -0.79020D-02       0.48096D+00       0.11631D+00
       0.49000D+03       0.53707D-03      -0.19722D-01       0.48096D+00       0.11781D+00
       0.49100D+03       0.53574D-03       0.25348D-01       0.48096D+00       0.11761D+00
       0.49200D+03       0.53758D-03      -0.37271D-01       0.48097D+00       0.11739D+00
       0.49300D+03       0.53753D-03      -0.22207D-02       0.48097D+00       0.11718D+00
       0.49400D+03       0.53775D-03      -0.30389D-01       0.48096D+00       0.11698D+00
       0.49500D+03       0.53767D-03      -0.10728D-01       0.48097D+00       0.11675D+00
       0.49600D+03       0.53738D-03      -0.43890D-02       0.48096D+00       0.11655D+00
       0.49700D+03       0.53710D-03      -0.28800D-01       0.48096D+00       0.11635D+00
       0.49800D+03       0.53723D-03       0.31411D-01       0.48096D+00       0.11613D+00
       0.49900D+03       0.53798D-03      -0.32706D-01       0.48097D+00       0.11592D+00
       0.50000D+03       0.53795D-03      -0.36744D-02       0.48097D+00       0.11570D+00
       0.50100D+03       0.53801D-03      -0.18600D-01       0.48096D+00       0.11550D+00
       0.50200D+03       0.53758D-03      -0.26216D-01       0.48097D+00       0.11527D+00
       0.50300D+03       0.53784D-03      -0.29974D-02       0.48096D+00       0.11690D+00
       0.50400D+03       0.53758D-03      -0.36065D-01       0.48096D+00       0.11670D+00
       0.50500D+03       0.53933D-03       0.28904D-01       0.48097D+00       0.11648D+00
       0.50600D+03       0.53845D-03      -0.23741D-01       0.48096D+00       0.11627D+00
       0.50700D+03       0.53820D-03      -0.59134D-02       0.48097D+00       0.11607D+00
       0.50800D+03       0.53746D-03      -0.10309D-02       0.48096D+00       0.11669D+00
       0.50900D+03       0.53798D-03      -0.33044D-01       0.48097D+00       0.11647D+00
       0.51000D+03       0.53803D-03      -0.10349D-02       0.48096D+00       0.11627D+00
       0.51100D+03       0.53769D-03      -0.36953D-01       0.48096D+00       0.11607D+00
       0.51200D+03       0.53965D-03       0.20235D-01       0.48097D+00       0.11585D+00
       0.51300D+03       0.53815D-03      -0.15395D-01       0.48096D+00       0.11564D+00
       0.51400D+03       0.53780D-03      -0.11029D-01       0.48097D+00       0.11630D+00
       0.51500D+03       0.53645D-03       0.13443D-01       0.48096D+00       0.11608D+00
       0.51600D+03       0.53787D-03      -0.35464D-01       0.48097D+00       0.11587D+00
       0.51700D+03       0.53772D-03      -0.61269D-04       0.48096D+00       0.11567D+00
       0.51800D+03       0.53748D-03      -0.34601D-01       0.48096D+00       0.11547D+00
       0.51900D+03       0.53873D-03       0.87460D-02       0.48097D+00       0.11525D+00
       0.52000D+03       0.53756D-03      -0.88335D-02       0.48096D+00       0.11506D+00
       0.52100D+03       0.53721D-03      -0.18265D-01       0.48096D+00       0.11571D+00
       0.52200D+03       0.53586D-03       0.23769D-01       0.48096D+00       0.11897D+00
       0.52300D+03       0.53760D-03      -0.37345D-01       0.48097D+00       0.11962D+00
       0.52400D+03       0.53753D-03      -0.18515D-02       0.48097D+00       0.11941D+00
       0.52500D+03       0.53768D-03      -0.31479D-01       0.48096D+00       0.11921D+00
       0.52600D+03       0.53779D-03      -0.75513D-02       0.48097D+00       0.11899D+00
       0.52700D+03       0.53737D-03      -0.47846D-02       0.48096D+00       0.11878D+00
       0.52800D+03       0.53709D-03      -0.27170D-01       0.48096D+00       0.11858D+00
       0.52900D+03       0.53690D-03       0.30872D-01       0.48096D+00       0.11837D+00
       0.53000D+03       0.53788D-03      -0.33991D-01       0.48097D+00       0.11816D+00
       0.53100D+03       0.53787D-03      -0.34619D-02       0.48097D+00       0.11796D+00
       0.53200D+03       0.53801D-03      -0.21338D-01       0.48096D+00       0.11777D+00
       0.53300D+03       0.53756D-03      -0.24047D-01       0.48097D+00       0.11754D+00
       0.53400D+03       0.53777D-03      -0.32298D-02       0.48096D+00       0.11996D+00
       0.53500D+03       0.53753D-03      -0.35190D-01       0.48096D+00       0.11975D+00
       0.53600D+03       0.53899D-03       0.29972D-01       0.48097D+00       0.11955D+00
       0.53700D+03       0.53835D-03      -0.25369D-01       0.48096D+00       0.11934D+00
       0.53800D+03       0.53819D-03      -0.53213D-02       0.48097D+00       0.11915D+00
       0.53900D+03       0.53763D-03      -0.40978D-02       0.48096D+00       0.11894D+00
       0.54000D+03       0.53792D-03      -0.32400D-01       0.48097D+00       0.11873D+00
       0.54100D+03       0.53803D-03      -0.14235D-02       0.48096D+00       0.11853D+00
       0.54200D+03       0.53772D-03      -0.37219D-01       0.48096D+00       0.11834D+00
       0.54300D+03       0.53961D-03       0.21955D-01       0.48097D+00       0.11813D+00
       0.54400D+03       0.53822D-03      -0.16734D-01       0.48096D+00       0.11793D+00
       0.54500D+03       0.53790D-03      -0.99436D-02       0.48097D+00       0.11855D+00
       0.54600D+03       0.53670D-03       0.11288D-01       0.48096D+00       0.11834D+00
       0.54700D+03       0.53792D-03      -0.35039D-01       0.48097D+00       0.11814D+00
       0.54800D+03       0.53779D-03      -0.12668D-06       0.48096D+00       0.11794D+00
       0.54900D+03       0.53753D-03      -0.35000D-01       0.48096D+00       0.11774D+00
       0.55000D+03       0.53887D-03       0.11074D-01       0.48097D+00       0.11753D+00
       0.55100D+03       0.53768D-03      -0.98432D-02       0.48096D+00       0.11735D+00
       0.55200D+03       0.53734D-03      -0.16865D-01       0.48096D+00       0.11796D+00
       0.55300D+03       0.53600D-03       0.22116D-01       0.48096D+00       0.12103D+00
       0.55400D+03       0.53765D-03      -0.37237D-01       0.48097D+00       0.12082D+00
       0.55500D+03       0.53756D-03      -0.14612D-02       0.48097D+00       0.12062D+00
       0.55600D+03       0.53764D-03      -0.32330D-01       0.48096D+00       0.12042D+00
       0.55700D+03       0.53793D-03      -0.43966D-02       0.48097D+00       0.12020D+00
       0.55800D+03       0.53740D-03      -0.52698D-02       0.48096D+00       0.12000D+00
       0.55900D+03       0.53713D-03      -0.25526D-01       0.48096D+00       0.11981D+00
       0.56000D+03       0.53668D-03       0.30062D-01       0.48096D+00       0.11964D+00
       0.56100D+03       0.53782D-03      -0.35095D-01       0.48097D+00       0.11945D+00
       0.56200D+03       0.53782D-03      -0.32507D-02       0.48097D+00       0.11926D+00
       0.56300D+03       0.53802D-03      -0.23824D-01       0.48096D+00       0.11906D+00
       0.56400D+03       0.53759D-03      -0.21588D-01       0.48097D+00       0.11885D+00
       0.56500D+03       0.53773D-03      -0.34420D-02       0.48096D+00       0.12113D+00
       0.56600D+03       0.53750D-03      -0.34105D-01       0.48096D+00       0.12094D+00
       0.56700D+03       0.53866D-03       0.30806D-01       0.48097D+00       0.12074D+00
       0.56800D+03       0.53830D-03      -0.27013D-01       0.48097D+00       0.12055D+00
       0.56900D+03       0.53818D-03      -0.48270D-02       0.48097D+00       0.12036D+00
       0.57000D+03       0.53778D-03      -0.72474D-02       0.48096D+00       0.12017D+00
       0.57100D+03       0.53788D-03      -0.31570D-01       0.48097D+00       0.11996D+00
       0.57200D+03       0.53803D-03      -0.18148D-02       0.48096D+00       0.11978D+00
       0.57300D+03       0.53775D-03      -0.37342D-01       0.48096D+00       0.11959D+00
       0.57400D+03       0.53955D-03       0.23613D-01       0.48097D+00       0.11939D+00
       0.57500D+03       0.53829D-03      -0.18128D-01       0.48096D+00       0.11920D+00
       0.57600D+03       0.53800D-03      -0.89269D-02       0.48097D+00       0.11978D+00
       0.57700D+03       0.53694D-03       0.89762D-02       0.48096D+00       0.11958D+00
       0.57800D+03       0.53796D-03      -0.34638D-01       0.48097D+00       0.11939D+00
       0.57900D+03       0.53786D-03      -0.50664D-04       0.48096D+00       0.11920D+00
       0.58000D+03       0.53758D-03      -0.35422D-01       0.48096D+00       0.11902D+00
       0.58100D+03       0.53897D-03       0.13243D-01       0.48097D+00       0.11882D+00
       0.58200D+03       0.53778D-03      -0.10922D-01       0.48096D+00       0.11862D+00
       0.58300D+03       0.53746D-03      -0.15520D-01       0.48096D+00       0.11920D+00
       0.58400D+03       0.53617D-03       0.20402D-01       0.48096D+00       0.12211D+00
       0.58500D+03       0.53769D-03      -0.36983D-01       0.48097D+00       0.12191D+00
       0.58600D+03       0.53759D-03      -0.10713D-02       0.48096D+00       0.12172D+00
       0.58700D+03       0.53760D-03      -0.32989D-01       0.48096D+00       0.12153D+00
       0.58800D+03       0.53806D-03      -0.13196D-02       0.48097D+00       0.12132D+00
       0.58900D+03       0.53743D-03      -0.58524D-02       0.48096D+00       0.12113D+00
       0.59000D+03       0.53717D-03      -0.23896D-01       0.48096D+00       0.12240D+00
       0.59100D+03       0.53651D-03       0.29015D-01       0.48096D+00       0.12223D+00
       0.59200D+03       0.53776D-03      -0.35991D-01       0.48097D+00       0.12205D+00
       0.59300D+03       0.53776D-03      -0.30210D-02       0.48097D+00       0.12186D+00
       0.59400D+03       0.53798D-03      -0.26021D-01       0.48096D+00       0.12168D+00
       0.59500D+03       0.53762D-03      -0.18872D-01       0.48097D+00       0.12148D+00
       0.59600D+03       0.53767D-03      -0.36534D-02       0.48096D+00       0.12363D+00
       0.59700D+03       0.53745D-03      -0.32836D-01       0.48096D+00       0.12345D+00
       0.59800D+03       0.53830D-03       0.31372D-01       0.48096D+00       0.12326D+00
       0.59900D+03       0.53822D-03      -0.28646D-01       0.48097D+00       0.12307D+00
       0.60000D+03       0.53814D-03      -0.44233D-02       0.48097D+00       0.12289D+00
       0.60100D+03       0.53788D-03      -0.10425D-01       0.48096D+00       0.12270D+00
       0.60200D+03       0.53782D-03      -0.30505D-01       0.48097D+00       0.12250D+00
       0.60300D+03       0.53802D-03      -0.21868D-02       0.48096D+00       0.12232D+00
       0.60400D+03       0.53776D-03      -0.37287D-01       0.48096D+00       0.12214D+00
       0.60500D+03       0.53947D-03       0.25200D-01       0.48097D+00       0.12196D+00
       0.60600D+03       0.53835D-03      -0.19580D-01       0.48096D+00       0.12180D+00
       0.60700D+03       0.53809D-03      -0.79876D-02       0.48097D+00       0.12163D+00
       0.60800D+03       0.53717D-03       0.64909D-02       0.48096D+00       0.12282D+00
       0.60900D+03       0.53800D-03      -0.34251D-01       0.48097D+00       0.12263D+00
       0.61000D+03       0.53794D-03      -0.20849D-03       0.48096D+00       0.12244D+00
       0.61100D+03       0.53766D-03      -0.35863D-01       0.48096D+00       0.12226D+00
       0.61200D+03       0.53908D-03       0.15275D-01       0.48097D+00       0.12207D+00
       0.61300D+03       0.53790D-03      -0.12063D-01       0.48096D+00       0.12188D+00
       0.61400D+03       0.53759D-03      -0.14229D-01       0.48097D+00       0.12242D+00
       0.61500D+03       0.53637D-03       0.18627D-01       0.48096D+00       0.12370D+00
       0.61600D+03       0.53777D-03      -0.36626D-01       0.48097D+00       0.12351D+00
       0.61700D+03       0.53766D-03      -0.70765D-03       0.48096D+00       0.12333D+00
       0.61800D+03       0.53760D-03      -0.33509D-01       0.48096D+00       0.12314D+00
       0.61900D+03       0.53822D-03       0.16343D-02       0.48097D+00       0.12295D+00
       0.62000D+03       0.53751D-03      -0.65350D-02       0.48096D+00       0.12276D+00
       0.62100D+03       0.53725D-03      -0.22299D-01       0.48096D+00       0.12396D+00
       0.62200D+03       0.53643D-03       0.27772D-01       0.48096D+00       0.12379D+00
       0.62300D+03       0.53775D-03      -0.36662D-01       0.48097D+00       0.12361D+00
       0.62400D+03       0.53776D-03      -0.27577D-02       0.48097D+00       0.12343D+00
       0.62500D+03       0.53797D-03      -0.27910D-01       0.48096D+00       0.12326D+00
       0.62600D+03       0.53771D-03      -0.15949D-01       0.48097D+00       0.12307D+00
       0.62700D+03       0.53767D-03      -0.38865D-02       0.48096D+00       0.12291D+00
       0.62800D+03       0.53745D-03      -0.31417D-01       0.48096D+00       0.12273D+00
       0.62900D+03       0.53801D-03       0.31644D-01       0.48096D+00       0.12255D+00
       0.63000D+03       0.53818D-03      -0.30235D-01       0.48097D+00       0.12237D+00
       0.63100D+03       0.53813D-03      -0.40974D-02       0.48097D+00       0.12220D+00
       0.63200D+03       0.53800D-03      -0.13568D-01       0.48096D+00       0.12203D+00
       0.63300D+03       0.53782D-03      -0.29163D-01       0.48097D+00       0.12184D+00
       0.63400D+03       0.53803D-03      -0.25241D-02       0.48096D+00       0.12167D+00
       0.63500D+03       0.53780D-03      -0.37023D-01       0.48096D+00       0.12150D+00
       0.63600D+03       0.53939D-03       0.26694D-01       0.48097D+00       0.12133D+00
       0.63700D+03       0.53843D-03      -0.21088D-01       0.48096D+00       0.12115D+00
       0.63800D+03       0.53820D-03      -0.71345D-02       0.48097D+00       0.12098D+00
       0.63900D+03       0.53743D-03       0.38270D-02       0.48096D+00       0.12212D+00
       0.64000D+03       0.53807D-03      -0.33852D-01       0.48097D+00       0.12193D+00
       0.64100D+03       0.53806D-03      -0.46009D-03       0.48096D+00       0.12177D+00
       0.64200D+03       0.53778D-03      -0.36303D-01       0.48096D+00       0.12160D+00
       0.64300D+03       0.53923D-03       0.17195D-01       0.48097D+00       0.12141D+00
       0.64400D+03       0.53807D-03      -0.13260D-01       0.48096D+00       0.12123D+00
       0.64500D+03       0.53778D-03      -0.12990D-01       0.48097D+00       0.12175D+00
       0.64600D+03       0.53663D-03       0.16777D-01       0.48096D+00       0.12297D+00
       0.64700D+03       0.53790D-03      -0.36207D-01       0.48097D+00       0.12279D+00
       0.64800D+03       0.53778D-03      -0.39721D-03       0.48096D+00       0.12262D+00
       0.64900D+03       0.53767D-03      -0.33943D-01       0.48096D+00       0.12245D+00
       0.65000D+03       0.53841D-03       0.44327D-02       0.48097D+00       0.12226D+00
       0.65100D+03       0.53763D-03      -0.73157D-02       0.48096D+00       0.12209D+00
       0.65200D+03       0.53737D-03      -0.20749D-01       0.48096D+00       0.12321D+00
       0.65300D+03       0.53646D-03       0.26373D-01       0.48096D+00       0.12305D+00
       0.65400D+03       0.53780D-03      -0.37101D-01       0.48097D+00       0.12288D+00
       0.65500D+03       0.53779D-03      -0.24528D-02       0.48097D+00       0.12271D+00
       0.65600D+03       0.53797D-03      -0.29486D-01       0.48096D+00       0.12255D+00
       0.65700D+03       0.53783D-03      -0.12877D-01       0.48097D+00       0.12237D+00
       0.65800D+03       0.53769D-03      -0.41638D-02       0.48096D+00       0.12221D+00
       0.65900D+03       0.53748D-03      -0.29888D-01       0.48096D+00       0.12205D+00
       0.66000D+03       0.53775D-03       0.31610D-01       0.48096D+00       0.12188D+00
       0.66100D+03       0.53816D-03      -0.31743D-01       0.48097D+00       0.12170D+00
       0.66200D+03       0.53812D-03      -0.38318D-02       0.48097D+00       0.12153D+00
       0.66300D+03       0.53811D-03      -0.16612D-01       0.48096D+00       0.12137D+00
       0.66400D+03       0.53784D-03      -0.27518D-01       0.48097D+00       0.12120D+00
       0.66500D+03       0.53804D-03      -0.28194D-02       0.48096D+00       0.12103D+00
       0.66600D+03       0.53784D-03      -0.36533D-01       0.48096D+00       0.12087D+00
       0.66700D+03       0.53926D-03       0.28062D-01       0.48097D+00       0.12071D+00
       0.66800D+03       0.53848D-03      -0.22649D-01       0.48096D+00       0.12055D+00
       0.66900D+03       0.53829D-03      -0.63751D-02       0.48097D+00       0.12038D+00
       0.67000D+03       0.53765D-03       0.99210D-03       0.48096D+00       0.12085D+00
       0.67100D+03       0.53815D-03      -0.33403D-01       0.48097D+00       0.12068D+00
       0.67200D+03       0.53815D-03      -0.78458D-03       0.48096D+00       0.12052D+00
       0.67300D+03       0.53789D-03      -0.36712D-01       0.48096D+00       0.12036D+00
       0.67400D+03       0.53934D-03       0.19026D-01       0.48097D+00       0.12019D+00
       0.67500D+03       0.53821D-03      -0.14511D-01       0.48096D+00       0.12002D+00
       0.67600D+03       0.53794D-03      -0.11805D-01       0.48097D+00       0.12051D+00
       0.67700D+03       0.53688D-03       0.14835D-01       0.48096D+00       0.12034D+00
       0.67800D+03       0.53802D-03      -0.35764D-01       0.48097D+00       0.12017D+00
       0.67900D+03       0.53790D-03      -0.16479D-03       0.48096D+00       0.12001D+00
       0.68000D+03       0.53775D-03      -0.34336D-01       0.48096D+00       0.11985D+00
       0.68100D+03       0.53860D-03       0.70572D-02       0.48097D+00       0.11968D+00
       0.68200D+03       0.53777D-03      -0.81886D-02       0.48096D+00       0.11952D+00
       0.68300D+03       0.53751D-03      -0.19253D-01       0.48096D+00       0.12059D+00
       0.68400D+03       0.53652D-03       0.24856D-01       0.48096D+00       0.12044D+00
       0.68500D+03       0.53786D-03      -0.37316D-01       0.48097D+00       0.12028D+00
       0.68600D+03       0.53782D-03      -0.21069D-02       0.48097D+00       0.12012D+00
       0.68700D+03       0.53795D-03      -0.30763D-01       0.48096D+00       0.11997D+00
       0.68800D+03       0.53794D-03      -0.97212D-02       0.48097D+00       0.11981D+00
       0.68900D+03       0.53770D-03      -0.45055D-02       0.48096D+00       0.11966D+00
       0.69000D+03       0.53750D-03      -0.28286D-01       0.48096D+00       0.11951D+00
       0.69100D+03       0.53751D-03       0.31271D-01       0.48096D+00       0.11935D+00
       0.69200D+03       0.53812D-03      -0.33131D-01       0.48097D+00       0.11919D+00
       0.69300D+03       0.53810D-03      -0.36055D-02       0.48097D+00       0.11903D+00
       0.69400D+03       0.53817D-03      -0.19494D-01       0.48096D+00       0.11888D+00
       0.69500D+03       0.53785D-03      -0.25561D-01       0.48097D+00       0.11871D+00
       0.69600D+03       0.53803D-03      -0.30743D-02       0.48096D+00       0.11989D+00
       0.69700D+03       0.53784D-03      -0.35812D-01       0.48096D+00       0.11973D+00
       0.69800D+03       0.53906D-03       0.29266D-01       0.48097D+00       0.11957D+00
       0.69900D+03       0.53845D-03      -0.24255D-01       0.48096D+00       0.11942D+00
       0.70000D+03       0.53831D-03      -0.57146D-02       0.48097D+00       0.11926D+00
       0.70100D+03       0.53780D-03      -0.19924D-02       0.48096D+00       0.11971D+00
       0.70200D+03       0.53813D-03      -0.32857D-01       0.48097D+00       0.11955D+00
       0.70300D+03       0.53818D-03      -0.11564D-02       0.48096D+00       0.11940D+00
       0.70400D+03       0.53794D-03      -0.37050D-01       0.48096D+00       0.11925D+00
       0.70500D+03       0.53937D-03       0.20787D-01       0.48097D+00       0.11908D+00
       0.70600D+03       0.53829D-03      -0.15814D-01       0.48096D+00       0.11893D+00
       0.70700D+03       0.53803D-03      -0.10678D-01       0.48097D+00       0.11941D+00
       0.70800D+03       0.53707D-03       0.12775D-01       0.48096D+00       0.11924D+00
       0.70900D+03       0.53808D-03      -0.35326D-01       0.48097D+00       0.11908D+00
       0.71000D+03       0.53797D-03      -0.29865D-04       0.48096D+00       0.11893D+00
       0.71100D+03       0.53778D-03      -0.34725D-01       0.48096D+00       0.11878D+00
       0.71200D+03       0.53873D-03       0.95033D-02       0.48097D+00       0.11862D+00
       0.71300D+03       0.53786D-03      -0.91459D-02       0.48096D+00       0.11847D+00
       0.71400D+03       0.53760D-03      -0.17814D-01       0.48096D+00       0.11894D+00
       0.71500D+03       0.53660D-03       0.23251D-01       0.48096D+00       0.12132D+00
       0.71600D+03       0.53787D-03      -0.37329D-01       0.48097D+00       0.12115D+00
       0.71700D+03       0.53781D-03      -0.17290D-02       0.48096D+00       0.12100D+00
       0.71800D+03       0.53791D-03      -0.31773D-01       0.48096D+00       0.12084D+00
       0.71900D+03       0.53803D-03      -0.65448D-02       0.48097D+00       0.12067D+00
       0.72000D+03       0.53769D-03      -0.49284D-02       0.48096D+00       0.12052D+00
       0.72100D+03       0.53749D-03      -0.26649D-01       0.48096D+00       0.12037D+00
       0.72200D+03       0.53728D-03       0.30643D-01       0.48096D+00       0.12021D+00
       0.72300D+03       0.53805D-03      -0.34362D-01       0.48097D+00       0.12006D+00
       0.72400D+03       0.53804D-03      -0.33957D-02       0.48097D+00       0.11991D+00
       0.72500D+03       0.53817D-03      -0.22156D-01       0.48096D+00       0.11975D+00
       0.72600D+03       0.53783D-03      -0.23297D-01       0.48097D+00       0.11958D+00
       0.72700D+03       0.53798D-03      -0.32984D-02       0.48096D+00       0.12135D+00
       0.72800D+03       0.53780D-03      -0.34867D-01       0.48096D+00       0.12120D+00
       0.72900D+03       0.53882D-03       0.30264D-01       0.48097D+00       0.12105D+00
       0.73000D+03       0.53840D-03      -0.25890D-01       0.48096D+00       0.12089D+00
       0.73100D+03       0.53830D-03      -0.51540D-02       0.48097D+00       0.12074D+00
       0.73200D+03       0.53791D-03      -0.50909D-02       0.48096D+00       0.12059D+00
       0.73300D+03       0.53809D-03      -0.32160D-01       0.48097D+00       0.12043D+00
       0.73400D+03       0.53818D-03      -0.15485D-02       0.48096D+00       0.12029D+00
       0.73500D+03       0.53795D-03      -0.37275D-01       0.48096D+00       0.12014D+00
       0.73600D+03       0.53936D-03       0.22488D-01       0.48097D+00       0.11999D+00
       0.73700D+03       0.53834D-03      -0.17170D-01       0.48096D+00       0.11984D+00
       0.73800D+03       0.53810D-03      -0.96131D-02       0.48097D+00       0.12029D+00
       0.73900D+03       0.53723D-03       0.10573D-01       0.48096D+00       0.12013D+00
       0.74000D+03       0.53810D-03      -0.34909D-01       0.48097D+00       0.11998D+00
       0.74100D+03       0.53801D-03      -0.40331D-05       0.48096D+00       0.11983D+00
       0.74200D+03       0.53781D-03      -0.35131D-01       0.48096D+00       0.11969D+00
       0.74300D+03       0.53883D-03       0.11779D-01       0.48097D+00       0.11953D+00
       0.74400D+03       0.53793D-03      -0.10178D-01       0.48096D+00       0.11939D+00
       0.74500D+03       0.53768D-03      -0.16432D-01       0.48096D+00       0.11984D+00
       0.74600D+03       0.53668D-03       0.21579D-01       0.48096D+00       0.12212D+00
       0.74700D+03       0.53790D-03      -0.37170D-01       0.48097D+00       0.12196D+00
       0.74800D+03       0.53783D-03      -0.13362D-02       0.48096D+00       0.12181D+00
       0.74900D+03       0.53787D-03      -0.32557D-01       0.48096D+00       0.12166D+00
       0.75000D+03       0.53813D-03      -0.34092D-02       0.48097D+00       0.12150D+00
       0.75100D+03       0.53770D-03      -0.54438D-02       0.48096D+00       0.12135D+00
       0.75200D+03       0.53750D-03      -0.25006D-01       0.48096D+00       0.12120D+00
       0.75300D+03       0.53710D-03       0.29754D-01       0.48096D+00       0.12107D+00
       0.75400D+03       0.53800D-03      -0.35403D-01       0.48097D+00       0.12093D+00
       0.75500D+03       0.53800D-03      -0.31806D-02       0.48097D+00       0.12079D+00
       0.75600D+03       0.53815D-03      -0.24554D-01       0.48096D+00       0.12064D+00
       0.75700D+03       0.53784D-03      -0.20751D-01       0.48097D+00       0.12048D+00
       0.75800D+03       0.53793D-03      -0.35081D-02       0.48096D+00       0.12217D+00
       0.75900D+03       0.53776D-03      -0.33720D-01       0.48096D+00       0.12203D+00
       0.76000D+03       0.53856D-03       0.31016D-01       0.48096D+00       0.12188D+00
       0.76100D+03       0.53835D-03      -0.27534D-01       0.48096D+00       0.12173D+00
       0.76200D+03       0.53827D-03      -0.46895D-02       0.48097D+00       0.12159D+00
       0.76300D+03       0.53801D-03      -0.82556D-02       0.48096D+00       0.12145D+00
       0.76400D+03       0.53804D-03      -0.31260D-01       0.48097D+00       0.12130D+00
       0.76500D+03       0.53817D-03      -0.19357D-02       0.48096D+00       0.12115D+00
       0.76600D+03       0.53796D-03      -0.37346D-01       0.48096D+00       0.12101D+00
       0.76700D+03       0.53931D-03       0.24126D-01       0.48097D+00       0.12086D+00
       0.76800D+03       0.53838D-03      -0.18583D-01       0.48096D+00       0.12072D+00
       0.76900D+03       0.53816D-03      -0.86199D-02       0.48097D+00       0.12115D+00
       0.77000D+03       0.53739D-03       0.82068D-02       0.48096D+00       0.12100D+00
       0.77100D+03       0.53812D-03      -0.34514D-01       0.48097D+00       0.12085D+00
       0.77200D+03       0.53805D-03      -0.89543D-04       0.48096D+00       0.12070D+00
