       0.10000D+01       0.35154D-04       0.31567D-01       0.40027D+00       0.11201D-02
       0.20000D+01       0.66678D-02       0.55495D-01       0.39806D+00       0.35869D+00
       0.30000D+01       0.13966D-01       0.11577D+00       0.40314D+00       0.23726D+00
       0.40000D+01       0.11894D-01       0.13941D+00       0.40301D+00       0.37030D+00
       0.50000D+01       0.10495D-01       0.11792D+00       0.40616D+00       0.37257D+00
       0.60000D+01       0.10590D-01       0.79163D-01       0.40506D+00       0.31152D+00
       0.70000D+01       0.11588D-01       0.21025D-01       0.40545D+00       0.26797D+00
       0.80000D+01       0.11182D-01       0.18098D-01       0.40430D+00       0.27599D+00
       0.90000D+01       0.10405D-01       0.84643D-02       0.40351D+00       0.31679D+00
       0.10000D+02       0.10106D-01       0.59014D-01       0.40365D+00       0.28609D+00
       0.11000D+02       0.10431D-01       0.96859D-01       0.40312D+00       0.26030D+00
       0.12000D+02       0.10973D-01       0.13834D+00       0.40431D+00       0.26972D+00
       0.13000D+02       0.10339D-01       0.13096D+00       0.40425D+00       0.30640D+00
       0.14000D+02       0.11483D-01       0.78211D-01       0.40507D+00       0.33726D+00
       0.15000D+02       0.11755D-01       0.45144D-01       0.40451D+00       0.33823D+00
       0.16000D+02       0.11155D-01       0.25230D-02       0.40440D+00       0.31860D+00
       0.17000D+02       0.10577D-01       0.22180D-01       0.40405D+00       0.30015D+00
       0.18000D+02       0.10620D-01       0.34937D-01       0.40359D+00       0.32227D+00
       0.19000D+02       0.11355D-01       0.96262D-01       0.40394D+00       0.30586D+00
       0.20000D+02       0.11223D-01       0.13089D+00       0.40379D+00       0.29224D+00
       0.21000D+02       0.10694D-01       0.13325D+00       0.40453D+00       0.29660D+00
       0.22000D+02       0.10524D-01       0.10025D+00       0.40438D+00       0.28335D+00
       0.23000D+02       0.11247D-01       0.38666D-01       0.40466D+00       0.28739D+00
       0.24000D+02       0.11277D-01       0.23645D-01       0.40430D+00       0.28966D+00
       0.25000D+02       0.10859D-01       0.16344D-02       0.40407D+00       0.28096D+00
       0.26000D+02       0.10499D-01       0.42206D-01       0.40400D+00       0.27124D+00
       0.27000D+02       0.10648D-01       0.73732D-01       0.40372D+00       0.27467D+00
       0.28000D+02       0.11231D-01       0.12848D+00       0.40414D+00       0.27812D+00
       0.29000D+02       0.10959D-01       0.13928D+00       0.40411D+00       0.29380D+00
       0.30000D+02       0.11089D-01       0.10119D+00       0.40457D+00       0.29678D+00
       0.31000D+02       0.11186D-01       0.62692D-01       0.40436D+00       0.28737D+00
       0.32000D+02       0.11117D-01       0.10442D-01       0.40439D+00       0.27877D+00
       0.33000D+02       0.10930D-01       0.17647D-01       0.40417D+00       0.27052D+00
       0.34000D+02       0.10831D-01       0.18161D-01       0.40394D+00       0.29156D+00
       0.35000D+02       0.10939D-01       0.75099D-01       0.40403D+00       0.28353D+00
       0.36000D+02       0.10982D-01       0.11418D+00       0.40390D+00       0.27575D+00
       0.37000D+02       0.10876D-01       0.13996D+00       0.40429D+00       0.27866D+00
       0.38000D+02       0.10680D-01       0.11911D+00       0.40426D+00       0.27159D+00
       0.39000D+02       0.11175D-01       0.59762D-01       0.40450D+00       0.27436D+00
       0.40000D+02       0.11271D-01       0.33872D-01       0.40429D+00       0.27634D+00
       0.41000D+02       0.10998D-01       0.92763D-04       0.40420D+00       0.27135D+00
       0.42000D+02       0.10737D-01       0.29417D-01       0.40410D+00       0.26499D+00
       0.43000D+02       0.10803D-01       0.51309D-01       0.40391D+00       0.27498D+00
       0.44000D+02       0.11209D-01       0.11226D+00       0.40411D+00       0.26867D+00
       0.45000D+02       0.11097D-01       0.13850D+00       0.40407D+00       0.27971D+00
       0.46000D+02       0.10924D-01       0.12143D+00       0.40439D+00       0.28198D+00
       0.47000D+02       0.10912D-01       0.83264D-01       0.40429D+00       0.27612D+00
       0.48000D+02       0.11092D-01       0.24081D-01       0.40438D+00       0.27051D+00
       0.49000D+02       0.11053D-01       0.18759D-01       0.40421D+00       0.27176D+00
       0.50000D+02       0.10900D-01       0.67046D-02       0.40408D+00       0.27920D+00
       0.51000D+02       0.10801D-01       0.55467D-01       0.40408D+00       0.28638D+00
       0.52000D+02       0.10863D-01       0.92449D-01       0.40395D+00       0.28120D+00
       0.53000D+02       0.11024D-01       0.13705D+00       0.40420D+00       0.28292D+00
       0.54000D+02       0.10870D-01       0.13319D+00       0.40419D+00       0.29149D+00
       0.55000D+02       0.11118D-01       0.82704D-01       0.40441D+00       0.29965D+00
       0.56000D+02       0.11195D-01       0.48232D-01       0.40428D+00       0.29450D+00
       0.57000D+02       0.11054D-01       0.36126D-02       0.40426D+00       0.28956D+00
       0.58000D+02       0.10897D-01       0.20896D-01       0.40415D+00       0.28464D+00
       0.59000D+02       0.10895D-01       0.31348D-01       0.40401D+00       0.28599D+00
       0.60000D+02       0.11095D-01       0.92207D-01       0.40410D+00       0.28139D+00
       0.61000D+02       0.11069D-01       0.12823D+00       0.40405D+00       0.27726D+00
       0.62000D+02       0.10899D-01       0.13528D+00       0.40429D+00       0.27898D+00
       0.63000D+02       0.10825D-01       0.10416D+00       0.40425D+00       0.27464D+00
       0.64000D+02       0.11100D-01       0.42523D-01       0.40436D+00       0.27624D+00
       0.65000D+02       0.11122D-01       0.25282D-01       0.40423D+00       0.27725D+00
       0.66000D+02       0.10960D-01       0.94173D-03       0.40415D+00       0.27408D+00
       0.67000D+02       0.10809D-01       0.39418D-01       0.40412D+00       0.27038D+00
       0.68000D+02       0.10863D-01       0.69283D-01       0.40400D+00       0.27685D+00
       0.69000D+02       0.11112D-01       0.12576D+00       0.40416D+00       0.27821D+00
       0.70000D+02       0.11008D-01       0.13989D+00       0.40415D+00       0.28470D+00
       0.71000D+02       0.11026D-01       0.10543D+00       0.40434D+00       0.28609D+00
       0.72000D+02       0.11061D-01       0.66490D-01       0.40426D+00       0.28219D+00
       0.73000D+02       0.11057D-01       0.12638D-01       0.40428D+00       0.27845D+00
       0.74000D+02       0.10986D-01       0.17410D-01       0.40418D+00       0.27476D+00
       0.75000D+02       0.10929D-01       0.15501D-01       0.40408D+00       0.28424D+00
       0.76000D+02       0.10958D-01       0.71096D-01       0.40411D+00       0.28062D+00
       0.77000D+02       0.10979D-01       0.11026D+00       0.40404D+00       0.27700D+00
       0.78000D+02       0.10959D-01       0.14014D+00       0.40423D+00       0.27836D+00
       0.79000D+02       0.10857D-01       0.12228D+00       0.40421D+00       0.27497D+00
       0.80000D+02       0.11092D-01       0.64100D-01       0.40434D+00       0.27620D+00
       0.81000D+02       0.11143D-01       0.36330D-01       0.40424D+00       0.27715D+00
       0.82000D+02       0.11012D-01       0.37170D-03       0.40420D+00       0.27403D+00
       0.83000D+02       0.10881D-01       0.27423D-01       0.40414D+00       0.27078D+00
       0.84000D+02       0.10908D-01       0.47214D-01       0.40405D+00       0.27583D+00
       0.85000D+02       0.11109D-01       0.10862D+00       0.40414D+00       0.27256D+00
       0.86000D+02       0.11060D-01       0.13723D+00       0.40412D+00       0.27827D+00
       0.87000D+02       0.10952D-01       0.12471D+00       0.40429D+00       0.27948D+00
       0.88000D+02       0.10937D-01       0.87379D-01       0.40424D+00       0.27640D+00
       0.89000D+02       0.11056D-01       0.27319D-01       0.40429D+00       0.27338D+00
       0.90000D+02       0.11044D-01       0.19625D-01       0.40420D+00       0.27412D+00
       0.91000D+02       0.10952D-01       0.51604D-02       0.40413D+00       0.27202D+00
       0.92000D+02       0.10882D-01       0.52060D-01       0.40413D+00       0.26980D+00
       0.93000D+02       0.10919D-01       0.87990D-01       0.40405D+00       0.26707D+00
       0.94000D+02       0.11032D-01       0.13546D+00       0.40419D+00       0.26819D+00
       0.95000D+02       0.10945D-01       0.13514D+00       0.40418D+00       0.27321D+00
       0.96000D+02       0.11066D-01       0.87193D-01       0.40431D+00       0.27808D+00
       0.97000D+02       0.11109D-01       0.51469D-01       0.40424D+00       0.27533D+00
       0.98000D+02       0.11040D-01       0.49080D-02       0.40423D+00       0.27264D+00
       0.99000D+02       0.10954D-01       0.19800D-01       0.40417D+00       0.26992D+00
       0.10000D+03       0.10945D-01       0.27913D-01       0.40409D+00       0.27423D+00
       0.10100D+03       0.11045D-01       0.88110D-01       0.40413D+00       0.27158D+00
       0.10200D+03       0.11037D-01       0.12527D+00       0.40410D+00       0.26905D+00
       0.10300D+03       0.10945D-01       0.13696D+00       0.40424D+00       0.27017D+00
       0.10400D+03       0.10892D-01       0.10795D+00       0.40422D+00       0.26764D+00
       0.10500D+03       0.11069D-01       0.46496D-01       0.40430D+00       0.26868D+00
       0.10600D+03       0.11087D-01       0.27085D-01       0.40422D+00       0.26936D+00
       0.10700D+03       0.10985D-01       0.44094D-03       0.40417D+00       0.26745D+00
       0.10800D+03       0.10888D-01       0.36782D-01       0.40414D+00       0.26520D+00
       0.10900D+03       0.10920D-01       0.64877D-01       0.40407D+00       0.26928D+00
       0.11000D+03       0.11082D-01       0.12282D+00       0.40416D+00       0.27021D+00
       0.11100D+03       0.11021D-01       0.14013D+00       0.40415D+00       0.27453D+00
       0.11200D+03       0.11010D-01       0.10954D+00       0.40428D+00       0.27551D+00
       0.11300D+03       0.11027D-01       0.70392D-01       0.40423D+00       0.27311D+00
       0.11400D+03       0.11042D-01       0.15050D-01       0.40425D+00       0.27078D+00
       0.11500D+03       0.11004D-01       0.17391D-01       0.40419D+00       0.27132D+00
       0.11600D+03       0.10960D-01       0.13051D-01       0.40412D+00       0.27184D+00
       0.11700D+03       0.10961D-01       0.67177D-01       0.40414D+00       0.26964D+00
       0.11800D+03       0.10980D-01       0.10617D+00       0.40409D+00       0.26752D+00
       0.11900D+03       0.10987D-01       0.13996D+00       0.40421D+00       0.26849D+00
       0.12000D+03       0.10917D-01       0.12525D+00       0.40420D+00       0.26926D+00
       0.12100D+03       0.11066D-01       0.68496D-01       0.40429D+00       0.27305D+00
       0.12200D+03       0.11101D-01       0.38939D-01       0.40422D+00       0.27371D+00
       0.12300D+03       0.11017D-01       0.83874D-03       0.40420D+00       0.27166D+00
       0.12400D+03       0.10931D-01       0.25590D-01       0.40416D+00       0.26950D+00
       0.12500D+03       0.10945D-01       0.43222D-01       0.40409D+00       0.27291D+00
       0.12600D+03       0.11078D-01       0.10484D+00       0.40415D+00       0.27073D+00
       0.12700D+03       0.11045D-01       0.13560D+00       0.40413D+00       0.27460D+00
       0.12800D+03       0.10964D-01       0.12772D+00       0.40425D+00       0.27545D+00
       0.12900D+03       0.10947D-01       0.91480D-01       0.40422D+00       0.27334D+00
       0.13000D+03       0.11043D-01       0.30725D-01       0.40426D+00       0.27130D+00
       0.13100D+03       0.11041D-01       0.20687D-01       0.40420D+00       0.27184D+00
       0.13200D+03       0.10972D-01       0.38278D-02       0.40415D+00       0.27038D+00
       0.13300D+03       0.10915D-01       0.48797D-01       0.40415D+00       0.26882D+00
       0.13400D+03       0.10942D-01       0.83503D-01       0.40409D+00       0.26697D+00
       0.13500D+03       0.11036D-01       0.13356D+00       0.40418D+00       0.26775D+00
       0.13600D+03       0.10976D-01       0.13679D+00       0.40418D+00       0.27126D+00
       0.13700D+03       0.11044D-01       0.91659D-01       0.40427D+00       0.27469D+00
       0.13800D+03       0.11072D-01       0.54851D-01       0.40422D+00       0.27278D+00
       0.13900D+03       0.11032D-01       0.64143D-02       0.40422D+00       0.27087D+00
       0.14000D+03       0.10977D-01       0.18899D-01       0.40417D+00       0.26899D+00
       0.14100D+03       0.10965D-01       0.24644D-01       0.40412D+00       0.27401D+00
       0.14200D+03       0.11022D-01       0.83996D-01       0.40415D+00       0.27212D+00
       0.14300D+03       0.11022D-01       0.12204D+00       0.40412D+00       0.27030D+00
       0.14400D+03       0.10965D-01       0.13830D+00       0.40422D+00       0.27109D+00
       0.14500D+03       0.10923D-01       0.11163D+00       0.40421D+00       0.26927D+00
       0.14600D+03       0.11054D-01       0.50573D-01       0.40427D+00       0.27001D+00
       0.14700D+03       0.11071D-01       0.29051D-01       0.40421D+00       0.27049D+00
       0.14800D+03       0.10996D-01       0.12872D-03       0.40418D+00       0.26908D+00
       0.14900D+03       0.10924D-01       0.34298D-01       0.40416D+00       0.26743D+00
       0.15000D+03       0.10945D-01       0.60529D-01       0.40410D+00       0.27038D+00
       0.15100D+03       0.11066D-01       0.11969D+00       0.40417D+00       0.26858D+00
       0.15200D+03       0.11025D-01       0.14001D+00       0.40416D+00       0.27189D+00
       0.15300D+03       0.11002D-01       0.11350D+00       0.40425D+00       0.27262D+00
       0.15400D+03       0.11008D-01       0.74382D-01       0.40422D+00       0.27088D+00
       0.15500D+03       0.11034D-01       0.17673D-01       0.40424D+00       0.26920D+00
       0.15600D+03       0.11011D-01       0.17589D-01       0.40419D+00       0.26960D+00
       0.15700D+03       0.10973D-01       0.10816D-01       0.40414D+00       0.27001D+00
       0.15800D+03       0.10963D-01       0.63359D-01       0.40415D+00       0.26838D+00
       0.15900D+03       0.10977D-01       0.10196D+00       0.40411D+00       0.26679D+00
       0.16000D+03       0.10999D-01       0.13942D+00       0.40420D+00       0.26752D+00
       0.16100D+03       0.10946D-01       0.12801D+00       0.40419D+00       0.26810D+00
       0.16200D+03       0.11051D-01       0.72938D-01       0.40426D+00       0.27094D+00
       0.16300D+03       0.11078D-01       0.41699D-01       0.40421D+00       0.27143D+00
       0.16400D+03       0.11018D-01       0.14970D-02       0.40420D+00       0.26992D+00
       0.16500D+03       0.10956D-01       0.23923D-01       0.40417D+00       0.26831D+00
       0.16600D+03       0.10963D-01       0.39343D-01       0.40412D+00       0.27089D+00
       0.16700D+03       0.11056D-01       0.10095D+00       0.40416D+00       0.26926D+00
       0.16800D+03       0.11036D-01       0.13363D+00       0.40414D+00       0.27217D+00
       0.16900D+03       0.10971D-01       0.13044D+00       0.40423D+00       0.27284D+00
       0.17000D+03       0.10953D-01       0.95545D-01       0.40421D+00       0.27125D+00
       0.17100D+03       0.11037D-01       0.34288D-01       0.40425D+00       0.26973D+00
       0.17200D+03       0.11038D-01       0.21939D-01       0.40420D+00       0.27015D+00
       0.17300D+03       0.10983D-01       0.27020D-02       0.40416D+00       0.26889D+00
       0.17400D+03       0.10933D-01       0.45682D-01       0.40416D+00       0.26738D+00
       0.17500D+03       0.10954D-01       0.79009D-01       0.40411D+00       0.26991D+00
       0.17600D+03       0.11036D-01       0.13138D+00       0.40418D+00       0.27049D+00
       0.17700D+03       0.10991D-01       0.13813D+00       0.40418D+00       0.27317D+00
       0.17800D+03       0.11029D-01       0.96079D-01       0.40425D+00       0.27580D+00
       0.17900D+03       0.11049D-01       0.58374D-01       0.40421D+00       0.27428D+00
       0.18000D+03       0.11027D-01       0.81355D-02       0.40422D+00       0.27281D+00
       0.18100D+03       0.10988D-01       0.18200D-01       0.40418D+00       0.27134D+00
       0.18200D+03       0.10975D-01       0.21554D-01       0.40413D+00       0.27521D+00
       0.18300D+03       0.11008D-01       0.79890D-01       0.40416D+00       0.27374D+00
       0.18400D+03       0.11012D-01       0.11856D+00       0.40413D+00       0.27229D+00
       0.18500D+03       0.10977D-01       0.13927D+00       0.40421D+00       0.27290D+00
       0.18600D+03       0.10940D-01       0.11516D+00       0.40420D+00       0.27147D+00
       0.18700D+03       0.11045D-01       0.54744D-01       0.40425D+00       0.27205D+00
       0.18800D+03       0.11061D-01       0.31173D-01       0.40420D+00       0.27246D+00
       0.18900D+03       0.11002D-01       0.29212D-05       0.40418D+00       0.27133D+00
       0.19000D+03       0.10944D-01       0.31966D-01       0.40416D+00       0.27002D+00
       0.19100D+03       0.10960D-01       0.56248D-01       0.40412D+00       0.27232D+00
       0.19200D+03       0.11055D-01       0.11638D+00       0.40417D+00       0.27089D+00
       0.19300D+03       0.11025D-01       0.13953D+00       0.40416D+00       0.27347D+00
       0.19400D+03       0.10996D-01       0.11727D+00       0.40424D+00       0.27404D+00
       0.19500D+03       0.10997D-01       0.78436D-01       0.40421D+00       0.27266D+00
       0.19600D+03       0.11028D-01       0.20501D-01       0.40423D+00       0.27130D+00
       0.19700D+03       0.11014D-01       0.18002D-01       0.40419D+00       0.27161D+00
       0.19800D+03       0.10980D-01       0.88001D-02       0.40415D+00       0.27348D+00
       0.19900D+03       0.10963D-01       0.59659D-01       0.40416D+00       0.27216D+00
       0.20000D+03       0.10977D-01       0.97636D-01       0.40413D+00       0.27081D+00
       0.20100D+03       0.11005D-01       0.13853D+00       0.40419D+00       0.27132D+00
       0.20200D+03       0.10964D-01       0.13054D+00       0.40419D+00       0.27180D+00
       0.20300D+03       0.11041D-01       0.77413D-01       0.40425D+00       0.27410D+00
       0.20400D+03       0.11063D-01       0.44610D-01       0.40421D+00       0.27448D+00
       0.20500D+03       0.11019D-01       0.23504D-02       0.40420D+00       0.27326D+00
       0.20600D+03       0.10971D-01       0.22428D-01       0.40417D+00       0.27195D+00
       0.20700D+03       0.10974D-01       0.35590D-01       0.40413D+00       0.27401D+00
       0.20800D+03       0.11041D-01       0.96977D-01       0.40416D+00       0.27274D+00
       0.20900D+03       0.11029D-01       0.13134D+00       0.40415D+00       0.27160D+00
       0.21000D+03       0.10977D-01       0.13285D+00       0.40422D+00       0.27214D+00
       0.21100D+03       0.10959D-01       0.99548D-01       0.40421D+00       0.27087D+00
       0.21200D+03       0.11033D-01       0.37993D-01       0.40424D+00       0.26962D+00
       0.21300D+03       0.11037D-01       0.23371D-01       0.40420D+00       0.26996D+00
       0.21400D+03       0.10990D-01       0.17779D-02       0.40417D+00       0.26904D+00
       0.21500D+03       0.10946D-01       0.42717D-01       0.40416D+00       0.26792D+00
       0.21600D+03       0.10963D-01       0.74527D-01       0.40413D+00       0.26836D+00
       0.21700D+03       0.11036D-01       0.12894D+00       0.40418D+00       0.26884D+00
       0.21800D+03       0.11000D-01       0.13914D+00       0.40418D+00       0.27097D+00
       0.21900D+03       0.11020D-01       0.10043D+00       0.40424D+00       0.27148D+00
       0.22000D+03       0.11034D-01       0.62029D-01       0.40421D+00       0.27027D+00
       0.22100D+03       0.11024D-01       0.10074D-01       0.40421D+00       0.26910D+00
       0.22200D+03       0.10996D-01       0.17711D-01       0.40418D+00       0.26791D+00
       0.22300D+03       0.10981D-01       0.18656D-01       0.40415D+00       0.27109D+00
       0.22400D+03       0.10998D-01       0.75817D-01       0.40416D+00       0.26993D+00
       0.22500D+03       0.11005D-01       0.11486D+00       0.40414D+00       0.26875D+00
       0.22600D+03       0.10985D-01       0.13989D+00       0.40420D+00       0.26926D+00
       0.22700D+03       0.10953D-01       0.11853D+00       0.40420D+00       0.26811D+00
       0.22800D+03       0.11039D-01       0.58998D-01       0.40424D+00       0.26860D+00
       0.22900D+03       0.11053D-01       0.33451D-01       0.40420D+00       0.27230D+00
       0.23000D+03       0.11006D-01       0.62673D-04       0.40419D+00       0.27143D+00
       0.23100D+03       0.10958D-01       0.29788D-01       0.40417D+00       0.27028D+00
       0.23200D+03       0.10970D-01       0.52047D-01       0.40413D+00       0.27210D+00
       0.23300D+03       0.11046D-01       0.11290D+00       0.40417D+00       0.27092D+00
       0.23400D+03       0.11025D-01       0.13869D+00       0.40416D+00       0.27304D+00
       0.23500D+03       0.10992D-01       0.12083D+00       0.40423D+00       0.27351D+00
       0.23600D+03       0.10990D-01       0.82533D-01       0.40421D+00       0.27238D+00
       0.23700D+03       0.11025D-01       0.23524D-01       0.40422D+00       0.27126D+00
       0.23800D+03       0.11016D-01       0.18627D-01       0.40419D+00       0.27151D+00
       0.23900D+03       0.10985D-01       0.70017D-02       0.40416D+00       0.27307D+00
       0.24000D+03       0.10965D-01       0.56088D-01       0.40416D+00       0.27462D+00
       0.24100D+03       0.10977D-01       0.93237D-01       0.40413D+00       0.27355D+00
       0.24200D+03       0.11010D-01       0.13731D+00       0.40419D+00       0.27396D+00
       0.24300D+03       0.10976D-01       0.13281D+00       0.40419D+00       0.27591D+00
       0.24400D+03       0.11033D-01       0.81904D-01       0.40423D+00       0.27781D+00
       0.24500D+03       0.11051D-01       0.47672D-01       0.40421D+00       0.27672D+00
       0.24600D+03       0.11018D-01       0.34038D-02       0.40420D+00       0.27565D+00
       0.24700D+03       0.10981D-01       0.21111D-01       0.40418D+00       0.27455D+00
       0.24800D+03       0.10981D-01       0.31976D-01       0.40414D+00       0.27626D+00
       0.24900D+03       0.11030D-01       0.92932D-01       0.40417D+00       0.27519D+00
       0.25000D+03       0.11023D-01       0.12872D+00       0.40415D+00       0.27421D+00
       0.25100D+03       0.10981D-01       0.13494D+00       0.40421D+00       0.27465D+00
       0.25200D+03       0.10963D-01       0.10347D+00       0.40420D+00       0.27358D+00
       0.25300D+03       0.11031D-01       0.41828D-01       0.40423D+00       0.27399D+00
       0.25400D+03       0.11036D-01       0.24978D-01       0.40420D+00       0.27425D+00
       0.25500D+03       0.10995D-01       0.10508D-02       0.40418D+00       0.27345D+00
       0.25600D+03       0.10956D-01       0.39903D-01       0.40417D+00       0.27248D+00
       0.25700D+03       0.10969D-01       0.70071D-01       0.40414D+00       0.27419D+00
       0.25800D+03       0.11035D-01       0.12626D+00       0.40418D+00       0.27456D+00
       0.25900D+03       0.11007D-01       0.13980D+00       0.40417D+00       0.27633D+00
       0.26000D+03       0.11013D-01       0.10469D+00       0.40423D+00       0.27674D+00
       0.26100D+03       0.11024D-01       0.65806D-01       0.40421D+00       0.27570D+00
       0.26200D+03       0.11021D-01       0.12231D-01       0.40421D+00       0.27468D+00
       0.26300D+03       0.11001D-01       0.17436D-01       0.40418D+00       0.27366D+00
       0.26400D+03       0.10985D-01       0.15959D-01       0.40415D+00       0.27636D+00
       0.26500D+03       0.10995D-01       0.71802D-01       0.40416D+00       0.27535D+00
       0.26600D+03       0.11000D-01       0.11097D+00       0.40414D+00       0.27432D+00
       0.26700D+03       0.10993D-01       0.14013D+00       0.40420D+00       0.27473D+00
       0.26800D+03       0.10963D-01       0.12173D+00       0.40419D+00       0.27374D+00
       0.26900D+03       0.11033D-01       0.63323D-01       0.40423D+00       0.27414D+00
       0.27000D+03       0.11048D-01       0.35881D-01       0.40420D+00       0.27443D+00
       0.27100D+03       0.11008D-01       0.30839D-03       0.40419D+00       0.27350D+00
       0.27200D+03       0.10968D-01       0.27766D-01       0.40417D+00       0.27251D+00
       0.27300D+03       0.10977D-01       0.47935D-01       0.40414D+00       0.27406D+00
       0.27400D+03       0.11039D-01       0.10927D+00       0.40417D+00       0.27305D+00
       0.27500D+03       0.11024D-01       0.13748D+00       0.40416D+00       0.27483D+00
       0.27600D+03       0.10991D-01       0.12415D+00       0.40422D+00       0.27523D+00
       0.27700D+03       0.10986D-01       0.86647D-01       0.40420D+00       0.27426D+00
       0.27800D+03       0.11023D-01       0.26730D-01       0.40422D+00       0.27330D+00
       0.27900D+03       0.11019D-01       0.19456D-01       0.40419D+00       0.27354D+00
       0.28000D+03       0.10989D-01       0.54194D-02       0.40417D+00       0.27286D+00
       0.28100D+03       0.10967D-01       0.52655D-01       0.40417D+00       0.27214D+00
       0.28200D+03       0.10979D-01       0.88785D-01       0.40414D+00       0.27123D+00
       0.28300D+03       0.11015D-01       0.13576D+00       0.40419D+00       0.27159D+00
       0.28400D+03       0.10986D-01       0.13481D+00       0.40418D+00       0.27325D+00
       0.28500D+03       0.11028D-01       0.86396D-01       0.40423D+00       0.27490D+00
       0.28600D+03       0.11043D-01       0.50882D-01       0.40420D+00       0.27397D+00
       0.28700D+03       0.11018D-01       0.46623D-02       0.40420D+00       0.27306D+00
       0.28800D+03       0.10989D-01       0.19981D-01       0.40418D+00       0.27212D+00
       0.28900D+03       0.10986D-01       0.28512D-01       0.40415D+00       0.27360D+00
       0.29000D+03       0.11022D-01       0.88841D-01       0.40417D+00       0.27269D+00
       0.29100D+03       0.11019D-01       0.12581D+00       0.40415D+00       0.27180D+00
       0.29200D+03       0.10985D-01       0.13669D+00       0.40421D+00       0.27218D+00
       0.29300D+03       0.10967D-01       0.10729D+00       0.40420D+00       0.27128D+00
       0.29400D+03       0.11029D-01       0.45781D-01       0.40422D+00       0.27164D+00
       0.29500D+03       0.11036D-01       0.26752D-01       0.40420D+00       0.27187D+00
       0.29600D+03       0.10999D-01       0.51612D-03       0.40418D+00       0.27117D+00
       0.29700D+03       0.10964D-01       0.37240D-01       0.40417D+00       0.27034D+00
       0.29800D+03       0.10975D-01       0.65657D-01       0.40414D+00       0.27182D+00
       0.29900D+03       0.11035D-01       0.12336D+00       0.40418D+00       0.27215D+00
       0.30000D+03       0.11012D-01       0.14011D+00       0.40417D+00       0.27368D+00
       0.30100D+03       0.11009D-01       0.10882D+00       0.40422D+00       0.27405D+00
       0.30200D+03       0.11016D-01       0.69691D-01       0.40420D+00       0.27316D+00
       0.30300D+03       0.11021D-01       0.14605D-01       0.40421D+00       0.27228D+00
       0.30400D+03       0.11006D-01       0.17378D-01       0.40418D+00       0.27248D+00
       0.30500D+03       0.10989D-01       0.13471D-01       0.40416D+00       0.27267D+00
       0.30600D+03       0.10991D-01       0.67867D-01       0.40417D+00       0.27183D+00
       0.30700D+03       0.10998D-01       0.10691D+00       0.40415D+00       0.27101D+00
       0.30800D+03       0.10999D-01       0.14001D+00       0.40419D+00       0.27137D+00
       0.30900D+03       0.10972D-01       0.12474D+00       0.40419D+00       0.27166D+00
       0.31000D+03       0.11030D-01       0.67710D-01       0.40422D+00       0.27314D+00
       0.31100D+03       0.11044D-01       0.38463D-01       0.40420D+00       0.27339D+00
       0.31200D+03       0.11011D-01       0.74178D-03       0.40419D+00       0.27258D+00
       0.31300D+03       0.10977D-01       0.25904D-01       0.40417D+00       0.27173D+00
       0.31400D+03       0.10982D-01       0.43924D-01       0.40415D+00       0.27308D+00
       0.31500D+03       0.11036D-01       0.10552D+00       0.40417D+00       0.27220D+00
       0.31600D+03       0.11023D-01       0.13592D+00       0.40416D+00       0.27375D+00
       0.31700D+03       0.10991D-01       0.12721D+00       0.40421D+00       0.27410D+00
       0.31800D+03       0.10984D-01       0.90753D-01       0.40420D+00       0.27326D+00
       0.31900D+03       0.11022D-01       0.30108D-01       0.40422D+00       0.27243D+00
       0.32000D+03       0.11021D-01       0.20484D-01       0.40419D+00       0.27270D+00
       0.32100D+03       0.10993D-01       0.40495D-02       0.40417D+00       0.27210D+00
       0.32200D+03       0.10970D-01       0.49366D-01       0.40417D+00       0.27145D+00
       0.32300D+03       0.10981D-01       0.84302D-01       0.40415D+00       0.27068D+00
       0.32400D+03       0.11018D-01       0.13392D+00       0.40418D+00       0.27099D+00
       0.32500D+03       0.10993D-01       0.13652D+00       0.40418D+00       0.27245D+00
       0.32600D+03       0.11023D-01       0.90867D-01       0.40422D+00       0.27388D+00
       0.32700D+03       0.11035D-01       0.54239D-01       0.40420D+00       0.27308D+00
       0.32800D+03       0.11018D-01       0.61308D-02       0.40420D+00       0.27227D+00
       0.32900D+03       0.10994D-01       0.19044D-01       0.40418D+00       0.27146D+00
       0.33000D+03       0.10989D-01       0.25212D-01       0.40416D+00       0.27365D+00
       0.33100D+03       0.11015D-01       0.84728D-01       0.40417D+00       0.27285D+00
       0.33200D+03       0.11014D-01       0.12263D+00       0.40416D+00       0.27206D+00
       0.33300D+03       0.10989D-01       0.13809D+00       0.40420D+00       0.27239D+00
       0.33400D+03       0.10971D-01       0.11098D+00       0.40420D+00       0.27160D+00
       0.33500D+03       0.11028D-01       0.49841D-01       0.40422D+00       0.27192D+00
       0.33600D+03       0.11035D-01       0.28689D-01       0.40419D+00       0.27212D+00
       0.33700D+03       0.11002D-01       0.17055D-03       0.40418D+00       0.27150D+00
       0.33800D+03       0.10970D-01       0.34729D-01       0.40417D+00       0.27076D+00
       0.33900D+03       0.10980D-01       0.61297D-01       0.40415D+00       0.27206D+00
       0.34000D+03       0.11033D-01       0.12026D+00       0.40418D+00       0.27126D+00
       0.34100D+03       0.11015D-01       0.14006D+00       0.40417D+00       0.27272D+00
       0.34200D+03       0.11006D-01       0.11280D+00       0.40422D+00       0.27305D+00
       0.34300D+03       0.11009D-01       0.73667D-01       0.40420D+00       0.27227D+00
       0.34400D+03       0.11019D-01       0.17191D-01       0.40421D+00       0.27150D+00
       0.34500D+03       0.11009D-01       0.17538D-01       0.40419D+00       0.27168D+00
       0.34600D+03       0.10992D-01       0.11198D-01       0.40416D+00       0.27186D+00
       0.34700D+03       0.10988D-01       0.64030D-01       0.40417D+00       0.27111D+00
       0.34800D+03       0.10995D-01       0.10271D+00       0.40415D+00       0.27038D+00
       0.34900D+03       0.11004D-01       0.13954D+00       0.40419D+00       0.27070D+00
       0.35000D+03       0.10979D-01       0.12754D+00       0.40419D+00       0.27096D+00
       0.35100D+03       0.11028D-01       0.72145D-01       0.40422D+00       0.27227D+00
       0.35200D+03       0.11040D-01       0.41197D-01       0.40420D+00       0.27250D+00
       0.35300D+03       0.11012D-01       0.13657D-02       0.40419D+00       0.27179D+00
       0.35400D+03       0.10983D-01       0.24207D-01       0.40418D+00       0.27103D+00
       0.35500D+03       0.10986D-01       0.40024D-01       0.40415D+00       0.27223D+00
       0.35600D+03       0.11031D-01       0.10165D+00       0.40417D+00       0.27146D+00
       0.35700D+03       0.11021D-01       0.13401D+00       0.40416D+00       0.27283D+00
       0.35800D+03       0.10991D-01       0.12998D+00       0.40421D+00       0.27314D+00
       0.35900D+03       0.10983D-01       0.94826D-01       0.40420D+00       0.27239D+00
       0.36000D+03       0.11021D-01       0.33644D-01       0.40421D+00       0.27166D+00
       0.36100D+03       0.11022D-01       0.21703D-01       0.40419D+00       0.27186D+00
       0.36200D+03       0.10995D-01       0.28873D-02       0.40417D+00       0.27125D+00
       0.36300D+03       0.10972D-01       0.46225D-01       0.40417D+00       0.27052D+00
       0.36400D+03       0.10982D-01       0.79808D-01       0.40415D+00       0.27173D+00
       0.36500D+03       0.11020D-01       0.13179D+00       0.40418D+00       0.27200D+00
       0.36600D+03       0.10999D-01       0.13792D+00       0.40418D+00       0.27329D+00
       0.36700D+03       0.11019D-01       0.95297D-01       0.40422D+00       0.27457D+00
       0.36800D+03       0.11029D-01       0.57737D-01       0.40420D+00       0.27384D+00
       0.36900D+03       0.11017D-01       0.78135D-02       0.40420D+00       0.27312D+00
       0.37000D+03       0.10998D-01       0.18309D-01       0.40418D+00       0.27241D+00
       0.37100D+03       0.10991D-01       0.22090D-01       0.40416D+00       0.27430D+00
       0.37200D+03       0.11008D-01       0.80618D-01       0.40417D+00       0.27358D+00
       0.37300D+03       0.11010D-01       0.11919D+00       0.40416D+00       0.27287D+00
       0.37400D+03       0.10992D-01       0.13913D+00       0.40420D+00       0.27317D+00
       0.37500D+03       0.10974D-01       0.11454D+00       0.40419D+00       0.27246D+00
       0.37600D+03       0.11026D-01       0.53996D-01       0.40422D+00       0.27274D+00
       0.37700D+03       0.11034D-01       0.30784D-01       0.40419D+00       0.27295D+00
       0.37800D+03       0.11004D-01       0.11698D-04       0.40418D+00       0.27238D+00
       0.37900D+03       0.10975D-01       0.32369D-01       0.40417D+00       0.27172D+00
       0.38000D+03       0.10984D-01       0.57004D-01       0.40415D+00       0.27288D+00
       0.38100D+03       0.11031D-01       0.11698D+00       0.40418D+00       0.27215D+00
       0.38200D+03       0.11016D-01       0.13965D+00       0.40417D+00       0.27345D+00
       0.38300D+03       0.11002D-01       0.11661D+00       0.40421D+00       0.27374D+00
       0.38400D+03       0.11003D-01       0.77711D-01       0.40420D+00       0.27304D+00
       0.38500D+03       0.11018D-01       0.19983D-01       0.40421D+00       0.27235D+00
       0.38600D+03       0.11010D-01       0.17913D-01       0.40419D+00       0.27250D+00
       0.38700D+03       0.10993D-01       0.91427D-02       0.40417D+00       0.27346D+00
       0.38800D+03       0.10985D-01       0.60308D-01       0.40417D+00       0.27278D+00
       0.38900D+03       0.10992D-01       0.98411D-01       0.40415D+00       0.27208D+00
       0.39000D+03       0.11005D-01       0.13871D+00       0.40419D+00       0.27234D+00
       0.39100D+03       0.10984D-01       0.13011D+00       0.40419D+00       0.27259D+00
       0.39200D+03       0.11025D-01       0.76615D-01       0.40422D+00       0.27378D+00
       0.39300D+03       0.11036D-01       0.44081D-01       0.40420D+00       0.27398D+00
       0.39400D+03       0.11013D-01       0.21841D-02       0.40419D+00       0.27334D+00
       0.39500D+03       0.10988D-01       0.22681D-01       0.40418D+00       0.27266D+00
       0.39600D+03       0.10990D-01       0.36248D-01       0.40416D+00       0.27373D+00
       0.39700D+03       0.11025D-01       0.97690D-01       0.40417D+00       0.27307D+00
       0.39800D+03       0.11019D-01       0.13177D+00       0.40417D+00       0.27245D+00
       0.39900D+03       0.10991D-01       0.13245D+00       0.40420D+00       0.27273D+00
       0.40000D+03       0.10982D-01       0.98841D-01       0.40420D+00       0.27206D+00
       0.40100D+03       0.11021D-01       0.37324D-01       0.40421D+00       0.27139D+00
       0.40200D+03       0.11023D-01       0.23104D-01       0.40419D+00       0.27157D+00
       0.40300D+03       0.10998D-01       0.19277D-02       0.40418D+00       0.27108D+00
       0.40400D+03       0.10975D-01       0.43233D-01       0.40417D+00       0.27048D+00
       0.40500D+03       0.10984D-01       0.75322D-01       0.40415D+00       0.27071D+00
       0.40600D+03       0.11022D-01       0.12939D+00       0.40418D+00       0.27095D+00
       0.40700D+03       0.11003D-01       0.13899D+00       0.40418D+00       0.27209D+00
       0.40800D+03       0.11015D-01       0.99662D-01       0.40421D+00       0.27236D+00
       0.40900D+03       0.11022D-01       0.61370D-01       0.40420D+00       0.27171D+00
       0.41000D+03       0.11016D-01       0.97134D-02       0.40420D+00       0.27107D+00
       0.41100D+03       0.11001D-01       0.17783D-01       0.40418D+00       0.27043D+00
       0.41200D+03       0.10993D-01       0.19157D-01       0.40416D+00       0.27214D+00
       0.41300D+03       0.11003D-01       0.76538D-01       0.40417D+00       0.27151D+00
       0.41400D+03       0.11006D-01       0.11553D+00       0.40416D+00       0.27087D+00
       0.41500D+03       0.10995D-01       0.13980D+00       0.40419D+00       0.27114D+00
       0.41600D+03       0.10977D-01       0.11794D+00       0.40419D+00       0.27051D+00
       0.41700D+03       0.11025D-01       0.58236D-01       0.40421D+00       0.27077D+00
       0.41800D+03       0.11032D-01       0.33035D-01       0.40419D+00       0.27279D+00
       0.41900D+03       0.11006D-01       0.38457D-04       0.40419D+00       0.27231D+00
       0.42000D+03       0.10980D-01       0.30164D-01       0.40418D+00       0.27168D+00
       0.42100D+03       0.10986D-01       0.52788D-01       0.40416D+00       0.27272D+00
       0.42200D+03       0.11029D-01       0.11353D+00       0.40418D+00       0.27207D+00
       0.42300D+03       0.11017D-01       0.13886D+00       0.40417D+00       0.27324D+00
       0.42400D+03       0.11000D-01       0.12021D+00       0.40421D+00       0.27350D+00
       0.42500D+03       0.10999D-01       0.81802D-01       0.40420D+00       0.27287D+00
       0.42600D+03       0.11017D-01       0.22972D-01       0.40421D+00       0.27224D+00
       0.42700D+03       0.11012D-01       0.18500D-01       0.40419D+00       0.27238D+00
       0.42800D+03       0.10995D-01       0.73057D-02       0.40417D+00       0.27325D+00
       0.42900D+03       0.10984D-01       0.56713D-01       0.40417D+00       0.27412D+00
       0.43000D+03       0.10991D-01       0.94024D-01       0.40416D+00       0.27350D+00
       0.43100D+03       0.11008D-01       0.13755D+00       0.40419D+00       0.27373D+00
       0.43200D+03       0.10989D-01       0.13243D+00       0.40419D+00       0.27483D+00
       0.43300D+03       0.11022D-01       0.81105D-01       0.40421D+00       0.27590D+00
       0.43400D+03       0.11032D-01       0.47116D-01       0.40420D+00       0.27608D+00
       0.43500D+03       0.11013D-01       0.32016D-02       0.40419D+00       0.27549D+00
       0.43600D+03       0.10992D-01       0.21332D-01       0.40418D+00       0.27487D+00
       0.43700D+03       0.10992D-01       0.32608D-01       0.40416D+00       0.27584D+00
       0.43800D+03       0.11021D-01       0.93655D-01       0.40417D+00       0.27523D+00
       0.43900D+03       0.11017D-01       0.12921D+00       0.40417D+00       0.27468D+00
       0.44000D+03       0.10992D-01       0.13459D+00       0.40420D+00       0.27492D+00
       0.44100D+03       0.10982D-01       0.10278D+00       0.40419D+00       0.27431D+00
       0.44200D+03       0.11021D-01       0.41137D-01       0.40421D+00       0.27454D+00
       0.44300D+03       0.11024D-01       0.24680D-01       0.40419D+00       0.27470D+00
       0.44400D+03       0.11000D-01       0.11659D-02       0.40418D+00       0.27423D+00
       0.44500D+03       0.10978D-01       0.40393D-01       0.40417D+00       0.27368D+00
       0.44600D+03       0.10986D-01       0.70861D-01       0.40416D+00       0.27466D+00
       0.44700D+03       0.11023D-01       0.12675D+00       0.40418D+00       0.27487D+00
       0.44800D+03       0.11007D-01       0.13971D+00       0.40418D+00       0.27590D+00
       0.44900D+03       0.11011D-01       0.10394D+00       0.40421D+00       0.27613D+00
       0.45000D+03       0.11018D-01       0.65126D-01       0.40420D+00       0.27553D+00
       0.45100D+03       0.11016D-01       0.11832D-01       0.40420D+00       0.27495D+00
       0.45200D+03       0.11003D-01       0.17469D-01       0.40418D+00       0.27436D+00
       0.45300D+03       0.10995D-01       0.16423D-01       0.40417D+00       0.27593D+00
       0.45400D+03       0.11000D-01       0.72511D-01       0.40417D+00       0.27534D+00
       0.45500D+03       0.11004D-01       0.11167D+00       0.40416D+00       0.27474D+00
       0.45600D+03       0.10998D-01       0.14011D+00       0.40419D+00       0.27498D+00
       0.45700D+03       0.10981D-01       0.12118D+00       0.40419D+00       0.27440D+00
       0.45800D+03       0.11022D-01       0.62549D-01       0.40421D+00       0.27463D+00
       0.45900D+03       0.11031D-01       0.35438D-01       0.40419D+00       0.27480D+00
       0.46000D+03       0.11008D-01       0.25102D-03       0.40419D+00       0.27425D+00
       0.46100D+03       0.10984D-01       0.28114D-01       0.40418D+00       0.27367D+00
       0.46200D+03       0.10989D-01       0.48659D-01       0.40416D+00       0.27458D+00
       0.46300D+03       0.11026D-01       0.10993D+00       0.40418D+00       0.27398D+00
       0.46400D+03       0.11017D-01       0.13772D+00       0.40417D+00       0.27504D+00
       0.46500D+03       0.10998D-01       0.12358D+00       0.40420D+00       0.27527D+00
       0.46600D+03       0.10996D-01       0.85915D-01       0.40420D+00       0.27469D+00
       0.46700D+03       0.11017D-01       0.26147D-01       0.40421D+00       0.27412D+00
       0.46800D+03       0.11014D-01       0.19294D-01       0.40419D+00       0.27426D+00
       0.46900D+03       0.10997D-01       0.56852D-02       0.40417D+00       0.27386D+00
       0.47000D+03       0.10984D-01       0.53255D-01       0.40417D+00       0.27340D+00
       0.47100D+03       0.10991D-01       0.89580D-01       0.40416D+00       0.27285D+00
       0.47200D+03       0.11011D-01       0.13606D+00       0.40419D+00       0.27306D+00
       0.47300D+03       0.10994D-01       0.13448D+00       0.40418D+00       0.27406D+00
       0.47400D+03       0.11020D-01       0.85598D-01       0.40421D+00       0.27505D+00
       0.47500D+03       0.11029D-01       0.50300D-01       0.40420D+00       0.27449D+00
       0.47600D+03       0.11014D-01       0.44233D-02       0.40419D+00       0.27394D+00
       0.47700D+03       0.10996D-01       0.20168D-01       0.40418D+00       0.27337D+00
       0.47800D+03       0.10994D-01       0.29116D-01       0.40416D+00       0.27426D+00
       0.47900D+03       0.11016D-01       0.89570D-01       0.40417D+00       0.27371D+00
       0.48000D+03       0.11014D-01       0.12635D+00       0.40417D+00       0.27319D+00
       0.48100D+03       0.10994D-01       0.13640D+00       0.40420D+00       0.27342D+00
       0.48200D+03       0.10983D-01       0.10661D+00       0.40419D+00       0.27287D+00
       0.48300D+03       0.11020D-01       0.45070D-01       0.40421D+00       0.27308D+00
       0.48400D+03       0.11024D-01       0.26425D-01       0.40419D+00       0.27322D+00
       0.48500D+03       0.11002D-01       0.59729D-03       0.40418D+00       0.27280D+00
       0.48600D+03       0.10981D-01       0.37703D-01       0.40418D+00       0.27229D+00
       0.48700D+03       0.10988D-01       0.66439D-01       0.40416D+00       0.27319D+00
       0.48800D+03       0.11024D-01       0.12389D+00       0.40418D+00       0.27339D+00
       0.48900D+03       0.11010D-01       0.14008D+00       0.40418D+00       0.27432D+00
       0.49000D+03       0.11009D-01       0.10810D+00       0.40421D+00       0.27455D+00
       0.49100D+03       0.11013D-01       0.68993D-01       0.40420D+00       0.27400D+00
       0.49200D+03       0.11015D-01       0.14167D-01       0.40420D+00       0.27346D+00
       0.49300D+03       0.11006D-01       0.17372D-01       0.40418D+00       0.27358D+00
       0.49400D+03       0.10996D-01       0.13898D-01       0.40417D+00       0.27370D+00
       0.49500D+03       0.10998D-01       0.68560D-01       0.40417D+00       0.27318D+00
       0.49600D+03       0.11002D-01       0.10764D+00       0.40416D+00       0.27267D+00
       0.49700D+03       0.11002D-01       0.14006D+00       0.40419D+00       0.27289D+00
       0.49800D+03       0.10985D-01       0.12422D+00       0.40419D+00       0.27307D+00
       0.49900D+03       0.11022D-01       0.66926D-01       0.40421D+00       0.27398D+00
       0.50000D+03       0.11030D-01       0.37993D-01       0.40419D+00       0.27414D+00
       0.50100D+03       0.11009D-01       0.65085D-03       0.40419D+00       0.27363D+00
       0.50200D+03       0.10988D-01       0.26224D-01       0.40418D+00       0.27310D+00
       0.50300D+03       0.10992D-01       0.44629D-01       0.40416D+00       0.27394D+00
       0.50400D+03       0.11026D-01       0.10620D+00       0.40418D+00       0.27339D+00
       0.50500D+03       0.11017D-01       0.13622D+00       0.40417D+00       0.27436D+00
       0.50600D+03       0.10997D-01       0.12668D+00       0.40420D+00       0.27457D+00
       0.50700D+03       0.10993D-01       0.90024D-01       0.40419D+00       0.27404D+00
       0.50800D+03       0.11017D-01       0.29495D-01       0.40420D+00       0.27352D+00
       0.50900D+03       0.11015D-01       0.20287D-01       0.40419D+00       0.27365D+00
       0.51000D+03       0.10998D-01       0.42778D-02       0.40418D+00       0.27327D+00
       0.51100D+03       0.10984D-01       0.49940D-01       0.40417D+00       0.27286D+00
       0.51200D+03       0.10991D-01       0.85101D-01       0.40416D+00       0.27237D+00
       0.51300D+03       0.11014D-01       0.13427D+00       0.40418D+00       0.27257D+00
       0.51400D+03       0.10998D-01       0.13624D+00       0.40418D+00       0.27349D+00
       0.51500D+03       0.11018D-01       0.90074D-01       0.40421D+00       0.27440D+00
       0.51600D+03       0.11026D-01       0.53631D-01       0.40419D+00       0.27388D+00
       0.51700D+03       0.11014D-01       0.58541D-02       0.40419D+00       0.27337D+00
       0.51800D+03       0.10999D-01       0.19196D-01       0.40418D+00       0.27285D+00
       0.51900D+03       0.10996D-01       0.25787D-01       0.40417D+00       0.27424D+00
       0.52000D+03       0.11013D-01       0.85460D-01       0.40417D+00       0.27373D+00
       0.52100D+03       0.11012D-01       0.12321D+00       0.40417D+00       0.27322D+00
       0.52200D+03       0.10996D-01       0.13786D+00       0.40420D+00       0.27344D+00
       0.52300D+03       0.10984D-01       0.11033D+00       0.40419D+00       0.27293D+00
       0.52400D+03       0.11020D-01       0.49112D-01       0.40421D+00       0.27313D+00
       0.52500D+03       0.11025D-01       0.28333D-01       0.40419D+00       0.27326D+00
       0.52600D+03       0.11004D-01       0.21829D-03       0.40418D+00       0.27286D+00
       0.52700D+03       0.10984D-01       0.35164D-01       0.40418D+00       0.27238D+00
       0.52800D+03       0.10990D-01       0.62068D-01       0.40416D+00       0.27321D+00
       0.52900D+03       0.11024D-01       0.12083D+00       0.40418D+00       0.27269D+00
       0.53000D+03       0.11012D-01       0.14010D+00       0.40418D+00       0.27363D+00
       0.53100D+03       0.11007D-01       0.11211D+00       0.40420D+00       0.27384D+00
       0.53200D+03       0.11009D-01       0.72954D-01       0.40419D+00       0.27334D+00
       0.53300D+03       0.11015D-01       0.16716D-01       0.40420D+00       0.27284D+00
       0.53400D+03       0.11008D-01       0.17493D-01       0.40419D+00       0.27295D+00
       0.53500D+03       0.10997D-01       0.11586D-01       0.40417D+00       0.27307D+00
       0.53600D+03       0.10995D-01       0.64705D-01       0.40417D+00       0.27258D+00
       0.53700D+03       0.11000D-01       0.10347D+00       0.40416D+00       0.27211D+00
       0.53800D+03       0.11005D-01       0.13965D+00       0.40419D+00       0.27231D+00
       0.53900D+03       0.10989D-01       0.12706D+00       0.40419D+00       0.27248D+00
       0.54000D+03       0.11021D-01       0.71353D-01       0.40421D+00       0.27332D+00
       0.54100D+03       0.11029D-01       0.40700D-01       0.40419D+00       0.27347D+00
       0.54200D+03       0.11010D-01       0.12407D-02       0.40419D+00       0.27301D+00
       0.54300D+03       0.10991D-01       0.24497D-01       0.40418D+00       0.27251D+00
       0.54400D+03       0.10994D-01       0.40709D-01       0.40416D+00       0.27329D+00
       0.54500D+03       0.11023D-01       0.10235D+00       0.40418D+00       0.27279D+00
       0.54600D+03       0.11016D-01       0.13437D+00       0.40417D+00       0.27368D+00
       0.54700D+03       0.10997D-01       0.12951D+00       0.40420D+00       0.27388D+00
       0.54800D+03       0.10992D-01       0.94105D-01       0.40419D+00       0.27339D+00
       0.54900D+03       0.11017D-01       0.33004D-01       0.40420D+00       0.27291D+00
       0.55000D+03       0.11017D-01       0.21472D-01       0.40419D+00       0.27303D+00
       0.55100D+03       0.10999D-01       0.30790D-02       0.40418D+00       0.27267D+00
       0.55200D+03       0.10984D-01       0.46773D-01       0.40418D+00       0.27228D+00
       0.55300D+03       0.10991D-01       0.80607D-01       0.40416D+00       0.27307D+00
       0.55400D+03       0.11016D-01       0.13218D+00       0.40418D+00       0.27325D+00
       0.55500D+03       0.11001D-01       0.13769D+00       0.40418D+00       0.27410D+00
       0.55600D+03       0.11015D-01       0.94513D-01       0.40421D+00       0.27494D+00
       0.55700D+03       0.11022D-01       0.57105D-01       0.40419D+00       0.27446D+00
       0.55800D+03       0.11014D-01       0.74984D-02       0.40419D+00       0.27398D+00
       0.55900D+03       0.11001D-01       0.18425D-01       0.40418D+00       0.27350D+00
       0.56000D+03       0.10997D-01       0.22632D-01       0.40417D+00       0.27476D+00
       0.56100D+03       0.11009D-01       0.81348D-01       0.40418D+00       0.27428D+00
       0.56200D+03       0.11010D-01       0.11982D+00       0.40417D+00       0.27381D+00
       0.56300D+03       0.10997D-01       0.13897D+00       0.40419D+00       0.27401D+00
       0.56400D+03       0.10985D-01       0.11392D+00       0.40419D+00       0.27353D+00
       0.56500D+03       0.11020D-01       0.53250D-01       0.40421D+00       0.27372D+00
       0.56600D+03       0.11025D-01       0.30400D-01       0.40419D+00       0.27385D+00
       0.56700D+03       0.11005D-01       0.26355D-04       0.40418D+00       0.27347D+00
       0.56800D+03       0.10986D-01       0.32778D-01       0.40418D+00       0.27303D+00
       0.56900D+03       0.10992D-01       0.57762D-01       0.40416D+00       0.27380D+00
       0.57000D+03       0.11024D-01       0.11758D+00       0.40418D+00       0.27332D+00
       0.57100D+03       0.11013D-01       0.13975D+00       0.40418D+00       0.27419D+00
       0.57200D+03       0.11004D-01       0.11595D+00       0.40420D+00       0.27438D+00
       0.57300D+03       0.11005D-01       0.76988D-01       0.40419D+00       0.27391D+00
       0.57400D+03       0.11015D-01       0.19472D-01       0.40420D+00       0.27344D+00
       0.57500D+03       0.11009D-01       0.17831D-01       0.40419D+00       0.27354D+00
       0.57600D+03       0.10998D-01       0.94922D-02       0.40417D+00       0.27418D+00
       0.57700D+03       0.10993D-01       0.60961D-01       0.40418D+00       0.27373D+00
       0.57800D+03       0.10998D-01       0.99183D-01       0.40416D+00       0.27327D+00
       0.57900D+03       0.11006D-01       0.13888D+00       0.40419D+00       0.27346D+00
       0.58000D+03       0.10992D-01       0.12967D+00       0.40419D+00       0.27363D+00
       0.58100D+03       0.11019D-01       0.75818D-01       0.40421D+00       0.27443D+00
       0.58200D+03       0.11027D-01       0.43557D-01       0.40419D+00       0.27456D+00
       0.58300D+03       0.11011D-01       0.20241D-02       0.40419D+00       0.27413D+00
       0.58400D+03       0.10994D-01       0.22940D-01       0.40418D+00       0.27367D+00
       0.58500D+03       0.10995D-01       0.36910D-01       0.40417D+00       0.27439D+00
       0.58600D+03       0.11020D-01       0.98400D-01       0.40418D+00       0.27395D+00
       0.58700D+03       0.11015D-01       0.13219D+00       0.40417D+00       0.27352D+00
       0.58800D+03       0.10997D-01       0.13203D+00       0.40420D+00       0.27371D+00
       0.58900D+03       0.10991D-01       0.98132D-01       0.40419D+00       0.27325D+00
       0.59000D+03       0.11017D-01       0.36660D-01       0.40420D+00       0.27281D+00
       0.59100D+03       0.11018D-01       0.22841D-01       0.40419D+00       0.27293D+00
       0.59200D+03       0.11001D-01       0.20838D-02       0.40418D+00       0.27259D+00
       0.59300D+03       0.10986D-01       0.43754D-01       0.40418D+00       0.27218D+00
       0.59400D+03       0.10992D-01       0.76119D-01       0.40416D+00       0.27233D+00
       0.59500D+03       0.11017D-01       0.12984D+00       0.40418D+00       0.27250D+00
       0.59600D+03       0.11004D-01       0.13882D+00       0.40418D+00       0.27329D+00
       0.59700D+03       0.11013D-01       0.98892D-01       0.40420D+00       0.27408D+00
       0.59800D+03       0.11019D-01       0.60714D-01       0.40419D+00       0.27362D+00
       0.59900D+03       0.11014D-01       0.93595D-02       0.40420D+00       0.27319D+00
       0.60000D+03       0.11003D-01       0.17861D-01       0.40418D+00       0.27274D+00
       0.60100D+03       0.10998D-01       0.19664D-01       0.40417D+00       0.27391D+00
       0.60200D+03       0.11006D-01       0.77261D-01       0.40418D+00       0.27347D+00
       0.60300D+03       0.11008D-01       0.11620D+00       0.40417D+00       0.27303D+00
       0.60400D+03       0.10999D-01       0.13971D+00       0.40419D+00       0.27321D+00
       0.60500D+03       0.10987D-01       0.11735D+00       0.40419D+00       0.27278D+00
       0.60600D+03       0.11020D-01       0.57476D-01       0.40420D+00       0.27295D+00
       0.60700D+03       0.11025D-01       0.32623D-01       0.40419D+00       0.27308D+00
       0.60800D+03       0.11007D-01       0.20130D-04       0.40418D+00       0.27275D+00
       0.60900D+03       0.10989D-01       0.30545D-01       0.40418D+00       0.27231D+00
       0.61000D+03       0.10993D-01       0.53531D-01       0.40416D+00       0.27303D+00
       0.61100D+03       0.11023D-01       0.11415D+00       0.40418D+00       0.27258D+00
       0.61200D+03       0.11014D-01       0.13903D+00       0.40418D+00       0.27338D+00
       0.61300D+03       0.11003D-01       0.11959D+00       0.40420D+00       0.27357D+00
       0.61400D+03       0.11002D-01       0.81073D-01       0.40419D+00       0.27313D+00
       0.61500D+03       0.11014D-01       0.22427D-01       0.40420D+00       0.27269D+00
       0.61600D+03       0.11011D-01       0.18381D-01       0.40419D+00       0.27279D+00
       0.61700D+03       0.10999D-01       0.76165D-02       0.40418D+00       0.27339D+00
       0.61800D+03       0.10992D-01       0.57343D-01       0.40418D+00       0.27399D+00
       0.61900D+03       0.10997D-01       0.94809D-01       0.40417D+00       0.27357D+00
       0.62000D+03       0.11008D-01       0.13778D+00       0.40419D+00       0.27373D+00
       0.62100D+03       0.10995D-01       0.13203D+00       0.40419D+00       0.27449D+00
       0.62200D+03       0.11018D-01       0.80306D-01       0.40420D+00       0.27524D+00
       0.62300D+03       0.11025D-01       0.46565D-01       0.40419D+00       0.27536D+00
       0.62400D+03       0.11012D-01       0.30059D-02       0.40419D+00       0.27495D+00
       0.62500D+03       0.10997D-01       0.21559D-01       0.40418D+00       0.27452D+00
       0.62600D+03       0.10997D-01       0.33245D-01       0.40417D+00       0.27520D+00
       0.62700D+03       0.11017D-01       0.94377D-01       0.40418D+00       0.27478D+00
       0.62800D+03       0.11014D-01       0.12969D+00       0.40417D+00       0.27439D+00
       0.62900D+03       0.10997D-01       0.13424D+00       0.40420D+00       0.27456D+00
       0.63000D+03       0.10990D-01       0.10208D+00       0.40419D+00       0.27413D+00
       0.63100D+03       0.11017D-01       0.40450D-01       0.40420D+00       0.27430D+00
       0.63200D+03       0.11019D-01       0.24387D-01       0.40419D+00       0.27440D+00
       0.63300D+03       0.11002D-01       0.12871D-02       0.40418D+00       0.27408D+00
       0.63400D+03       0.10987D-01       0.40887D-01       0.40418D+00       0.27369D+00
       0.63500D+03       0.10992D-01       0.71652D-01       0.40416D+00       0.27438D+00
       0.63600D+03       0.11018D-01       0.12724D+00       0.40418D+00       0.27453D+00
       0.63700D+03       0.11007D-01       0.13961D+00       0.40418D+00       0.27525D+00
       0.63800D+03       0.11011D-01       0.10318D+00       0.40420D+00       0.27542D+00
       0.63900D+03       0.11015D-01       0.64450D-01       0.40419D+00       0.27500D+00
       0.64000D+03       0.11013D-01       0.11439D-01       0.40420D+00       0.27459D+00
       0.64100D+03       0.11004D-01       0.17509D-01       0.40418D+00       0.27417D+00
       0.64200D+03       0.10998D-01       0.16895D-01       0.40417D+00       0.27528D+00
       0.64300D+03       0.11003D-01       0.73223D-01       0.40418D+00       0.27487D+00
       0.64400D+03       0.11005D-01       0.11237D+00       0.40417D+00       0.27444D+00
       0.64500D+03       0.11001D-01       0.14009D+00       0.40419D+00       0.27461D+00
       0.64600D+03       0.10989D-01       0.12061D+00       0.40419D+00       0.27420D+00
       0.64700D+03       0.11018D-01       0.61777D-01       0.40420D+00       0.27437D+00
       0.64800D+03       0.11024D-01       0.34999D-01       0.40419D+00       0.27449D+00
       0.64900D+03       0.11008D-01       0.19958D-03       0.40419D+00       0.27410D+00
       0.65000D+03       0.10991D-01       0.28467D-01       0.40418D+00       0.27368D+00
       0.65100D+03       0.10995D-01       0.49387D-01       0.40417D+00       0.27433D+00
       0.65200D+03       0.11021D-01       0.11058D+00       0.40418D+00       0.27391D+00
       0.65300D+03       0.11014D-01       0.13795D+00       0.40418D+00       0.27466D+00
       0.65400D+03       0.11001D-01       0.12299D+00       0.40420D+00       0.27482D+00
       0.65500D+03       0.11000D-01       0.85183D-01       0.40419D+00       0.27442D+00
       0.65600D+03       0.11014D-01       0.25569D-01       0.40420D+00       0.27401D+00
       0.65700D+03       0.11012D-01       0.19138D-01       0.40419D+00       0.27411D+00
       0.65800D+03       0.11000D-01       0.59577D-02       0.40418D+00       0.27467D+00
       0.65900D+03       0.10991D-01       0.53860D-01       0.40418D+00       0.27523D+00
       0.66000D+03       0.10996D-01       0.90374D-01       0.40417D+00       0.27484D+00
       0.66100D+03       0.11010D-01       0.13635D+00       0.40419D+00       0.27499D+00
       0.66200D+03       0.10998D-01       0.13413D+00       0.40418D+00       0.27570D+00
       0.66300D+03       0.11017D-01       0.84799D-01       0.40420D+00       0.27640D+00
       0.66400D+03       0.11023D-01       0.49723D-01       0.40419D+00       0.27600D+00
       0.66500D+03       0.11012D-01       0.41908D-02       0.40419D+00       0.27560D+00
       0.66600D+03       0.10999D-01       0.20361D-01       0.40418D+00       0.27520D+00
       0.66700D+03       0.10998D-01       0.29726D-01       0.40417D+00       0.27583D+00
       0.66800D+03       0.11015D-01       0.90300D-01       0.40418D+00       0.27543D+00
       0.66900D+03       0.11013D-01       0.12688D+00       0.40417D+00       0.27506D+00
       0.67000D+03       0.10998D-01       0.13611D+00       0.40419D+00       0.27522D+00
       0.67100D+03       0.10990D-01       0.10594D+00       0.40419D+00       0.27482D+00
       0.67200D+03       0.11017D-01       0.44363D-01       0.40420D+00       0.27497D+00
       0.67300D+03       0.11019D-01       0.26102D-01       0.40419D+00       0.27507D+00
       0.67400D+03       0.11004D-01       0.68447D-03       0.40418D+00       0.27476D+00
       0.67500D+03       0.10988D-01       0.38170D-01       0.40418D+00       0.27439D+00
       0.67600D+03       0.10993D-01       0.67222D-01       0.40417D+00       0.27504D+00
       0.67700D+03       0.11019D-01       0.12442D+00       0.40418D+00       0.27518D+00
       0.67800D+03       0.11009D-01       0.14004D+00       0.40418D+00       0.27585D+00
       0.67900D+03       0.11009D-01       0.10737D+00       0.40420D+00       0.27601D+00
       0.68000D+03       0.11012D-01       0.68298D-01       0.40419D+00       0.27561D+00
       0.68100D+03       0.11013D-01       0.13736D-01       0.40420D+00       0.27522D+00
       0.68200D+03       0.11006D-01       0.17374D-01       0.40418D+00       0.27483D+00
       0.68300D+03       0.10999D-01       0.14331D-01       0.40417D+00       0.27539D+00
       0.68400D+03       0.11001D-01       0.69256D-01       0.40418D+00       0.27501D+00
       0.68500D+03       0.11004D-01       0.10837D+00       0.40417D+00       0.27464D+00
       0.68600D+03       0.11003D-01       0.14010D+00       0.40419D+00       0.27480D+00
       0.68700D+03       0.10991D-01       0.12369D+00       0.40419D+00       0.27492D+00
       0.68800D+03       0.11018D-01       0.66143D-01       0.40420D+00       0.27558D+00
       0.68900D+03       0.11024D-01       0.37528D-01       0.40419D+00       0.27569D+00
       0.69000D+03       0.11009D-01       0.56595D-03       0.40419D+00       0.27532D+00
       0.69100D+03       0.10993D-01       0.26548D-01       0.40418D+00       0.27493D+00
       0.69200D+03       0.10996D-01       0.45338D-01       0.40417D+00       0.27554D+00
       0.69300D+03       0.11020D-01       0.10687D+00       0.40418D+00       0.27514D+00
       0.69400D+03       0.11014D-01       0.13651D+00       0.40418D+00       0.27584D+00
       0.69500D+03       0.11000D-01       0.12615D+00       0.40420D+00       0.27600D+00
       0.69600D+03       0.10998D-01       0.89295D-01       0.40419D+00       0.27561D+00
       0.69700D+03       0.11014D-01       0.28888D-01       0.40420D+00       0.27523D+00
       0.69800D+03       0.11013D-01       0.20096D-01       0.40419D+00       0.27532D+00
       0.69900D+03       0.11001D-01       0.45127D-02       0.40418D+00       0.27504D+00
       0.70000D+03       0.10991D-01       0.50519D-01       0.40418D+00       0.27474D+00
       0.70100D+03       0.10996D-01       0.85899D-01       0.40417D+00       0.27438D+00
       0.70200D+03       0.11012D-01       0.13461D+00       0.40418D+00       0.27452D+00
       0.70300D+03       0.11000D-01       0.13595D+00       0.40418D+00       0.27519D+00
       0.70400D+03       0.11015D-01       0.89280D-01       0.40420D+00       0.27585D+00
       0.70500D+03       0.11021D-01       0.53028D-01       0.40419D+00       0.27548D+00
       0.70600D+03       0.11012D-01       0.55841D-02       0.40419D+00       0.27509D+00
       0.70700D+03       0.11001D-01       0.19355D-01       0.40418D+00       0.27472D+00
       0.70800D+03       0.10999D-01       0.26366D-01       0.40417D+00       0.27532D+00
       0.70900D+03       0.11012D-01       0.86192D-01       0.40418D+00       0.27494D+00
       0.71000D+03       0.11011D-01       0.12379D+00       0.40417D+00       0.27457D+00
       0.71100D+03       0.10999D-01       0.13763D+00       0.40419D+00       0.27472D+00
       0.71200D+03       0.10990D-01       0.10968D+00       0.40419D+00       0.27435D+00
       0.71300D+03       0.11017D-01       0.48385D-01       0.40420D+00       0.27449D+00
       0.71400D+03       0.11020D-01       0.27982D-01       0.40419D+00       0.27458D+00
       0.71500D+03       0.11005D-01       0.27198D-03       0.40418D+00       0.27429D+00
       0.71600D+03       0.10990D-01       0.35605D-01       0.40418D+00       0.27394D+00
       0.71700D+03       0.10994D-01       0.62841D-01       0.40417D+00       0.27455D+00
       0.71800D+03       0.11019D-01       0.12139D+00       0.40418D+00       0.27416D+00
       0.71900D+03       0.11010D-01       0.14012D+00       0.40418D+00       0.27486D+00
       0.72000D+03       0.11007D-01       0.11141D+00       0.40420D+00       0.27501D+00
       0.72100D+03       0.11009D-01       0.72243D-01       0.40419D+00       0.27463D+00
       0.72200D+03       0.11013D-01       0.16247D-01       0.40420D+00       0.27426D+00
       0.72300D+03       0.11008D-01       0.17456D-01       0.40418D+00       0.27435D+00
       0.72400D+03       0.11000D-01       0.11982D-01       0.40417D+00       0.27443D+00
       0.72500D+03       0.10999D-01       0.65383D-01       0.40418D+00       0.27407D+00
       0.72600D+03       0.11002D-01       0.10422D+00       0.40417D+00       0.27371D+00
       0.72700D+03       0.11005D-01       0.13975D+00       0.40419D+00       0.27386D+00
       0.72800D+03       0.10993D-01       0.12657D+00       0.40419D+00       0.27398D+00
       0.72900D+03       0.11017D-01       0.70563D-01       0.40420D+00       0.27461D+00
       0.73000D+03       0.11023D-01       0.40207D-01       0.40419D+00       0.27471D+00
       0.73100D+03       0.11010D-01       0.11217D-02       0.40419D+00       0.27437D+00
       0.73200D+03       0.10995D-01       0.24792D-01       0.40418D+00       0.27400D+00
       0.73300D+03       0.10997D-01       0.41398D-01       0.40417D+00       0.27458D+00
       0.73400D+03       0.11019D-01       0.10304D+00       0.40418D+00       0.27420D+00
       0.73500D+03       0.11014D-01       0.13473D+00       0.40418D+00       0.27486D+00
       0.73600D+03       0.11000D-01       0.12903D+00       0.40420D+00       0.27501D+00
       0.73700D+03       0.10996D-01       0.93382D-01       0.40419D+00       0.27464D+00
       0.73800D+03       0.11014D-01       0.32369D-01       0.40420D+00       0.27428D+00
       0.73900D+03       0.11014D-01       0.21248D-01       0.40419D+00       0.27437D+00
       0.74000D+03       0.11002D-01       0.32772D-02       0.40418D+00       0.27411D+00
       0.74100D+03       0.10991D-01       0.47325D-01       0.40418D+00       0.27382D+00
       0.74200D+03       0.10995D-01       0.81407D-01       0.40417D+00       0.27439D+00
       0.74300D+03       0.11014D-01       0.13257D+00       0.40418D+00       0.27452D+00
       0.74400D+03       0.11003D-01       0.13746D+00       0.40418D+00       0.27516D+00
       0.74500D+03       0.11014D-01       0.93728D-01       0.40420D+00       0.27578D+00
       0.74600D+03       0.11019D-01       0.56477D-01       0.40419D+00       0.27543D+00
       0.74700D+03       0.11012D-01       0.71902D-02       0.40419D+00       0.27507D+00
       0.74800D+03       0.11002D-01       0.18547D-01       0.40418D+00       0.27471D+00
       0.74900D+03       0.11000D-01       0.23180D-01       0.40417D+00       0.27565D+00
       0.75000D+03       0.11009D-01       0.82078D-01       0.40418D+00       0.27529D+00
       0.75100D+03       0.11010D-01       0.12044D+00       0.40417D+00       0.27494D+00
       0.75200D+03       0.11000D-01       0.13880D+00       0.40419D+00       0.27508D+00
       0.75300D+03       0.10991D-01       0.11329D+00       0.40419D+00       0.27473D+00
       0.75400D+03       0.11017D-01       0.52508D-01       0.40420D+00       0.27486D+00
       0.75500D+03       0.11020D-01       0.30021D-01       0.40419D+00       0.27496D+00
       0.75600D+03       0.11006D-01       0.46906D-04       0.40418D+00       0.27468D+00
       0.75700D+03       0.10991D-01       0.33191D-01       0.40418D+00       0.27434D+00
       0.75800D+03       0.10996D-01       0.58523D-01       0.40417D+00       0.27492D+00
       0.75900D+03       0.11020D-01       0.11817D+00       0.40418D+00       0.27455D+00
       0.76000D+03       0.11012D-01       0.13984D+00       0.40418D+00       0.27521D+00
       0.76100D+03       0.11006D-01       0.11528D+00       0.40420D+00       0.27535D+00
       0.76200D+03       0.11006D-01       0.76266D-01       0.40419D+00       0.27499D+00
       0.76300D+03       0.11013D-01       0.18967D-01       0.40420D+00       0.27465D+00
       0.76400D+03       0.11009D-01       0.17755D-01       0.40419D+00       0.27472D+00
       0.76500D+03       0.11001D-01       0.98487D-02       0.40418D+00       0.27520D+00
       0.76600D+03       0.10997D-01       0.61618D-01       0.40418D+00       0.27486D+00
       0.76700D+03       0.11001D-01       0.99953D-01       0.40417D+00       0.27452D+00
       0.76800D+03       0.11007D-01       0.13904D+00       0.40419D+00       0.27466D+00
       0.76900D+03       0.10995D-01       0.12922D+00       0.40419D+00       0.27477D+00
       0.77000D+03       0.11017D-01       0.75022D-01       0.40420D+00       0.27536D+00
       0.77100D+03       0.11022D-01       0.43038D-01       0.40419D+00       0.27546D+00
       0.77200D+03       0.11010D-01       0.18705D-02       0.40419D+00       0.27513D+00
       0.77300D+03       0.10997D-01       0.23204D-01       0.40418D+00       0.27478D+00
       0.77400D+03       0.10998D-01       0.37576D-01       0.40417D+00       0.27533D+00
       0.77500D+03       0.11017D-01       0.99108D-01       0.40418D+00       0.27498D+00
       0.77600D+03       0.11014D-01       0.13260D+00       0.40417D+00       0.27466D+00
       0.77700D+03       0.10999D-01       0.13161D+00       0.40419D+00       0.27480D+00
       0.77800D+03       0.10995D-01       0.97421D-01       0.40419D+00       0.27445D+00
       0.77900D+03       0.11014D-01       0.35999D-01       0.40420D+00       0.27411D+00
       0.78000D+03       0.11015D-01       0.22585D-01       0.40419D+00       0.27420D+00
       0.78100D+03       0.11002D-01       0.22462D-02       0.40418D+00       0.27395D+00
       0.78200D+03       0.10991D-01       0.44280D-01       0.40418D+00       0.27363D+00
       0.78300D+03       0.10995D-01       0.76916D-01       0.40417D+00       0.27375D+00
       0.78400D+03       0.11015D-01       0.13027D+00       0.40418D+00       0.27387D+00
       0.78500D+03       0.11005D-01       0.13864D+00       0.40418D+00       0.27447D+00
       0.78600D+03       0.11012D-01       0.98119D-01       0.40420D+00       0.27507D+00
       0.78700D+03       0.11016D-01       0.60063D-01       0.40419D+00       0.27472D+00
       0.78800D+03       0.11012D-01       0.90126D-02       0.40419D+00       0.27439D+00
       0.78900D+03       0.11004D-01       0.17946D-01       0.40418D+00       0.27405D+00
       0.79000D+03       0.11000D-01       0.20178D-01       0.40417D+00       0.27494D+00
       0.79100D+03       0.11006D-01       0.77985D-01       0.40418D+00       0.27460D+00
       0.79200D+03       0.11008D-01       0.11686D+00       0.40417D+00       0.27426D+00
       0.79300D+03       0.11001D-01       0.13960D+00       0.40419D+00       0.27440D+00
       0.79400D+03       0.10992D-01       0.11675D+00       0.40419D+00       0.27407D+00
       0.79500D+03       0.11017D-01       0.56718D-01       0.40420D+00       0.27420D+00
       0.79600D+03       0.11021D-01       0.32217D-01       0.40419D+00       0.27429D+00
       0.79700D+03       0.11007D-01       0.76954D-05       0.40418D+00       0.27404D+00
       0.79800D+03       0.10993D-01       0.30931D-01       0.40418D+00       0.27370D+00
       0.79900D+03       0.10997D-01       0.54278D-01       0.40417D+00       0.27425D+00
       0.80000D+03       0.11019D-01       0.11477D+00       0.40418D+00       0.27390D+00
       0.80100D+03       0.11012D-01       0.13918D+00       0.40418D+00       0.27452D+00
       0.80200D+03       0.11004D-01       0.11895D+00       0.40420D+00       0.27466D+00
       0.80300D+03       0.11004D-01       0.80343D-01       0.40419D+00       0.27432D+00
       0.80400D+03       0.11013D-01       0.21887D-01       0.40420D+00       0.27399D+00
       0.80500D+03       0.11010D-01       0.18267D-01       0.40419D+00       0.27406D+00
       0.80600D+03       0.11001D-01       0.79342D-02       0.40418D+00       0.27452D+00
       0.80700D+03       0.10996D-01       0.57977D-01       0.40418D+00       0.27498D+00
       0.80800D+03       0.10999D-01       0.95593D-01       0.40417D+00       0.27464D+00
       0.80900D+03       0.11008D-01       0.13800D+00       0.40419D+00       0.27476D+00
       0.81000D+03       0.10997D-01       0.13163D+00       0.40419D+00       0.27535D+00
       0.81100D+03       0.11016D-01       0.79507D-01       0.40420D+00       0.27592D+00
       0.81200D+03       0.11021D-01       0.46019D-01       0.40419D+00       0.27601D+00
       0.81300D+03       0.11011D-01       0.28166D-02       0.40419D+00       0.27570D+00
       0.81400D+03       0.10999D-01       0.21791D-01       0.40418D+00       0.27537D+00
       0.81500D+03       0.10999D-01       0.33886D-01       0.40417D+00       0.27589D+00
       0.81600D+03       0.11015D-01       0.95097D-01       0.40418D+00       0.27556D+00
       0.81700D+03       0.11013D-01       0.13016D+00       0.40417D+00       0.27527D+00
       0.81800D+03       0.10999D-01       0.13387D+00       0.40419D+00       0.27540D+00
       0.81900D+03       0.10994D-01       0.10139D+00       0.40419D+00       0.27507D+00
       0.82000D+03       0.11014D-01       0.39767D-01       0.40420D+00       0.27519D+00
       0.82100D+03       0.11016D-01       0.24099D-01       0.40419D+00       0.27527D+00
       0.82200D+03       0.11003D-01       0.14145D-02       0.40418D+00       0.27502D+00
       0.82300D+03       0.10991D-01       0.41386D-01       0.40418D+00       0.27472D+00
       0.82400D+03       0.10996D-01       0.72444D-01       0.40417D+00       0.27525D+00
       0.82500D+03       0.11016D-01       0.12772D+00       0.40418D+00       0.27537D+00
       0.82600D+03       0.11006D-01       0.13949D+00       0.40418D+00       0.27592D+00
       0.82700D+03       0.11010D-01       0.10243D+00       0.40420D+00       0.27605D+00
       0.82800D+03       0.11014D-01       0.63777D-01       0.40419D+00       0.27573D+00
       0.82900D+03       0.11012D-01       0.11053D-01       0.40419D+00       0.27541D+00
       0.83000D+03       0.11005D-01       0.17556D-01       0.40418D+00       0.27508D+00
       0.83100D+03       0.11000D-01       0.17372D-01       0.40417D+00       0.27594D+00
       0.83200D+03       0.11004D-01       0.73936D-01       0.40418D+00       0.27562D+00
       0.83300D+03       0.11006D-01       0.11307D+00       0.40417D+00       0.27529D+00
       0.83400D+03       0.11002D-01       0.14005D+00       0.40419D+00       0.27542D+00
       0.83500D+03       0.10993D-01       0.12005D+00       0.40419D+00       0.27510D+00
       0.83600D+03       0.11016D-01       0.61007D-01       0.40420D+00       0.27523D+00
       0.83700D+03       0.11020D-01       0.34566D-01       0.40419D+00       0.27532D+00
       0.83800D+03       0.11007D-01       0.15407D-03       0.40419D+00       0.27502D+00
       0.83900D+03       0.10994D-01       0.28825D-01       0.40418D+00       0.27470D+00
       0.84000D+03       0.10997D-01       0.50117D-01       0.40417D+00       0.27520D+00
       0.84100D+03       0.11018D-01       0.11123D+00       0.40418D+00       0.27487D+00
       0.84200D+03       0.11013D-01       0.13817D+00       0.40418D+00       0.27545D+00
       0.84300D+03       0.11003D-01       0.12241D+00       0.40420D+00       0.27558D+00
       0.84400D+03       0.11002D-01       0.84451D-01       0.40419D+00       0.27526D+00
       0.84500D+03       0.11013D-01       0.24997D-01       0.40420D+00       0.27494D+00
       0.84600D+03       0.11011D-01       0.18989D-01       0.40419D+00       0.27501D+00
       0.84700D+03       0.11001D-01       0.62370D-02       0.40418D+00       0.27544D+00
       0.84800D+03       0.10995D-01       0.54469D-01       0.40418D+00       0.27588D+00
       0.84900D+03       0.10998D-01       0.91166D-01       0.40417D+00       0.27558D+00
       0.85000D+03       0.11009D-01       0.13662D+00       0.40419D+00       0.27569D+00
       0.85100D+03       0.10999D-01       0.13378D+00       0.40418D+00       0.27624D+00
       0.85200D+03       0.11015D-01       0.84001D-01       0.40420D+00       0.27679D+00
       0.85300D+03       0.11020D-01       0.49151D-01       0.40419D+00       0.27648D+00
       0.85400D+03       0.11011D-01       0.39650D-02       0.40419D+00       0.27617D+00
       0.85500D+03       0.11000D-01       0.20560D-01       0.40418D+00       0.27585D+00
       0.85600D+03       0.11000D-01       0.30340D-01       0.40417D+00       0.27595D+00
       0.85700D+03       0.11013D-01       0.91028D-01       0.40418D+00       0.27564D+00
       0.85800D+03       0.11012D-01       0.12740D+00       0.40417D+00       0.27535D+00
       0.85900D+03       0.11000D-01       0.13580D+00       0.40419D+00       0.27548D+00
       0.86000D+03       0.10994D-01       0.10526D+00       0.40419D+00       0.27517D+00
       0.86100D+03       0.11015D-01       0.43658D-01       0.40420D+00       0.27528D+00
       0.86200D+03       0.11017D-01       0.25785D-01       0.40419D+00       0.27536D+00
       0.86300D+03       0.11004D-01       0.77767D-03       0.40418D+00       0.27512D+00
       0.86400D+03       0.10992D-01       0.38642D-01       0.40418D+00       0.27483D+00
       0.86500D+03       0.10996D-01       0.68006D-01       0.40417D+00       0.27533D+00
       0.86600D+03       0.11016D-01       0.12493D+00       0.40418D+00       0.27544D+00
       0.86700D+03       0.11008D-01       0.13999D+00       0.40418D+00       0.27597D+00
       0.86800D+03       0.11009D-01       0.10663D+00       0.40420D+00       0.27610D+00
       0.86900D+03       0.11011D-01       0.67606D-01       0.40419D+00       0.27578D+00
       0.87000D+03       0.11012D-01       0.13312D-01       0.40419D+00       0.27548D+00
       0.87100D+03       0.11006D-01       0.17382D-01       0.40418D+00       0.27517D+00
       0.87200D+03       0.11001D-01       0.14772D-01       0.40418D+00       0.27598D+00
       0.87300D+03       0.11003D-01       0.69956D-01       0.40418D+00       0.27568D+00
       0.87400D+03       0.11005D-01       0.10909D+00       0.40417D+00       0.27536D+00
       0.87500D+03       0.11004D-01       0.14012D+00       0.40419D+00       0.27548D+00
       0.87600D+03       0.10994D-01       0.12316D+00       0.40419D+00       0.27558D+00
       0.87700D+03       0.11015D-01       0.65363D-01       0.40420D+00       0.27610D+00
       0.87800D+03       0.11020D-01       0.37067D-01       0.40419D+00       0.27619D+00
       0.87900D+03       0.11008D-01       0.48705D-03       0.40419D+00       0.27589D+00
       0.88000D+03       0.10996D-01       0.26878D-01       0.40418D+00       0.27559D+00
       0.88100D+03       0.10998D-01       0.46051D-01       0.40417D+00       0.27606D+00
       0.88200D+03       0.11017D-01       0.10754D+00       0.40418D+00       0.27575D+00
       0.88300D+03       0.11013D-01       0.13679D+00       0.40418D+00       0.27630D+00
       0.88400D+03       0.11002D-01       0.12561D+00       0.40419D+00       0.27642D+00
       0.88500D+03       0.11000D-01       0.88565D-01       0.40419D+00       0.27612D+00
       0.88600D+03       0.11013D-01       0.28285D-01       0.40420D+00       0.27582D+00
       0.88700D+03       0.11012D-01       0.19912D-01       0.40419D+00       0.27589D+00
       0.88800D+03       0.11002D-01       0.47543D-02       0.40418D+00       0.27567D+00
       0.88900D+03       0.10994D-01       0.51103D-01       0.40418D+00       0.27543D+00
       0.89000D+03       0.10998D-01       0.86697D-01       0.40417D+00       0.27515D+00
       0.89100D+03       0.11011D-01       0.13494D+00       0.40418D+00       0.27526D+00
       0.89200D+03       0.11001D-01       0.13565D+00       0.40418D+00       0.27578D+00
       0.89300D+03       0.11014D-01       0.88485D-01       0.40420D+00       0.27631D+00
       0.89400D+03       0.11018D-01       0.52430D-01       0.40419D+00       0.27601D+00
       0.89500D+03       0.11011D-01       0.53209D-02       0.40419D+00       0.27572D+00
       0.89600D+03       0.11002D-01       0.19519D-01       0.40418D+00       0.27544D+00
       0.89700D+03       0.11001D-01       0.26952D-01       0.40417D+00       0.27591D+00
       0.89800D+03       0.11011D-01       0.86923D-01       0.40418D+00       0.27561D+00
       0.89900D+03       0.11011D-01       0.12436D+00       0.40417D+00       0.27532D+00
       0.90000D+03       0.11000D-01       0.13739D+00       0.40419D+00       0.27544D+00
       0.90100D+03       0.10994D-01       0.10903D+00       0.40419D+00       0.27514D+00
       0.90200D+03       0.11015D-01       0.47662D-01       0.40420D+00       0.27526D+00
       0.90300D+03       0.11017D-01       0.27636D-01       0.40419D+00       0.27533D+00
       0.90400D+03       0.11005D-01       0.33159D-03       0.40418D+00       0.27510D+00
       0.90500D+03       0.10993D-01       0.36050D-01       0.40418D+00       0.27482D+00
       0.90600D+03       0.10997D-01       0.63616D-01       0.40417D+00       0.27530D+00
       0.90700D+03       0.11017D-01       0.12194D+00       0.40418D+00       0.27541D+00
       0.90800D+03       0.11010D-01       0.14013D+00       0.40418D+00       0.27593D+00
       0.90900D+03       0.11008D-01       0.11070D+00       0.40420D+00       0.27605D+00
       0.91000D+03       0.11009D-01       0.71536D-01       0.40419D+00       0.27575D+00
       0.91100D+03       0.11012D-01       0.15785D-01       0.40419D+00       0.27545D+00
       0.91200D+03       0.11007D-01       0.17425D-01       0.40418D+00       0.27552D+00
       0.91300D+03       0.11002D-01       0.12384D-01       0.40418D+00       0.27558D+00
       0.91400D+03       0.11001D-01       0.66064D-01       0.40418D+00       0.27529D+00
       0.91500D+03       0.11004D-01       0.10497D+00       0.40417D+00       0.27501D+00
       0.91600D+03       0.11005D-01       0.13984D+00       0.40419D+00       0.27513D+00
       0.91700D+03       0.10996D-01       0.12607D+00       0.40419D+00       0.27522D+00
       0.91800D+03       0.11015D-01       0.69773D-01       0.40420D+00       0.27572D+00
       0.91900D+03       0.11020D-01       0.39720D-01       0.40419D+00       0.27580D+00
       0.92000D+03       0.11009D-01       0.10089D-02       0.40419D+00       0.27552D+00
       0.92100D+03       0.10998D-01       0.25092D-01       0.40418D+00       0.27523D+00
       0.92200D+03       0.10999D-01       0.42090D-01       0.40417D+00       0.27569D+00
       0.92300D+03       0.11017D-01       0.10373D+00       0.40418D+00       0.27539D+00
       0.92400D+03       0.11013D-01       0.13507D+00       0.40418D+00       0.27591D+00
       0.92500D+03       0.11001D-01       0.12854D+00       0.40419D+00       0.27603D+00
       0.92600D+03       0.10999D-01       0.92658D-01       0.40419D+00       0.27573D+00
       0.92700D+03       0.11013D-01       0.31738D-01       0.40420D+00       0.27545D+00
       0.92800D+03       0.11013D-01       0.21029D-01       0.40419D+00       0.27552D+00
       0.92900D+03       0.11003D-01       0.34819D-02       0.40418D+00       0.27530D+00
       0.93000D+03       0.10994D-01       0.47883D-01       0.40418D+00       0.27508D+00
       0.93100D+03       0.10998D-01       0.82206D-01       0.40417D+00       0.27480D+00
       0.93200D+03       0.11012D-01       0.13296D+00       0.40418D+00       0.27491D+00
       0.93300D+03       0.11003D-01       0.13721D+00       0.40418D+00       0.27541D+00
       0.93400D+03       0.11013D-01       0.92940D-01       0.40420D+00       0.27591D+00
       0.93500D+03       0.11017D-01       0.55853D-01       0.40419D+00       0.27562D+00
       0.93600D+03       0.11011D-01       0.68888D-02       0.40419D+00       0.27534D+00
       0.93700D+03       0.11003D-01       0.18676D-01       0.40418D+00       0.27505D+00
       0.93800D+03       0.11001D-01       0.23733D-01       0.40417D+00       0.27580D+00
       0.93900D+03       0.11009D-01       0.82809D-01       0.40418D+00       0.27551D+00
       0.94000D+03       0.11009D-01       0.12106D+00       0.40417D+00       0.27523D+00
       0.94100D+03       0.11001D-01       0.13862D+00       0.40419D+00       0.27535D+00
       0.94200D+03       0.10994D-01       0.11266D+00       0.40419D+00       0.27506D+00
       0.94300D+03       0.11015D-01       0.51768D-01       0.40420D+00       0.27517D+00
       0.94400D+03       0.11018D-01       0.29647D-01       0.40419D+00       0.27524D+00
       0.94500D+03       0.11006D-01       0.73342D-04       0.40418D+00       0.27502D+00
