       0.10000D+01       0.47045D+00       0.33646D-01       0.46110D+00       0.20596D+00
       0.20000D+01       0.55947D+00      -0.95841D-02       0.47578D+00       0.18201D+00
       0.30000D+01       0.90691D+00      -0.62815D-01       0.48925D+00       0.18102D+00
       0.40000D+01       0.96847D+00      -0.24393D-01       0.49680D+00       0.19326D+00
       0.50000D+01       0.95038D+00       0.79516D-02       0.49590D+00       0.18954D+00
       0.60000D+01       0.68861D+00       0.10081D-01       0.49252D+00       0.18818D+00
       0.70000D+01       0.86141D+00       0.67611D-01       0.49116D+00       0.19612D+00
       0.80000D+01       0.79992D+00       0.24793D-01       0.48888D+00       0.19519D+00
       0.90000D+01       0.82122D+00      -0.14196D-01       0.49052D+00       0.19337D+00
       0.10000D+02       0.84430D+00      -0.29522D-01       0.49388D+00       0.19647D+00
       0.11000D+02       0.88258D+00       0.29560D-01       0.49477D+00       0.19358D+00
       0.12000D+02       0.88135D+00       0.61361D-01       0.49382D+00       0.19306D+00
       0.13000D+02       0.11854D+01      -0.13989D-01       0.49276D+00       0.19494D+00
       0.14000D+02       0.97855D+00      -0.31457D-01       0.49065D+00       0.19634D+00
       0.15000D+02       0.97510D+00      -0.79305D-01       0.49074D+00       0.19633D+00
       0.16000D+02       0.10199D+01      -0.11976D+00       0.49245D+00       0.19698D+00
       0.17000D+02       0.10520D+01      -0.80041D-01       0.49389D+00       0.19533D+00
       0.18000D+02       0.10513D+01      -0.56382D-01       0.49369D+00       0.19485D+00
       0.19000D+02       0.93291D+00      -0.14431D-01       0.49265D+00       0.19369D+00
       0.20000D+02       0.11538D+01       0.10024D+00       0.49190D+00       0.19447D+00
       0.21000D+02       0.11625D+01       0.49369D-01       0.49121D+00       0.19293D+00
       0.22000D+02       0.11732D+01      -0.15943D-02       0.49190D+00       0.19247D+00
       0.23000D+02       0.11762D+01       0.59101D-02       0.49328D+00       0.19386D+00
       0.24000D+02       0.11790D+01       0.63627D-01       0.49358D+00       0.19325D+00
       0.25000D+02       0.11614D+01       0.69106D-01       0.49311D+00       0.19198D+00
       0.26000D+02       0.12517D+01       0.67385D-02       0.49276D+00       0.19236D+00
       0.27000D+02       0.11751D+01      -0.28825D-01       0.49171D+00       0.19200D+00
       0.28000D+02       0.11833D+01      -0.53256D-01       0.49183D+00       0.19177D+00
       0.29000D+02       0.12143D+01      -0.10006D+00       0.49282D+00       0.19220D+00
       0.30000D+02       0.12286D+01      -0.52811D-01       0.49352D+00       0.19112D+00
       0.31000D+02       0.12257D+01      -0.20241D-01       0.49336D+00       0.19098D+00
       0.32000D+02       0.11672D+01       0.82503D-02       0.49276D+00       0.19059D+00
       0.33000D+02       0.13108D+01       0.89739D-01       0.49208D+00       0.19052D+00
       0.34000D+02       0.12931D+01       0.15859D-01       0.49177D+00       0.19040D+00
       0.35000D+02       0.13104D+01      -0.24728D-01       0.49227D+00       0.18997D+00
       0.36000D+02       0.13137D+01      -0.61509D-02       0.49312D+00       0.19094D+00
       0.37000D+02       0.13071D+01       0.35023D-01       0.49323D+00       0.19100D+00
       0.38000D+02       0.12877D+01       0.71299D-01       0.49288D+00       0.19051D+00
       0.39000D+02       0.13044D+01       0.55584D-01       0.49271D+00       0.19061D+00
       0.40000D+02       0.12616D+01       0.38180D-01       0.49209D+00       0.19078D+00
       0.41000D+02       0.12644D+01      -0.68158D-02       0.49223D+00       0.19060D+00
       0.42000D+02       0.12738D+01      -0.31917D-01       0.49295D+00       0.19090D+00
       0.43000D+02       0.12840D+01       0.32127D-01       0.49336D+00       0.19100D+00
       0.44000D+02       0.12872D+01       0.46692D-01       0.49321D+00       0.19071D+00
       0.45000D+02       0.12281D+01       0.15770D-01       0.49276D+00       0.19124D+00
       0.46000D+02       0.12217D+01       0.87432D-01       0.49216D+00       0.19126D+00
       0.47000D+02       0.12171D+01       0.34073D-01       0.49202D+00       0.19105D+00
       0.48000D+02       0.12320D+01      -0.10057D-01       0.49244D+00       0.19088D+00
       0.49000D+02       0.12347D+01       0.16410D-01       0.49303D+00       0.19136D+00
       0.50000D+02       0.12316D+01       0.59588D-01       0.49306D+00       0.19118D+00
       0.51000D+02       0.12030D+01       0.92570D-01       0.49276D+00       0.19118D+00
       0.52000D+02       0.12053D+01       0.11479D+00       0.49265D+00       0.19121D+00
       0.53000D+02       0.11675D+01       0.27191D-01       0.49223D+00       0.19127D+00
       0.54000D+02       0.11704D+01      -0.14473D-01       0.49238D+00       0.19130D+00
       0.55000D+02       0.11694D+01      -0.14110D-01       0.49295D+00       0.19111D+00
       0.56000D+02       0.11749D+01       0.33279D-01       0.49321D+00       0.19178D+00
       0.57000D+02       0.11714D+01       0.57731D-01       0.49305D+00       0.19123D+00
       0.58000D+02       0.11812D+01       0.34777D-01       0.49275D+00       0.19143D+00
       0.59000D+02       0.11649D+01       0.61342D-01       0.49225D+00       0.19171D+00
       0.60000D+02       0.11626D+01       0.14984D-01       0.49220D+00       0.19118D+00
       0.61000D+02       0.11754D+01      -0.37876D-01       0.49257D+00       0.19096D+00
       0.62000D+02       0.11775D+01      -0.11343D-02       0.49301D+00       0.19141D+00
       0.63000D+02       0.11766D+01       0.30534D-01       0.49300D+00       0.19115D+00
       0.64000D+02       0.11465D+01       0.41360D-01       0.49273D+00       0.19107D+00
       0.65000D+02       0.11528D+01       0.99237D-01       0.49258D+00       0.19187D+00
       0.66000D+02       0.11406D+01       0.67116D-01       0.49229D+00       0.19181D+00
       0.67000D+02       0.11417D+01       0.27244D-01       0.49245D+00       0.19162D+00
       0.68000D+02       0.11437D+01       0.94421D-02       0.49292D+00       0.19205D+00
       0.69000D+02       0.11486D+01       0.70073D-01       0.49308D+00       0.19159D+00
       0.70000D+02       0.11453D+01       0.98726D-01       0.49294D+00       0.19126D+00
       0.71000D+02       0.11920D+01       0.18178D-01       0.49275D+00       0.19163D+00
       0.72000D+02       0.11542D+01      -0.23561D-02       0.49234D+00       0.19191D+00
       0.73000D+02       0.11519D+01      -0.47160D-01       0.49233D+00       0.19204D+00
       0.74000D+02       0.11608D+01      -0.88167D-01       0.49268D+00       0.19224D+00
       0.75000D+02       0.11679D+01      -0.50101D-01       0.49300D+00       0.19194D+00
       0.76000D+02       0.11676D+01      -0.25691D-01       0.49297D+00       0.19188D+00
       0.77000D+02       0.11321D+01       0.23631D-01       0.49273D+00       0.19166D+00
       0.78000D+02       0.11851D+01       0.13416D+00       0.49254D+00       0.19180D+00
       0.79000D+02       0.11883D+01       0.80687D-01       0.49235D+00       0.19143D+00
       0.80000D+02       0.11903D+01       0.29912D-01       0.49252D+00       0.19136D+00
       0.81000D+02       0.11911D+01       0.38765D-01       0.49290D+00       0.19159D+00
       0.82000D+02       0.11927D+01       0.95216D-01       0.49300D+00       0.19123D+00
       0.83000D+02       0.11878D+01       0.99382D-01       0.49286D+00       0.19099D+00
       0.84000D+02       0.12122D+01       0.37284D-01       0.49276D+00       0.19109D+00
       0.85000D+02       0.11831D+01       0.54331D-02       0.49242D+00       0.19110D+00
       0.86000D+02       0.11855D+01      -0.18849D-01       0.49245D+00       0.19104D+00
       0.87000D+02       0.11965D+01      -0.67987D-01       0.49277D+00       0.19146D+00
       0.88000D+02       0.12021D+01      -0.18373D-01       0.49301D+00       0.19115D+00
       0.89000D+02       0.12014D+01       0.13689D-01       0.49296D+00       0.19113D+00
       0.90000D+02       0.11801D+01       0.30644D-01       0.49275D+00       0.19098D+00
       0.91000D+02       0.12403D+01       0.11604D+00       0.49251D+00       0.19103D+00
       0.92000D+02       0.12349D+01       0.40874D-01       0.49239D+00       0.19088D+00
       0.93000D+02       0.12410D+01       0.12649D-02       0.49257D+00       0.19073D+00
       0.94000D+02       0.12428D+01       0.19202D-01       0.49289D+00       0.19110D+00
       0.95000D+02       0.12405D+01       0.61826D-01       0.49294D+00       0.19105D+00
       0.96000D+02       0.12349D+01       0.98300D-01       0.49280D+00       0.19100D+00
       0.97000D+02       0.12451D+01       0.81501D-01       0.49274D+00       0.19103D+00
       0.98000D+02       0.12332D+01       0.55020D-01       0.49248D+00       0.19126D+00
       0.99000D+02       0.12337D+01       0.83118D-02       0.49254D+00       0.19120D+00
       0.10000D+03       0.12376D+01      -0.13145D-01       0.49283D+00       0.19138D+00
       0.10100D+03       0.12418D+01       0.49662D-01       0.49301D+00       0.19137D+00
       0.10200D+03       0.12427D+01       0.63841D-01       0.49295D+00       0.19126D+00
       0.10300D+03       0.12147D+01       0.40060D-01       0.49276D+00       0.19145D+00
       0.10400D+03       0.12123D+01       0.11753D+00       0.49249D+00       0.19142D+00
       0.10500D+03       0.12096D+01       0.63917D-01       0.49243D+00       0.19129D+00
       0.10600D+03       0.12168D+01       0.18753D-01       0.49261D+00       0.19119D+00
       0.10700D+03       0.12176D+01       0.44692D-01       0.49288D+00       0.19129D+00
       0.10800D+03       0.12157D+01       0.89208D-01       0.49290D+00       0.19116D+00
       0.10900D+03       0.12038D+01       0.12030D+00       0.49276D+00       0.19116D+00
       0.11000D+03       0.12067D+01       0.13733D+00       0.49270D+00       0.19141D+00
       0.11100D+03       0.11892D+01       0.52408D-01       0.49250D+00       0.19148D+00
       0.11200D+03       0.11906D+01       0.12377D-01       0.49257D+00       0.19149D+00
       0.11300D+03       0.11901D+01       0.83939D-02       0.49285D+00       0.19146D+00
       0.11400D+03       0.11922D+01       0.54814D-01       0.49298D+00       0.19153D+00
       0.11500D+03       0.11911D+01       0.83724D-01       0.49290D+00       0.19128D+00
       0.11600D+03       0.11937D+01       0.58689D-01       0.49275D+00       0.19139D+00
       0.11700D+03       0.11864D+01       0.76869D-01       0.49250D+00       0.19169D+00
       0.11800D+03       0.11852D+01       0.27765D-01       0.49247D+00       0.19147D+00
       0.11900D+03       0.11919D+01      -0.24509D-01       0.49266D+00       0.19153D+00
       0.12000D+03       0.11927D+01       0.10561D-01       0.49289D+00       0.19176D+00
       0.12100D+03       0.11921D+01       0.41527D-01       0.49288D+00       0.19161D+00
       0.12200D+03       0.11771D+01       0.60704D-01       0.49274D+00       0.19158D+00
       0.12300D+03       0.11784D+01       0.11924D+00       0.49267D+00       0.19197D+00
       0.12400D+03       0.11719D+01       0.97794D-01       0.49251D+00       0.19193D+00
       0.12500D+03       0.11727D+01       0.56744D-01       0.49259D+00       0.19191D+00
       0.12600D+03       0.11735D+01       0.37386D-01       0.49284D+00       0.19213D+00
       0.12700D+03       0.11762D+01       0.99456D-01       0.49293D+00       0.19187D+00
       0.12800D+03       0.11736D+01       0.12387D+00       0.49286D+00       0.19164D+00
       0.12900D+03       0.12021D+01       0.38267D-01       0.49275D+00       0.19197D+00
       0.13000D+03       0.11860D+01       0.15671D-01       0.49252D+00       0.19211D+00
       0.13100D+03       0.11847D+01      -0.25941D-01       0.49252D+00       0.19214D+00
       0.13200D+03       0.11896D+01      -0.67765D-01       0.49271D+00       0.19225D+00
       0.13300D+03       0.11935D+01      -0.30792D-01       0.49289D+00       0.19209D+00
       0.13400D+03       0.11937D+01      -0.54910D-02       0.49287D+00       0.19205D+00
       0.13500D+03       0.11720D+01       0.48552D-01       0.49274D+00       0.19197D+00
       0.13600D+03       0.11998D+01       0.15439D+00       0.49263D+00       0.19209D+00
       0.13700D+03       0.12012D+01       0.96692D-01       0.49252D+00       0.19188D+00
       0.13800D+03       0.12020D+01       0.46496D-01       0.49262D+00       0.19183D+00
       0.13900D+03       0.12024D+01       0.56687D-01       0.49284D+00       0.19197D+00
       0.14000D+03       0.12037D+01       0.11189D+00       0.49290D+00       0.19176D+00
       0.14100D+03       0.12007D+01       0.11562D+00       0.49282D+00       0.19163D+00
       0.14200D+03       0.12145D+01       0.55007D-01       0.49275D+00       0.19167D+00
       0.14300D+03       0.11939D+01       0.28406D-01       0.49255D+00       0.19168D+00
       0.14400D+03       0.11952D+01       0.34004D-02       0.49257D+00       0.19163D+00
       0.14500D+03       0.12020D+01      -0.47231D-01       0.49276D+00       0.19188D+00
       0.14600D+03       0.12057D+01       0.47430D-02       0.49291D+00       0.19180D+00
       0.14700D+03       0.12053D+01       0.35951D-01       0.49288D+00       0.19172D+00
       0.14800D+03       0.11918D+01       0.38447D-01       0.49275D+00       0.19159D+00
       0.14900D+03       0.12331D+01       0.12775D+00       0.49261D+00       0.19167D+00
       0.15000D+03       0.12305D+01       0.51672D-01       0.49253D+00       0.19158D+00
       0.15100D+03       0.12337D+01       0.12733D-01       0.49264D+00       0.19146D+00
       0.15200D+03       0.12350D+01       0.29850D-01       0.49284D+00       0.19168D+00
       0.15300D+03       0.12338D+01       0.74213D-01       0.49287D+00       0.19166D+00
       0.15400D+03       0.12307D+01       0.11093D+00       0.49279D+00       0.19167D+00
       0.15500D+03       0.12380D+01       0.92827D-01       0.49274D+00       0.19162D+00
       0.15600D+03       0.12317D+01       0.57594D-01       0.49258D+00       0.19165D+00
       0.15700D+03       0.12315D+01       0.96519D-02       0.49261D+00       0.19163D+00
       0.15800D+03       0.12338D+01      -0.85960D-02       0.49280D+00       0.19171D+00
       0.15900D+03       0.12366D+01       0.52295D-01       0.49292D+00       0.19173D+00
       0.16000D+03       0.12366D+01       0.66890D-01       0.49288D+00       0.19161D+00
       0.16100D+03       0.12184D+01       0.49727D-01       0.49275D+00       0.19170D+00
       0.16200D+03       0.12189D+01       0.13167D+00       0.49259D+00       0.19169D+00
       0.16300D+03       0.12167D+01       0.77716D-01       0.49254D+00       0.19162D+00
       0.16400D+03       0.12215D+01       0.31399D-01       0.49266D+00       0.19156D+00
       0.16500D+03       0.12217D+01       0.56655D-01       0.49284D+00       0.19162D+00
       0.16600D+03       0.12202D+01       0.10216D+00       0.49285D+00       0.19154D+00
       0.16700D+03       0.12130D+01       0.13200D+00       0.49276D+00       0.19155D+00
       0.16800D+03       0.12170D+01       0.14376D+00       0.49272D+00       0.19177D+00
       0.16900D+03       0.12059D+01       0.64682D-01       0.49259D+00       0.19190D+00
       0.17000D+03       0.12067D+01       0.26285D-01       0.49263D+00       0.19191D+00
       0.17100D+03       0.12066D+01       0.17067D-01       0.49281D+00       0.19196D+00
       0.17200D+03       0.12077D+01       0.63126D-01       0.49290D+00       0.19198D+00
       0.17300D+03       0.12074D+01       0.96042D-01       0.49285D+00       0.19183D+00
       0.17400D+03       0.12069D+01       0.67786D-01       0.49275D+00       0.19189D+00
       0.17500D+03       0.12015D+01       0.77903D-01       0.49259D+00       0.19212D+00
       0.17600D+03       0.12005D+01       0.26640D-01       0.49256D+00       0.19193D+00
       0.17700D+03       0.12052D+01      -0.24856D-01       0.49269D+00       0.19203D+00
       0.17800D+03       0.12057D+01       0.85618D-02       0.49284D+00       0.19220D+00
       0.17900D+03       0.12050D+01       0.38884D-01       0.49284D+00       0.19209D+00
       0.18000D+03       0.11950D+01       0.65446D-01       0.49274D+00       0.19206D+00
       0.18100D+03       0.11955D+01       0.12453D+00       0.49270D+00       0.19223D+00
       0.18200D+03       0.11911D+01       0.11295D+00       0.49259D+00       0.19219D+00
       0.18300D+03       0.11920D+01       0.70495D-01       0.49264D+00       0.19218D+00
       0.18400D+03       0.11924D+01       0.50659D-01       0.49281D+00       0.19233D+00
       0.18500D+03       0.11942D+01       0.11393D+00       0.49288D+00       0.19215D+00
       0.18600D+03       0.11922D+01       0.13338D+00       0.49283D+00       0.19199D+00
       0.18700D+03       0.12141D+01       0.43610D-01       0.49275D+00       0.19237D+00
       0.18800D+03       0.12062D+01       0.20139D-01       0.49259D+00       0.19246D+00
       0.18900D+03       0.12054D+01      -0.18300D-01       0.49259D+00       0.19245D+00
       0.19000D+03       0.12090D+01      -0.61151D-01       0.49272D+00       0.19252D+00
       0.19100D+03       0.12115D+01      -0.24729D-01       0.49285D+00       0.19236D+00
       0.19200D+03       0.12119D+01       0.16240D-02       0.49284D+00       0.19229D+00
       0.19300D+03       0.11962D+01       0.57041D-01       0.49274D+00       0.19225D+00
       0.19400D+03       0.12132D+01       0.15781D+00       0.49267D+00       0.19233D+00
       0.19500D+03       0.12129D+01       0.94613D-01       0.49259D+00       0.19218D+00
       0.19600D+03       0.12134D+01       0.45335D-01       0.49266D+00       0.19209D+00
       0.19700D+03       0.12135D+01       0.56790D-01       0.49281D+00       0.19219D+00
       0.19800D+03       0.12147D+01       0.11081D+00       0.49286D+00       0.19203D+00
       0.19900D+03       0.12123D+01       0.11498D+00       0.49280D+00       0.19199D+00
       0.20000D+03       0.12225D+01       0.56554D-01       0.49275D+00       0.19202D+00
       0.20100D+03       0.12056D+01       0.36386D-01       0.49261D+00       0.19200D+00
       0.20200D+03       0.12064D+01       0.97562D-02       0.49262D+00       0.19197D+00
       0.20300D+03       0.12112D+01      -0.41540D-01       0.49276D+00       0.19203D+00
       0.20400D+03       0.12141D+01       0.12603D-01       0.49286D+00       0.19198D+00
       0.20500D+03       0.12139D+01       0.42666D-01       0.49284D+00       0.19192D+00
       0.20600D+03       0.12045D+01       0.29681D-01       0.49275D+00       0.19182D+00
       0.20700D+03       0.12371D+01       0.12289D+00       0.49265D+00       0.19190D+00
       0.20800D+03       0.12358D+01       0.46258D-01       0.49259D+00       0.19186D+00
       0.20900D+03       0.12375D+01       0.76548D-02       0.49267D+00       0.19178D+00
       0.21000D+03       0.12385D+01       0.23730D-01       0.49281D+00       0.19194D+00
       0.21100D+03       0.12381D+01       0.70020D-01       0.49284D+00       0.19191D+00
       0.21200D+03       0.12359D+01       0.10685D+00       0.49278D+00       0.19186D+00
       0.21300D+03       0.12411D+01       0.87179D-01       0.49275D+00       0.19183D+00
       0.21400D+03       0.12355D+01       0.44161D-01       0.49263D+00       0.19186D+00
       0.21500D+03       0.12350D+01      -0.44130D-02       0.49265D+00       0.19184D+00
       0.21600D+03       0.12366D+01      -0.20237D-01       0.49279D+00       0.19190D+00
       0.21700D+03       0.12388D+01       0.38253D-01       0.49287D+00       0.19189D+00
       0.21800D+03       0.12383D+01       0.53883D-01       0.49285D+00       0.19180D+00
       0.21900D+03       0.12257D+01       0.42698D-01       0.49275D+00       0.19187D+00
       0.22000D+03       0.12285D+01       0.12748D+00       0.49263D+00       0.19186D+00
       0.22100D+03       0.12266D+01       0.73064D-01       0.49260D+00       0.19179D+00
       0.22200D+03       0.12301D+01       0.25613D-01       0.49268D+00       0.19176D+00
       0.22300D+03       0.12301D+01       0.50045D-01       0.49281D+00       0.19181D+00
       0.22400D+03       0.12288D+01       0.96137D-01       0.49282D+00       0.19176D+00
       0.22500D+03       0.12240D+01       0.12559D+00       0.49276D+00       0.19175D+00
       0.22600D+03       0.12282D+01       0.13217D+00       0.49273D+00       0.19187D+00
       0.22700D+03       0.12202D+01       0.61637D-01       0.49263D+00       0.19200D+00
       0.22800D+03       0.12207D+01       0.24802D-01       0.49266D+00       0.19202D+00
       0.22900D+03       0.12209D+01       0.98681D-02       0.49280D+00       0.19205D+00
       0.23000D+03       0.12216D+01       0.56196D-01       0.49286D+00       0.19207D+00
       0.23100D+03       0.12215D+01       0.92420D-01       0.49283D+00       0.19191D+00
       0.23200D+03       0.12191D+01       0.60315D-01       0.49275D+00       0.19194D+00
       0.23300D+03       0.12135D+01       0.64173D-01       0.49263D+00       0.19210D+00
       0.23400D+03       0.12126D+01       0.11450D-01       0.49261D+00       0.19201D+00
       0.23500D+03       0.12163D+01      -0.39080D-01       0.49270D+00       0.19207D+00
       0.23600D+03       0.12167D+01      -0.73046D-02       0.49282D+00       0.19219D+00
       0.23700D+03       0.12159D+01       0.22513D-01       0.49282D+00       0.19215D+00
       0.23800D+03       0.12081D+01       0.55205D-01       0.49275D+00       0.19213D+00
       0.23900D+03       0.12083D+01       0.11455D+00       0.49271D+00       0.19218D+00
       0.24000D+03       0.12053D+01       0.11126D+00       0.49263D+00       0.19214D+00
       0.24100D+03       0.12062D+01       0.67294D-01       0.49267D+00       0.19212D+00
       0.24200D+03       0.12064D+01       0.48184D-01       0.49280D+00       0.19223D+00
       0.24300D+03       0.12078D+01       0.11232D+00       0.49285D+00       0.19210D+00
       0.24400D+03       0.12063D+01       0.12649D+00       0.49281D+00       0.19198D+00
       0.24500D+03       0.12239D+01       0.34192D-01       0.49275D+00       0.19219D+00
       0.24600D+03       0.12195D+01       0.11428D-01       0.49263D+00       0.19234D+00
       0.24700D+03       0.12191D+01      -0.23979D-01       0.49262D+00       0.19227D+00
       0.24800D+03       0.12220D+01      -0.67999D-01       0.49272D+00       0.19232D+00
       0.24900D+03       0.12237D+01      -0.31634D-01       0.49282D+00       0.19220D+00
       0.25000D+03       0.12242D+01      -0.40909D-02       0.49282D+00       0.19215D+00
       0.25100D+03       0.12122D+01       0.48910D-01       0.49274D+00       0.19213D+00
       0.25200D+03       0.12230D+01       0.14454D+00       0.49269D+00       0.19218D+00
       0.25300D+03       0.12213D+01       0.75096D-01       0.49263D+00       0.19212D+00
       0.25400D+03       0.12217D+01       0.27002D-01       0.49268D+00       0.19205D+00
       0.25500D+03       0.12216D+01       0.39577D-01       0.49280D+00       0.19208D+00
       0.25600D+03       0.12226D+01       0.92561D-01       0.49283D+00       0.19195D+00
       0.25700D+03       0.12206D+01       0.97942D-01       0.49279D+00       0.19189D+00
       0.25800D+03       0.12293D+01       0.41706D-01       0.49275D+00       0.19197D+00
       0.25900D+03       0.12150D+01       0.28606D-01       0.49264D+00       0.19195D+00
       0.26000D+03       0.12156D+01      -0.53133D-03       0.49265D+00       0.19193D+00
       0.26100D+03       0.12191D+01      -0.51772D-01       0.49275D+00       0.19198D+00
       0.26200D+03       0.12213D+01       0.41535D-02       0.49284D+00       0.19198D+00
       0.26300D+03       0.12213D+01       0.32880D-01       0.49282D+00       0.19193D+00
       0.26400D+03       0.12152D+01       0.55016D-02       0.49275D+00       0.19185D+00
       0.26500D+03       0.12418D+01       0.10270D+00       0.49267D+00       0.19189D+00
       0.26600D+03       0.12411D+01       0.25880D-01       0.49263D+00       0.19183D+00
       0.26700D+03       0.12420D+01      -0.12757D-01       0.49269D+00       0.19178D+00
       0.26800D+03       0.12429D+01       0.20503D-02       0.49280D+00       0.19191D+00
       0.26900D+03       0.12428D+01       0.50396D-01       0.49282D+00       0.19189D+00
       0.27000D+03       0.12411D+01       0.86967D-01       0.49277D+00       0.19185D+00
       0.27100D+03       0.12445D+01       0.65476D-01       0.49275D+00       0.19186D+00
       0.27200D+03       0.12381D+01       0.16126D-01       0.49266D+00       0.19186D+00
       0.27300D+03       0.12376D+01      -0.32413D-01       0.49267D+00       0.19179D+00
       0.27400D+03       0.12386D+01      -0.46867D-01       0.49278D+00       0.19183D+00
       0.27500D+03       0.12404D+01       0.89204D-02       0.49285D+00       0.19181D+00
       0.27600D+03       0.12397D+01       0.26084D-01       0.49283D+00       0.19173D+00
       0.27700D+03       0.12308D+01       0.20303D-01       0.49275D+00       0.19180D+00
       0.27800D+03       0.12354D+01       0.10591D+00       0.49266D+00       0.19184D+00
       0.27900D+03       0.12339D+01       0.50901D-01       0.49263D+00       0.19177D+00
       0.28000D+03       0.12364D+01       0.24557D-02       0.49270D+00       0.19171D+00
       0.28100D+03       0.12364D+01       0.25982D-01       0.49280D+00       0.19175D+00
       0.28200D+03       0.12354D+01       0.72188D-01       0.49281D+00       0.19171D+00
       0.28300D+03       0.12320D+01       0.10215D+00       0.49276D+00       0.19171D+00
       0.28400D+03       0.12360D+01       0.10382D+00       0.49274D+00       0.19178D+00
       0.28500D+03       0.12294D+01       0.43996D-01       0.49266D+00       0.19182D+00
       0.28600D+03       0.12296D+01       0.85523D-02       0.49268D+00       0.19182D+00
       0.28700D+03       0.12301D+01      -0.12167D-01       0.49279D+00       0.19188D+00
       0.28800D+03       0.12306D+01       0.34992D-01       0.49284D+00       0.19194D+00
       0.28900D+03       0.12305D+01       0.73683D-01       0.49281D+00       0.19181D+00
       0.29000D+03       0.12269D+01       0.37456D-01       0.49275D+00       0.19184D+00
       0.29100D+03       0.12206D+01       0.37646D-01       0.49265D+00       0.19197D+00
       0.29200D+03       0.12196D+01      -0.15844D-01       0.49264D+00       0.19190D+00
       0.29300D+03       0.12227D+01      -0.65239D-01       0.49271D+00       0.19191D+00
       0.29400D+03       0.12232D+01      -0.35064D-01       0.49280D+00       0.19201D+00
       0.29500D+03       0.12223D+01      -0.55551D-02       0.49280D+00       0.19198D+00
       0.29600D+03       0.12157D+01       0.31983D-01       0.49275D+00       0.19200D+00
       0.29700D+03       0.12164D+01       0.91212D-01       0.49272D+00       0.19206D+00
       0.29800D+03       0.12144D+01       0.93739D-01       0.49265D+00       0.19203D+00
       0.29900D+03       0.12153D+01       0.48272D-01       0.49269D+00       0.19201D+00
       0.30000D+03       0.12155D+01       0.30978D-01       0.49279D+00       0.19205D+00
       0.30100D+03       0.12165D+01       0.95584D-01       0.49283D+00       0.19194D+00
       0.30200D+03       0.12158D+01       0.10459D+00       0.49280D+00       0.19187D+00
       0.30300D+03       0.12296D+01       0.12113D-01       0.49275D+00       0.19204D+00
       0.30400D+03       0.12261D+01      -0.79828D-02       0.49265D+00       0.19216D+00
       0.30500D+03       0.12258D+01      -0.40635D-01       0.49265D+00       0.19210D+00
       0.30600D+03       0.12283D+01      -0.85911D-01       0.49273D+00       0.19211D+00
       0.30700D+03       0.12296D+01      -0.49148D-01       0.49281D+00       0.19201D+00
       0.30800D+03       0.12300D+01      -0.20353D-01       0.49280D+00       0.19197D+00
       0.30900D+03       0.12206D+01       0.26673D-01       0.49275D+00       0.19195D+00
       0.31000D+03       0.12275D+01       0.11734D+00       0.49270D+00       0.19201D+00
       0.31100D+03       0.12247D+01       0.41696D-01       0.49265D+00       0.19201D+00
       0.31200D+03       0.12252D+01      -0.50138D-02       0.49269D+00       0.19195D+00
       0.31300D+03       0.12250D+01       0.83317D-02       0.49279D+00       0.19198D+00
       0.31400D+03       0.12258D+01       0.60486D-01       0.49282D+00       0.19187D+00
       0.31500D+03       0.12240D+01       0.67749D-01       0.49279D+00       0.19181D+00
       0.31600D+03       0.12317D+01       0.13172D-01       0.49275D+00       0.19186D+00
       0.31700D+03       0.12197D+01       0.71362D-02       0.49266D+00       0.19185D+00
       0.31800D+03       0.12201D+01      -0.25353D-01       0.49267D+00       0.19184D+00
       0.31900D+03       0.12228D+01      -0.75951D-01       0.49275D+00       0.19184D+00
       0.32000D+03       0.12245D+01      -0.18759D-01       0.49282D+00       0.19185D+00
       0.32100D+03       0.12247D+01       0.85616D-02       0.49281D+00       0.19180D+00
       0.32200D+03       0.12206D+01      -0.30141D-01       0.49275D+00       0.19173D+00
       0.32300D+03       0.12424D+01       0.71265D-01       0.49269D+00       0.19177D+00
       0.32400D+03       0.12420D+01      -0.51768D-02       0.49265D+00       0.19171D+00
       0.32500D+03       0.12426D+01      -0.44233D-01       0.49270D+00       0.19166D+00
       0.32600D+03       0.12432D+01      -0.30917D-01       0.49279D+00       0.19182D+00
       0.32700D+03       0.12435D+01       0.19567D-01       0.49281D+00       0.19179D+00
       0.32800D+03       0.12420D+01       0.55358D-01       0.49277D+00       0.19174D+00
       0.32900D+03       0.12441D+01       0.31803D-01       0.49275D+00       0.19175D+00
       0.33000D+03       0.12366D+01      -0.21975D-01       0.49267D+00       0.19175D+00
       0.33100D+03       0.12361D+01      -0.69843D-01       0.49268D+00       0.19174D+00
       0.33200D+03       0.12367D+01      -0.83988D-01       0.49277D+00       0.19177D+00
       0.33300D+03       0.12383D+01      -0.31033D-01       0.49283D+00       0.19184D+00
       0.33400D+03       0.12377D+01      -0.11961D-01       0.49281D+00       0.19180D+00
       0.33500D+03       0.12311D+01      -0.12687D-01       0.49275D+00       0.19179D+00
       0.33600D+03       0.12368D+01       0.71485D-01       0.49268D+00       0.19183D+00
       0.33700D+03       0.12356D+01       0.15775D-01       0.49265D+00       0.19178D+00
       0.33800D+03       0.12375D+01      -0.33440D-01       0.49271D+00       0.19174D+00
       0.33900D+03       0.12375D+01      -0.10846D-01       0.49279D+00       0.19177D+00
       0.34000D+03       0.12367D+01       0.35017D-01       0.49280D+00       0.19173D+00
       0.34100D+03       0.12343D+01       0.66202D-01       0.49276D+00       0.19172D+00
       0.34200D+03       0.12376D+01       0.63405D-01       0.49274D+00       0.19179D+00
       0.34300D+03       0.12318D+01       0.15458D-01       0.49267D+00       0.19179D+00
       0.34400D+03       0.12318D+01      -0.18870D-01       0.49269D+00       0.19180D+00
       0.34500D+03       0.12325D+01      -0.44987D-01       0.49278D+00       0.19185D+00
       0.34600D+03       0.12331D+01       0.34962D-02       0.49283D+00       0.19188D+00
       0.34700D+03       0.12329D+01       0.43640D-01       0.49280D+00       0.19177D+00
       0.34800D+03       0.12291D+01       0.31566D-02       0.49275D+00       0.19178D+00
       0.34900D+03       0.12222D+01       0.26142D-02       0.49267D+00       0.19187D+00
       0.35000D+03       0.12213D+01      -0.51057D-01       0.49266D+00       0.19181D+00
       0.35100D+03       0.12240D+01      -0.99235D-01       0.49272D+00       0.19184D+00
       0.35200D+03       0.12245D+01      -0.70500D-01       0.49280D+00       0.19192D+00
       0.35300D+03       0.12236D+01      -0.41059D-01       0.49280D+00       0.19190D+00
       0.35400D+03       0.12179D+01       0.12286D-03       0.49275D+00       0.19191D+00
       0.35500D+03       0.12190D+01       0.58765D-01       0.49273D+00       0.19194D+00
       0.35600D+03       0.12181D+01       0.63476D-01       0.49267D+00       0.19193D+00
       0.35700D+03       0.12189D+01       0.16693D-01       0.49270D+00       0.19192D+00
       0.35800D+03       0.12191D+01       0.21142D-02       0.49278D+00       0.19195D+00
       0.35900D+03       0.12199D+01       0.66758D-01       0.49282D+00       0.19186D+00
       0.36000D+03       0.12198D+01       0.71148D-01       0.49279D+00       0.19181D+00
       0.36100D+03       0.12297D+01      -0.18738D-01       0.49275D+00       0.19186D+00
       0.36200D+03       0.12258D+01      -0.34053D-01       0.49267D+00       0.19192D+00
       0.36300D+03       0.12254D+01      -0.64409D-01       0.49266D+00       0.19184D+00
       0.36400D+03       0.12278D+01      -0.11102D+00       0.49273D+00       0.19188D+00
       0.36500D+03       0.12288D+01      -0.73444D-01       0.49280D+00       0.19179D+00
       0.36600D+03       0.12291D+01      -0.43421D-01       0.49279D+00       0.19176D+00
       0.36700D+03       0.12215D+01      -0.54472D-02       0.49275D+00       0.19174D+00
       0.36800D+03       0.12258D+01       0.80447D-01       0.49271D+00       0.19179D+00
       0.36900D+03       0.12223D+01      -0.58712D-03       0.49267D+00       0.19179D+00
       0.37000D+03       0.12229D+01      -0.45794D-01       0.49270D+00       0.19174D+00
       0.37100D+03       0.12226D+01      -0.32277D-01       0.49278D+00       0.19177D+00
       0.37200D+03       0.12232D+01       0.19274D-01       0.49281D+00       0.19167D+00
       0.37300D+03       0.12217D+01       0.29093D-01       0.49278D+00       0.19161D+00
       0.37400D+03       0.12293D+01      -0.24619D-01       0.49275D+00       0.19167D+00
       0.37500D+03       0.12196D+01      -0.24322D-01       0.49268D+00       0.19166D+00
       0.37600D+03       0.12200D+01      -0.60938D-01       0.49268D+00       0.19164D+00
       0.37700D+03       0.12221D+01      -0.11044D+00       0.49275D+00       0.19164D+00
       0.37800D+03       0.12234D+01      -0.52568D-01       0.49281D+00       0.19165D+00
       0.37900D+03       0.12237D+01      -0.26588D-01       0.49280D+00       0.19162D+00
       0.38000D+03       0.12202D+01      -0.72209D-01       0.49275D+00       0.19157D+00
       0.38100D+03       0.12380D+01       0.33588D-01       0.49270D+00       0.19164D+00
       0.38200D+03       0.12377D+01      -0.41631D-01       0.49266D+00       0.19159D+00
       0.38300D+03       0.12382D+01      -0.81458D-01       0.49271D+00       0.19159D+00
       0.38400D+03       0.12386D+01      -0.69872D-01       0.49278D+00       0.19167D+00
       0.38500D+03       0.12389D+01      -0.17241D-01       0.49280D+00       0.19164D+00
       0.38600D+03       0.12375D+01       0.17154D-01       0.49277D+00       0.19156D+00
       0.38700D+03       0.12389D+01      -0.87310D-02       0.49275D+00       0.19160D+00
       0.38800D+03       0.12311D+01      -0.64671D-01       0.49268D+00       0.19160D+00
       0.38900D+03       0.12307D+01      -0.11126D+00       0.49269D+00       0.19159D+00
       0.39000D+03       0.12310D+01      -0.12610D+00       0.49277D+00       0.19161D+00
       0.39100D+03       0.12324D+01      -0.75924D-01       0.49282D+00       0.19157D+00
       0.39200D+03       0.12319D+01      -0.54756D-01       0.49280D+00       0.19153D+00
       0.39300D+03       0.12265D+01      -0.50324D-01       0.49275D+00       0.19151D+00
       0.39400D+03       0.12327D+01       0.30427D-01       0.49269D+00       0.19154D+00
       0.39500D+03       0.12318D+01      -0.26097D-01       0.49267D+00       0.19151D+00
       0.39600D+03       0.12332D+01      -0.75775D-01       0.49271D+00       0.19148D+00
       0.39700D+03       0.12333D+01      -0.54118D-01       0.49279D+00       0.19149D+00
       0.39800D+03       0.12328D+01      -0.89791D-02       0.49279D+00       0.19146D+00
       0.39900D+03       0.12312D+01       0.23949D-01       0.49276D+00       0.19145D+00
       0.40000D+03       0.12334D+01       0.17260D-01       0.49274D+00       0.19152D+00
       0.40100D+03       0.12281D+01      -0.18591D-01       0.49268D+00       0.19153D+00
       0.40200D+03       0.12280D+01      -0.52118D-01       0.49270D+00       0.19153D+00
       0.40300D+03       0.12288D+01      -0.82862D-01       0.49278D+00       0.19157D+00
       0.40400D+03       0.12295D+01      -0.32624D-01       0.49281D+00       0.19155D+00
       0.40500D+03       0.12292D+01       0.77418D-02       0.49280D+00       0.19143D+00
       0.40600D+03       0.12259D+01      -0.37051D-01       0.49275D+00       0.19142D+00
       0.40700D+03       0.12194D+01      -0.35313D-01       0.49268D+00       0.19149D+00
       0.40800D+03       0.12185D+01      -0.88738D-01       0.49267D+00       0.19144D+00
       0.40900D+03       0.12208D+01      -0.13569D+00       0.49272D+00       0.19148D+00
       0.41000D+03       0.12213D+01      -0.10816D+00       0.49279D+00       0.19151D+00
       0.41100D+03       0.12205D+01      -0.78481D-01       0.49279D+00       0.19149D+00
       0.41200D+03       0.12155D+01      -0.34724D-01       0.49275D+00       0.19150D+00
       0.41300D+03       0.12171D+01       0.22746D-01       0.49273D+00       0.19153D+00
       0.41400D+03       0.12169D+01       0.25225D-01       0.49268D+00       0.19155D+00
       0.41500D+03       0.12175D+01      -0.22531D-01       0.49270D+00       0.19154D+00
       0.41600D+03       0.12178D+01      -0.33696D-01       0.49278D+00       0.19157D+00
       0.41700D+03       0.12184D+01       0.30516D-01       0.49281D+00       0.19150D+00
       0.41800D+03       0.12188D+01       0.31223D-01       0.49279D+00       0.19145D+00
       0.41900D+03       0.12258D+01      -0.53378D-01       0.49275D+00       0.19157D+00
       0.42000D+03       0.12209D+01      -0.61936D-01       0.49268D+00       0.19162D+00
       0.42100D+03       0.12205D+01      -0.90623D-01       0.49267D+00       0.19155D+00
       0.42200D+03       0.12228D+01      -0.13863D+00       0.49273D+00       0.19154D+00
       0.42300D+03       0.12237D+01      -0.99932D-01       0.49279D+00       0.19147D+00
       0.42400D+03       0.12238D+01      -0.68756D-01       0.49279D+00       0.19143D+00
       0.42500D+03       0.12175D+01      -0.42167D-01       0.49275D+00       0.19142D+00
       0.42600D+03       0.12204D+01       0.39060D-01       0.49272D+00       0.19148D+00
       0.42700D+03       0.12167D+01      -0.45869D-01       0.49268D+00       0.19149D+00
       0.42800D+03       0.12173D+01      -0.89562D-01       0.49271D+00       0.19145D+00
       0.42900D+03       0.12170D+01      -0.76615D-01       0.49278D+00       0.19147D+00
       0.43000D+03       0.12174D+01      -0.25435D-01       0.49280D+00       0.19139D+00
       0.43100D+03       0.12163D+01      -0.12371D-01       0.49278D+00       0.19133D+00
       0.43200D+03       0.12237D+01      -0.65987D-01       0.49275D+00       0.19139D+00
       0.43300D+03       0.12164D+01      -0.61070D-01       0.49269D+00       0.19136D+00
       0.43400D+03       0.12167D+01      -0.10230D+00       0.49269D+00       0.19135D+00
       0.43500D+03       0.12184D+01      -0.15037D+00       0.49275D+00       0.19135D+00
       0.43600D+03       0.12194D+01      -0.92464D-01       0.49280D+00       0.19136D+00
       0.43700D+03       0.12198D+01      -0.67644D-01       0.49279D+00       0.19133D+00
       0.43800D+03       0.12159D+01      -0.11527D+00       0.49275D+00       0.19130D+00
       0.43900D+03       0.12302D+01      -0.51404D-02       0.49271D+00       0.19133D+00
       0.44000D+03       0.12300D+01      -0.78162D-01       0.49268D+00       0.19129D+00
       0.44100D+03       0.12305D+01      -0.11909D+00       0.49271D+00       0.19128D+00
       0.44200D+03       0.12307D+01      -0.10937D+00       0.49278D+00       0.19136D+00
       0.44300D+03       0.12311D+01      -0.54687D-01       0.49279D+00       0.19134D+00
       0.44400D+03       0.12297D+01      -0.22309D-01       0.49277D+00       0.19127D+00
       0.44500D+03       0.12309D+01      -0.50923D-01       0.49275D+00       0.19131D+00
       0.44600D+03       0.12234D+01      -0.10677D+00       0.49269D+00       0.19135D+00
       0.44700D+03       0.12231D+01      -0.15150D+00       0.49270D+00       0.19133D+00
       0.44800D+03       0.12233D+01      -0.16797D+00       0.49276D+00       0.19136D+00
       0.44900D+03       0.12246D+01      -0.12036D+00       0.49281D+00       0.19138D+00
       0.45000D+03       0.12242D+01      -0.97087D-01       0.49280D+00       0.19134D+00
       0.45100D+03       0.12193D+01      -0.86797D-01       0.49275D+00       0.19134D+00
       0.45200D+03       0.12258D+01      -0.10530D-01       0.49270D+00       0.19134D+00
       0.45300D+03       0.12252D+01      -0.68126D-01       0.49268D+00       0.19130D+00
       0.45400D+03       0.12263D+01      -0.11792D+00       0.49272D+00       0.19125D+00
       0.45500D+03       0.12264D+01      -0.97145D-01       0.49278D+00       0.19129D+00
       0.45600D+03       0.12261D+01      -0.53033D-01       0.49279D+00       0.19126D+00
       0.45700D+03       0.12250D+01      -0.18063D-01       0.49276D+00       0.19126D+00
       0.45800D+03       0.12262D+01      -0.27881D-01       0.49274D+00       0.19131D+00
       0.45900D+03       0.12211D+01      -0.52290D-01       0.49269D+00       0.19132D+00
       0.46000D+03       0.12211D+01      -0.85343D-01       0.49271D+00       0.19132D+00
       0.46100D+03       0.12219D+01      -0.11977D+00       0.49277D+00       0.19136D+00
       0.46200D+03       0.12227D+01      -0.67445D-01       0.49281D+00       0.19134D+00
       0.46300D+03       0.12223D+01      -0.28226D-01       0.49279D+00       0.19125D+00
       0.46400D+03       0.12200D+01      -0.77093D-01       0.49275D+00       0.19126D+00
       0.46500D+03       0.12147D+01      -0.70160D-01       0.49269D+00       0.19132D+00
       0.46600D+03       0.12139D+01      -0.12314D+00       0.49268D+00       0.19128D+00
       0.46700D+03       0.12158D+01      -0.16893D+00       0.49272D+00       0.19129D+00
       0.46800D+03       0.12164D+01      -0.14228D+00       0.49278D+00       0.19130D+00
       0.46900D+03       0.12157D+01      -0.11203D+00       0.49278D+00       0.19128D+00
       0.47000D+03       0.12113D+01      -0.66660D-01       0.49275D+00       0.19130D+00
       0.47100D+03       0.12130D+01      -0.10948D-01       0.49273D+00       0.19133D+00
       0.47200D+03       0.12130D+01      -0.14938D-01       0.49269D+00       0.19134D+00
       0.47300D+03       0.12135D+01      -0.63243D-01       0.49271D+00       0.19134D+00
       0.47400D+03       0.12138D+01      -0.70622D-01       0.49277D+00       0.19137D+00
       0.47500D+03       0.12144D+01      -0.73436D-02       0.49280D+00       0.19131D+00
       0.47600D+03       0.12150D+01      -0.90776D-02       0.49278D+00       0.19126D+00
       0.47700D+03       0.12197D+01      -0.86079D-01       0.49275D+00       0.19136D+00
       0.47800D+03       0.12141D+01      -0.86208D-01       0.49269D+00       0.19140D+00
       0.47900D+03       0.12136D+01      -0.11401D+00       0.49268D+00       0.19135D+00
       0.48000D+03       0.12157D+01      -0.16336D+00       0.49273D+00       0.19136D+00
       0.48100D+03       0.12165D+01      -0.12345D+00       0.49279D+00       0.19130D+00
       0.48200D+03       0.12166D+01      -0.91225D-01       0.49278D+00       0.19127D+00
       0.48300D+03       0.12112D+01      -0.77224D-01       0.49275D+00       0.19127D+00
       0.48400D+03       0.12134D+01      -0.61442D-03       0.49272D+00       0.19131D+00
       0.48500D+03       0.12099D+01      -0.87298D-01       0.49269D+00       0.19133D+00
       0.48600D+03       0.12105D+01      -0.12958D+00       0.49271D+00       0.19129D+00
       0.48700D+03       0.12103D+01      -0.11805D+00       0.49278D+00       0.19130D+00
       0.48800D+03       0.12105D+01      -0.66972D-01       0.49279D+00       0.19123D+00
       0.48900D+03       0.12097D+01      -0.50060D-01       0.49277D+00       0.19123D+00
       0.49000D+03       0.12170D+01      -0.10435D+00       0.49275D+00       0.19126D+00
       0.49100D+03       0.12117D+01      -0.97092D-01       0.49269D+00       0.19125D+00
       0.49200D+03       0.12119D+01      -0.14288D+00       0.49269D+00       0.19125D+00
       0.49300D+03       0.12133D+01      -0.18929D+00       0.49275D+00       0.19123D+00
       0.49400D+03       0.12141D+01      -0.13206D+00       0.49279D+00       0.19124D+00
       0.49500D+03       0.12145D+01      -0.10815D+00       0.49279D+00       0.19122D+00
       0.49600D+03       0.12097D+01      -0.15299D+00       0.49275D+00       0.19118D+00
       0.49700D+03       0.12214D+01      -0.38913D-01       0.49271D+00       0.19120D+00
       0.49800D+03       0.12212D+01      -0.10881D+00       0.49268D+00       0.19117D+00
       0.49900D+03       0.12217D+01      -0.15113D+00       0.49271D+00       0.19116D+00
       0.50000D+03       0.12218D+01      -0.14324D+00       0.49278D+00       0.19124D+00
       0.50100D+03       0.12221D+01      -0.86687D-01       0.49279D+00       0.19123D+00
       0.50200D+03       0.12207D+01      -0.56923D-01       0.49276D+00       0.19117D+00
       0.50300D+03       0.12222D+01      -0.89132D-01       0.49275D+00       0.19119D+00
       0.50400D+03       0.12158D+01      -0.14309D+00       0.49270D+00       0.19122D+00
       0.50500D+03       0.12157D+01      -0.18534D+00       0.49270D+00       0.19120D+00
       0.50600D+03       0.12159D+01      -0.20434D+00       0.49276D+00       0.19123D+00
       0.50700D+03       0.12170D+01      -0.15894D+00       0.49280D+00       0.19126D+00
       0.50800D+03       0.12168D+01      -0.13368D+00       0.49279D+00       0.19122D+00
       0.50900D+03       0.12120D+01      -0.11670D+00       0.49275D+00       0.19121D+00
       0.51000D+03       0.12188D+01      -0.44880D-01       0.49270D+00       0.19121D+00
       0.51100D+03       0.12183D+01      -0.10395D+00       0.49268D+00       0.19118D+00
       0.51200D+03       0.12192D+01      -0.15352D+00       0.49272D+00       0.19114D+00
       0.51300D+03       0.12193D+01      -0.13343D+00       0.49278D+00       0.19117D+00
       0.51400D+03       0.12192D+01      -0.90511D-01       0.49278D+00       0.19115D+00
       0.51500D+03       0.12183D+01      -0.53549D-01       0.49276D+00       0.19116D+00
       0.51600D+03       0.12187D+01      -0.65640D-01       0.49274D+00       0.19119D+00
       0.51700D+03       0.12139D+01      -0.80147D-01       0.49270D+00       0.19121D+00
       0.51800D+03       0.12139D+01      -0.11309D+00       0.49271D+00       0.19122D+00
       0.51900D+03       0.12147D+01      -0.15016D+00       0.49277D+00       0.19126D+00
       0.52000D+03       0.12155D+01      -0.95553D-01       0.49280D+00       0.19124D+00
       0.52100D+03       0.12151D+01      -0.58730D-01       0.49279D+00       0.19116D+00
       0.52200D+03       0.12138D+01      -0.11078D+00       0.49275D+00       0.19128D+00
       0.52300D+03       0.12102D+01      -0.96632D-01       0.49270D+00       0.19133D+00
       0.52400D+03       0.12096D+01      -0.14924D+00       0.49269D+00       0.19129D+00
       0.52500D+03       0.12112D+01      -0.19396D+00       0.49272D+00       0.19131D+00
       0.52600D+03       0.12119D+01      -0.16780D+00       0.49278D+00       0.19132D+00
       0.52700D+03       0.12112D+01      -0.13667D+00       0.49278D+00       0.19129D+00
       0.52800D+03       0.12074D+01      -0.90620D-01       0.49275D+00       0.19132D+00
       0.52900D+03       0.12091D+01      -0.37235D-01       0.49273D+00       0.19133D+00
       0.53000D+03       0.12090D+01      -0.51294D-01       0.49270D+00       0.19134D+00
       0.53100D+03       0.12093D+01      -0.99772D-01       0.49271D+00       0.19133D+00
       0.53200D+03       0.12096D+01      -0.10337D+00       0.49277D+00       0.19133D+00
       0.53300D+03       0.12102D+01      -0.41518D-01       0.49280D+00       0.19128D+00
       0.53400D+03       0.12108D+01      -0.44128D-01       0.49278D+00       0.19124D+00
       0.53500D+03       0.12139D+01      -0.11174D+00       0.49275D+00       0.19131D+00
       0.53600D+03       0.12079D+01      -0.10241D+00       0.49269D+00       0.19135D+00
       0.53700D+03       0.12074D+01      -0.13027D+00       0.49269D+00       0.19130D+00
       0.53800D+03       0.12094D+01      -0.18083D+00       0.49273D+00       0.19134D+00
       0.53900D+03       0.12102D+01      -0.13979D+00       0.49278D+00       0.19129D+00
       0.54000D+03       0.12101D+01      -0.10668D+00       0.49278D+00       0.19125D+00
       0.54100D+03       0.12055D+01      -0.10488D+00       0.49275D+00       0.19126D+00
       0.54200D+03       0.12076D+01      -0.32627D-01       0.49273D+00       0.19130D+00
       0.54300D+03       0.12045D+01      -0.11872D+00       0.49269D+00       0.19132D+00
       0.54400D+03       0.12050D+01      -0.15978D+00       0.49271D+00       0.19129D+00
       0.54500D+03       0.12049D+01      -0.15060D+00       0.49277D+00       0.19133D+00
       0.54600D+03       0.12050D+01      -0.99309D-01       0.49279D+00       0.19127D+00
       0.54700D+03       0.12045D+01      -0.78174D-01       0.49277D+00       0.19127D+00
       0.54800D+03       0.12115D+01      -0.13377D+00       0.49275D+00       0.19125D+00
       0.54900D+03       0.12076D+01      -0.12649D+00       0.49270D+00       0.19123D+00
       0.55000D+03       0.12077D+01      -0.17621D+00       0.49270D+00       0.19122D+00
       0.55100D+03       0.12090D+01      -0.22089D+00       0.49275D+00       0.19122D+00
       0.55200D+03       0.12097D+01      -0.16507D+00       0.49279D+00       0.19123D+00
       0.55300D+03       0.12099D+01      -0.14186D+00       0.49278D+00       0.19120D+00
       0.55400D+03       0.12045D+01      -0.17944D+00       0.49275D+00       0.19117D+00
       0.55500D+03       0.12142D+01      -0.62022D-01       0.49271D+00       0.19120D+00
       0.55600D+03       0.12140D+01      -0.12810D+00       0.49269D+00       0.19117D+00
       0.55700D+03       0.12145D+01      -0.17201D+00       0.49272D+00       0.19118D+00
       0.55800D+03       0.12145D+01      -0.16577D+00       0.49277D+00       0.19125D+00
       0.55900D+03       0.12146D+01      -0.10759D+00       0.49278D+00       0.19124D+00
       0.56000D+03       0.12134D+01      -0.80991D-01       0.49276D+00       0.19119D+00
       0.56100D+03       0.12155D+01      -0.11791D+00       0.49275D+00       0.19121D+00
       0.56200D+03       0.12106D+01      -0.16877D+00       0.49270D+00       0.19123D+00
       0.56300D+03       0.12106D+01      -0.20804D+00       0.49271D+00       0.19122D+00
       0.56400D+03       0.12108D+01      -0.23031D+00       0.49276D+00       0.19124D+00
       0.56500D+03       0.12117D+01      -0.18668D+00       0.49279D+00       0.19126D+00
       0.56600D+03       0.12116D+01      -0.15964D+00       0.49278D+00       0.19122D+00
       0.56700D+03       0.12069D+01      -0.13567D+00       0.49275D+00       0.19121D+00
       0.56800D+03       0.12137D+01      -0.67132D-01       0.49271D+00       0.19121D+00
       0.56900D+03       0.12133D+01      -0.12808D+00       0.49269D+00       0.19116D+00
       0.57000D+03       0.12140D+01      -0.17706D+00       0.49272D+00       0.19112D+00
       0.57100D+03       0.12141D+01      -0.15740D+00       0.49277D+00       0.19116D+00
       0.57200D+03       0.12140D+01      -0.11568D+00       0.49278D+00       0.19113D+00
       0.57300D+03       0.12132D+01      -0.77260D-01       0.49276D+00       0.19114D+00
       0.57400D+03       0.12132D+01      -0.90818D-01       0.49274D+00       0.19117D+00
       0.57500D+03       0.12085D+01      -0.97408D-01       0.49270D+00       0.19119D+00
       0.57600D+03       0.12085D+01      -0.13070D+00       0.49271D+00       0.19120D+00
       0.57700D+03       0.12093D+01      -0.16925D+00       0.49277D+00       0.19123D+00
       0.57800D+03       0.12102D+01      -0.11234D+00       0.49279D+00       0.19124D+00
       0.57900D+03       0.12098D+01      -0.78814D-01       0.49278D+00       0.19117D+00
       0.58000D+03       0.12094D+01      -0.13292D+00       0.49275D+00       0.19129D+00
       0.58100D+03       0.12076D+01      -0.11067D+00       0.49270D+00       0.19133D+00
       0.58200D+03       0.12072D+01      -0.16305D+00       0.49269D+00       0.19129D+00
       0.58300D+03       0.12085D+01      -0.20684D+00       0.49273D+00       0.19131D+00
       0.58400D+03       0.12091D+01      -0.18079D+00       0.49277D+00       0.19135D+00
       0.58500D+03       0.12086D+01      -0.14845D+00       0.49277D+00       0.19133D+00
       0.58600D+03       0.12053D+01      -0.10277D+00       0.49275D+00       0.19135D+00
       0.58700D+03       0.12069D+01      -0.52323D-01       0.49274D+00       0.19136D+00
       0.58800D+03       0.12065D+01      -0.79105D-01       0.49270D+00       0.19137D+00
       0.58900D+03       0.12065D+01      -0.12745D+00       0.49272D+00       0.19138D+00
       0.59000D+03       0.12068D+01      -0.12757D+00       0.49277D+00       0.19138D+00
       0.59100D+03       0.12075D+01      -0.67549D-01       0.49279D+00       0.19134D+00
       0.59200D+03       0.12078D+01      -0.69260D-01       0.49278D+00       0.19132D+00
       0.59300D+03       0.12101D+01      -0.12654D+00       0.49275D+00       0.19138D+00
       0.59400D+03       0.12042D+01      -0.10784D+00       0.49270D+00       0.19142D+00
       0.59500D+03       0.12037D+01      -0.13667D+00       0.49269D+00       0.19138D+00
       0.59600D+03       0.12056D+01      -0.18822D+00       0.49273D+00       0.19141D+00
       0.59700D+03       0.12063D+01      -0.14627D+00       0.49278D+00       0.19136D+00
       0.59800D+03       0.12060D+01      -0.11255D+00       0.49277D+00       0.19133D+00
       0.59900D+03       0.12020D+01      -0.12081D+00       0.49275D+00       0.19134D+00
       0.60000D+03       0.12042D+01      -0.52582D-01       0.49273D+00       0.19137D+00
       0.60100D+03       0.12016D+01      -0.13598D+00       0.49270D+00       0.19138D+00
       0.60200D+03       0.12020D+01      -0.17604D+00       0.49272D+00       0.19135D+00
       0.60300D+03       0.12019D+01      -0.17011D+00       0.49277D+00       0.19138D+00
       0.60400D+03       0.12021D+01      -0.11823D+00       0.49279D+00       0.19132D+00
       0.60500D+03       0.12018D+01      -0.92816D-01       0.49277D+00       0.19133D+00
       0.60600D+03       0.12083D+01      -0.15018D+00       0.49275D+00       0.19131D+00
       0.60700D+03       0.12051D+01      -0.14501D+00       0.49270D+00       0.19129D+00
       0.60800D+03       0.12052D+01      -0.19761D+00       0.49270D+00       0.19128D+00
       0.60900D+03       0.12064D+01      -0.24069D+00       0.49275D+00       0.19127D+00
       0.61000D+03       0.12069D+01      -0.18690D+00       0.49278D+00       0.19127D+00
       0.61100D+03       0.12071D+01      -0.16422D+00       0.49278D+00       0.19125D+00
       0.61200D+03       0.12017D+01      -0.19053D+00       0.49275D+00       0.19121D+00
       0.61300D+03       0.12099D+01      -0.70554D-01       0.49272D+00       0.19126D+00
       0.61400D+03       0.12097D+01      -0.13255D+00       0.49270D+00       0.19123D+00
       0.61500D+03       0.12102D+01      -0.17813D+00       0.49272D+00       0.19125D+00
       0.61600D+03       0.12101D+01      -0.17316D+00       0.49277D+00       0.19130D+00
       0.61700D+03       0.12102D+01      -0.11373D+00       0.49278D+00       0.19128D+00
       0.61800D+03       0.12090D+01      -0.90695D-01       0.49276D+00       0.19128D+00
       0.61900D+03       0.12116D+01      -0.13308D+00       0.49275D+00       0.19130D+00
       0.62000D+03       0.12083D+01      -0.18041D+00       0.49271D+00       0.19132D+00
       0.62100D+03       0.12084D+01      -0.21647D+00       0.49271D+00       0.19130D+00
       0.62200D+03       0.12087D+01      -0.24261D+00       0.49276D+00       0.19132D+00
       0.62300D+03       0.12094D+01      -0.20017D+00       0.49279D+00       0.19128D+00
       0.62400D+03       0.12094D+01      -0.17158D+00       0.49278D+00       0.19126D+00
       0.62500D+03       0.12048D+01      -0.14096D+00       0.49275D+00       0.19123D+00
       0.62600D+03       0.12113D+01      -0.73707D-01       0.49271D+00       0.19123D+00
       0.62700D+03       0.12109D+01      -0.13682D+00       0.49270D+00       0.19119D+00
       0.62800D+03       0.12116D+01      -0.18488D+00       0.49272D+00       0.19116D+00
       0.62900D+03       0.12117D+01      -0.16542D+00       0.49277D+00       0.19119D+00
       0.63000D+03       0.12117D+01      -0.12475D+00       0.49278D+00       0.19117D+00
       0.63100D+03       0.12108D+01      -0.85737D-01       0.49275D+00       0.19116D+00
       0.63200D+03       0.12104D+01      -0.99904D-01       0.49274D+00       0.19118D+00
       0.63300D+03       0.12060D+01      -0.10075D+00       0.49271D+00       0.19122D+00
       0.63400D+03       0.12061D+01      -0.13496D+00       0.49272D+00       0.19122D+00
       0.63500D+03       0.12068D+01      -0.17379D+00       0.49276D+00       0.19125D+00
       0.63600D+03       0.12076D+01      -0.11470D+00       0.49279D+00       0.19127D+00
       0.63700D+03       0.12074D+01      -0.85002D-01       0.49278D+00       0.19121D+00
       0.63800D+03       0.12074D+01      -0.13977D+00       0.49275D+00       0.19132D+00
       0.63900D+03       0.12070D+01      -0.10919D+00       0.49270D+00       0.19135D+00
       0.64000D+03       0.12067D+01      -0.16151D+00       0.49270D+00       0.19130D+00
       0.64100D+03       0.12078D+01      -0.20456D+00       0.49273D+00       0.19131D+00
       0.64200D+03       0.12084D+01      -0.17834D+00       0.49277D+00       0.19135D+00
       0.64300D+03       0.12080D+01      -0.14456D+00       0.49277D+00       0.19132D+00
       0.64400D+03       0.12051D+01      -0.10015D+00       0.49275D+00       0.19135D+00
       0.64500D+03       0.12064D+01      -0.53198D-01       0.49274D+00       0.19136D+00
       0.64600D+03       0.12054D+01      -0.94094D-01       0.49271D+00       0.19136D+00
       0.64700D+03       0.12054D+01      -0.14204D+00       0.49272D+00       0.19137D+00
       0.64800D+03       0.12056D+01      -0.13926D+00       0.49277D+00       0.19137D+00
       0.64900D+03       0.12063D+01      -0.81331D-01       0.49279D+00       0.19134D+00
       0.65000D+03       0.12063D+01      -0.80604D-01       0.49277D+00       0.19132D+00
       0.65100D+03       0.12082D+01      -0.12774D+00       0.49275D+00       0.19139D+00
       0.65200D+03       0.12029D+01      -0.10053D+00       0.49270D+00       0.19144D+00
       0.65300D+03       0.12024D+01      -0.13106D+00       0.49270D+00       0.19142D+00
       0.65400D+03       0.12040D+01      -0.18336D+00       0.49273D+00       0.19143D+00
       0.65500D+03       0.12047D+01      -0.14094D+00       0.49277D+00       0.19140D+00
       0.65600D+03       0.12044D+01      -0.10693D+00       0.49277D+00       0.19136D+00
       0.65700D+03       0.12008D+01      -0.12173D+00       0.49275D+00       0.19137D+00
       0.65800D+03       0.12030D+01      -0.57080D-01       0.49273D+00       0.19140D+00
       0.65900D+03       0.12009D+01      -0.13603D+00       0.49270D+00       0.19141D+00
       0.66000D+03       0.12011D+01      -0.17529D+00       0.49272D+00       0.19139D+00
       0.66100D+03       0.12012D+01      -0.17327D+00       0.49277D+00       0.19141D+00
       0.66200D+03       0.12013D+01      -0.12044D+00       0.49278D+00       0.19136D+00
       0.66300D+03       0.12012D+01      -0.91200D-01       0.49277D+00       0.19137D+00
       0.66400D+03       0.12070D+01      -0.15083D+00       0.49275D+00       0.19135D+00
       0.66500D+03       0.12038D+01      -0.14935D+00       0.49270D+00       0.19136D+00
       0.66600D+03       0.12039D+01      -0.20340D+00       0.49271D+00       0.19135D+00
       0.66700D+03       0.12050D+01      -0.24518D+00       0.49274D+00       0.19135D+00
       0.66800D+03       0.12055D+01      -0.19392D+00       0.49278D+00       0.19130D+00
       0.66900D+03       0.12056D+01      -0.17158D+00       0.49277D+00       0.19127D+00
       0.67000D+03       0.12006D+01      -0.18414D+00       0.49275D+00       0.19123D+00
       0.67100D+03       0.12079D+01      -0.62710D-01       0.49272D+00       0.19128D+00
       0.67200D+03       0.12076D+01      -0.12075D+00       0.49270D+00       0.19125D+00
       0.67300D+03       0.12082D+01      -0.16795D+00       0.49272D+00       0.19126D+00
       0.67400D+03       0.12081D+01      -0.16368D+00       0.49277D+00       0.19131D+00
       0.67500D+03       0.12081D+01      -0.10347D+00       0.49278D+00       0.19130D+00
       0.67600D+03       0.12070D+01      -0.84234D-01       0.49276D+00       0.19130D+00
       0.67700D+03       0.12102D+01      -0.13231D+00       0.49275D+00       0.19130D+00
       0.67800D+03       0.12080D+01      -0.17647D+00       0.49271D+00       0.19133D+00
       0.67900D+03       0.12082D+01      -0.20935D+00       0.49271D+00       0.19132D+00
       0.68000D+03       0.12086D+01      -0.23970D+00       0.49275D+00       0.19134D+00
       0.68100D+03       0.12092D+01      -0.19780D+00       0.49278D+00       0.19130D+00
       0.68200D+03       0.12092D+01      -0.16784D+00       0.49278D+00       0.19128D+00
       0.68300D+03       0.12051D+01      -0.13171D+00       0.49275D+00       0.19125D+00
       0.68400D+03       0.12111D+01      -0.63915D-01       0.49271D+00       0.19125D+00
       0.68500D+03       0.12106D+01      -0.12932D+00       0.49270D+00       0.19122D+00
       0.68600D+03       0.12113D+01      -0.17612D+00       0.49272D+00       0.19119D+00
       0.68700D+03       0.12114D+01      -0.15669D+00       0.49277D+00       0.19122D+00
       0.68800D+03       0.12114D+01      -0.11684D+00       0.49277D+00       0.19120D+00
       0.68900D+03       0.12104D+01      -0.78037D-01       0.49275D+00       0.19120D+00
       0.69000D+03       0.12100D+01      -0.92218D-01       0.49274D+00       0.19122D+00
       0.69100D+03       0.12059D+01      -0.89866D-01       0.49271D+00       0.19124D+00
       0.69200D+03       0.12060D+01      -0.12558D+00       0.49272D+00       0.19123D+00
       0.69300D+03       0.12067D+01      -0.16356D+00       0.49276D+00       0.19126D+00
       0.69400D+03       0.12075D+01      -0.10251D+00       0.49279D+00       0.19128D+00
       0.69500D+03       0.12073D+01      -0.76734D-01       0.49278D+00       0.19122D+00
       0.69600D+03       0.12073D+01      -0.13044D+00       0.49275D+00       0.19132D+00
       0.69700D+03       0.12078D+01      -0.91705D-01       0.49271D+00       0.19132D+00
       0.69800D+03       0.12076D+01      -0.14411D+00       0.49270D+00       0.19128D+00
       0.69900D+03       0.12085D+01      -0.18667D+00       0.49273D+00       0.19128D+00
       0.70000D+03       0.12090D+01      -0.16017D+00       0.49277D+00       0.19130D+00
       0.70100D+03       0.12087D+01      -0.12473D+00       0.49277D+00       0.19128D+00
       0.70200D+03       0.12061D+01      -0.82113D-01       0.49275D+00       0.19130D+00
       0.70300D+03       0.12070D+01      -0.39066D-01       0.49274D+00       0.19131D+00
       0.70400D+03       0.12055D+01      -0.94153D-01       0.49271D+00       0.19132D+00
       0.70500D+03       0.12054D+01      -0.14147D+00       0.49272D+00       0.19133D+00
       0.70600D+03       0.12056D+01      -0.13660D+00       0.49276D+00       0.19132D+00
       0.70700D+03       0.12062D+01      -0.80868D-01       0.49278D+00       0.19129D+00
       0.70800D+03       0.12060D+01      -0.76599D-01       0.49277D+00       0.19126D+00
       0.70900D+03       0.12076D+01      -0.11462D+00       0.49275D+00       0.19133D+00
       0.71000D+03       0.12032D+01      -0.80599D-01       0.49271D+00       0.19137D+00
       0.71100D+03       0.12027D+01      -0.11342D+00       0.49270D+00       0.19133D+00
       0.71200D+03       0.12042D+01      -0.16627D+00       0.49273D+00       0.19134D+00
       0.71300D+03       0.12047D+01      -0.12396D+00       0.49277D+00       0.19131D+00
       0.71400D+03       0.12044D+01      -0.89988D-01       0.49277D+00       0.19129D+00
       0.71500D+03       0.12012D+01      -0.10685D+00       0.49275D+00       0.19130D+00
       0.71600D+03       0.12033D+01      -0.45153D-01       0.49273D+00       0.19135D+00
       0.71700D+03       0.12015D+01      -0.11809D+00       0.49270D+00       0.19137D+00
       0.71800D+03       0.12017D+01      -0.15678D+00       0.49272D+00       0.19135D+00
       0.71900D+03       0.12018D+01      -0.15903D+00       0.49276D+00       0.19138D+00
       0.72000D+03       0.12019D+01      -0.10499D+00       0.49278D+00       0.19134D+00
       0.72100D+03       0.12020D+01      -0.72919D-01       0.49276D+00       0.19135D+00
       0.72200D+03       0.12069D+01      -0.13528D+00       0.49275D+00       0.19133D+00
       0.72300D+03       0.12034D+01      -0.13821D+00       0.49271D+00       0.19136D+00
       0.72400D+03       0.12034D+01      -0.19238D+00       0.49271D+00       0.19135D+00
       0.72500D+03       0.12044D+01      -0.23326D+00       0.49274D+00       0.19136D+00
       0.72600D+03       0.12049D+01      -0.18486D+00       0.49278D+00       0.19132D+00
       0.72700D+03       0.12048D+01      -0.16261D+00       0.49277D+00       0.19131D+00
       0.72800D+03       0.12005D+01      -0.16071D+00       0.49275D+00       0.19128D+00
       0.72900D+03       0.12071D+01      -0.38986D-01       0.49272D+00       0.19131D+00
       0.73000D+03       0.12069D+01      -0.93526D-01       0.49270D+00       0.19128D+00
       0.73100D+03       0.12073D+01      -0.14215D+00       0.49272D+00       0.19129D+00
       0.73200D+03       0.12073D+01      -0.13789D+00       0.49276D+00       0.19133D+00
       0.73300D+03       0.12072D+01      -0.77479D-01       0.49277D+00       0.19132D+00
       0.73400D+03       0.12063D+01      -0.62100D-01       0.49276D+00       0.19130D+00
       0.73500D+03       0.12098D+01      -0.11545D+00       0.49275D+00       0.19132D+00
       0.73600D+03       0.12082D+01      -0.15723D+00       0.49271D+00       0.19134D+00
       0.73700D+03       0.12084D+01      -0.18723D+00       0.49271D+00       0.19133D+00
       0.73800D+03       0.12090D+01      -0.22186D+00       0.49275D+00       0.19138D+00
       0.73900D+03       0.12095D+01      -0.17982D+00       0.49278D+00       0.19134D+00
       0.74000D+03       0.12095D+01      -0.14866D+00       0.49277D+00       0.19132D+00
       0.74100D+03       0.12059D+01      -0.10914D+00       0.49275D+00       0.19130D+00
       0.74200D+03       0.12114D+01      -0.39427D-01       0.49272D+00       0.19130D+00
       0.74300D+03       0.12109D+01      -0.10706D+00       0.49270D+00       0.19127D+00
       0.74400D+03       0.12116D+01      -0.15239D+00       0.49273D+00       0.19124D+00
       0.74500D+03       0.12117D+01      -0.13291D+00       0.49277D+00       0.19128D+00
       0.74600D+03       0.12117D+01      -0.93551D-01       0.49277D+00       0.19126D+00
       0.74700D+03       0.12106D+01      -0.55536D-01       0.49275D+00       0.19126D+00
       0.74800D+03       0.12104D+01      -0.69583D-01       0.49274D+00       0.19128D+00
       0.74900D+03       0.12066D+01      -0.67020D-01       0.49271D+00       0.19128D+00
       0.75000D+03       0.12068D+01      -0.10467D+00       0.49272D+00       0.19128D+00
       0.75100D+03       0.12074D+01      -0.14081D+00       0.49276D+00       0.19130D+00
       0.75200D+03       0.12081D+01      -0.78137D-01       0.49278D+00       0.19131D+00
       0.75300D+03       0.12081D+01      -0.55991D-01       0.49277D+00       0.19127D+00
       0.75400D+03       0.12076D+01      -0.10681D+00       0.49275D+00       0.19136D+00
       0.75500D+03       0.12084D+01      -0.60239D-01       0.49271D+00       0.19136D+00
       0.75600D+03       0.12083D+01      -0.11283D+00       0.49270D+00       0.19132D+00
       0.75700D+03       0.12090D+01      -0.15519D+00       0.49273D+00       0.19133D+00
       0.75800D+03       0.12095D+01      -0.12841D+00       0.49277D+00       0.19135D+00
       0.75900D+03       0.12093D+01      -0.91199D-01       0.49277D+00       0.19133D+00
       0.76000D+03       0.12070D+01      -0.50606D-01       0.49275D+00       0.19135D+00
       0.76100D+03       0.12074D+01      -0.11874D-01       0.49274D+00       0.19136D+00
       0.76200D+03       0.12054D+01      -0.79847D-01       0.49271D+00       0.19137D+00
       0.76300D+03       0.12053D+01      -0.12623D+00       0.49272D+00       0.19136D+00
       0.76400D+03       0.12054D+01      -0.12035D+00       0.49276D+00       0.19135D+00
       0.76500D+03       0.12060D+01      -0.66792D-01       0.49278D+00       0.19132D+00
       0.76600D+03       0.12057D+01      -0.58243D-01       0.49277D+00       0.19129D+00
       0.76700D+03       0.12070D+01      -0.88879D-01       0.49275D+00       0.19135D+00
       0.76800D+03       0.12036D+01      -0.50696D-01       0.49271D+00       0.19138D+00
       0.76900D+03       0.12033D+01      -0.86309D-01       0.49270D+00       0.19134D+00
       0.77000D+03       0.12044D+01      -0.13951D+00       0.49273D+00       0.19135D+00
       0.77100D+03       0.12048D+01      -0.97876D-01       0.49277D+00       0.19131D+00
       0.77200D+03       0.12046D+01      -0.64204D-01       0.49277D+00       0.19129D+00
       0.77300D+03       0.12015D+01      -0.78646D-01       0.49275D+00       0.19130D+00
       0.77400D+03       0.12034D+01      -0.19124D-01       0.49273D+00       0.19138D+00
       0.77500D+03       0.12019D+01      -0.84567D-01       0.49271D+00       0.19137D+00
       0.77600D+03       0.12019D+01      -0.12292D+00       0.49272D+00       0.19136D+00
       0.77700D+03       0.12021D+01      -0.12952D+00       0.49276D+00       0.19139D+00
       0.77800D+03       0.12023D+01      -0.74067D-01       0.49278D+00       0.19135D+00
       0.77900D+03       0.12024D+01      -0.40412D-01       0.49276D+00       0.19136D+00
       0.78000D+03       0.12065D+01      -0.10594D+00       0.49275D+00       0.19137D+00
       0.78100D+03       0.12026D+01      -0.11346D+00       0.49271D+00       0.19140D+00
       0.78200D+03       0.12025D+01      -0.16665D+00       0.49271D+00       0.19142D+00
       0.78300D+03       0.12034D+01      -0.20701D+00       0.49274D+00       0.19144D+00
       0.78400D+03       0.12039D+01      -0.16155D+00       0.49277D+00       0.19140D+00
       0.78500D+03       0.12038D+01      -0.13912D+00       0.49277D+00       0.19139D+00
       0.78600D+03       0.12001D+01      -0.12328D+00       0.49275D+00       0.19136D+00
       0.78700D+03       0.12061D+01      -0.23906D-02       0.49272D+00       0.19139D+00
       0.78800D+03       0.12060D+01      -0.54196D-01       0.49271D+00       0.19136D+00
       0.78900D+03       0.12064D+01      -0.10396D+00       0.49272D+00       0.19137D+00
       0.79000D+03       0.12064D+01      -0.99138D-01       0.49276D+00       0.19141D+00
       0.79100D+03       0.12063D+01      -0.39075D-01       0.49277D+00       0.19140D+00
       0.79200D+03       0.12056D+01      -0.27336D-01       0.49276D+00       0.19136D+00
       0.79300D+03       0.12090D+01      -0.84962D-01       0.49275D+00       0.19138D+00
       0.79400D+03       0.12074D+01      -0.12506D+00       0.49271D+00       0.19140D+00
       0.79500D+03       0.12077D+01      -0.15269D+00       0.49272D+00       0.19140D+00
       0.79600D+03       0.12084D+01      -0.19143D+00       0.49275D+00       0.19143D+00
       0.79700D+03       0.12089D+01      -0.14855D+00       0.49278D+00       0.19139D+00
       0.79800D+03       0.12088D+01      -0.11648D+00       0.49277D+00       0.19138D+00
       0.79900D+03       0.12059D+01      -0.76242D-01       0.49275D+00       0.19136D+00
       0.80000D+03       0.12111D+01      -0.36155D-02       0.49272D+00       0.19135D+00
       0.80100D+03       0.12105D+01      -0.73334D-01       0.49271D+00       0.19133D+00
       0.80200D+03       0.12112D+01      -0.11714D+00       0.49273D+00       0.19131D+00
       0.80300D+03       0.12113D+01      -0.97700D-01       0.49276D+00       0.19134D+00
       0.80400D+03       0.12112D+01      -0.58384D-01       0.49277D+00       0.19134D+00
       0.80500D+03       0.12102D+01      -0.21304D-01       0.49275D+00       0.19132D+00
       0.80600D+03       0.12103D+01      -0.35448D-01       0.49274D+00       0.19133D+00
       0.80700D+03       0.12070D+01      -0.35893D-01       0.49271D+00       0.19134D+00
       0.80800D+03       0.12072D+01      -0.75747D-01       0.49272D+00       0.19132D+00
       0.80900D+03       0.12077D+01      -0.10923D+00       0.49276D+00       0.19134D+00
       0.81000D+03       0.12083D+01      -0.45374D-01       0.49278D+00       0.19135D+00
       0.81100D+03       0.12085D+01      -0.26354D-01       0.49277D+00       0.19131D+00
       0.81200D+03       0.12073D+01      -0.72624D-01       0.49275D+00       0.19139D+00
       0.81300D+03       0.12079D+01      -0.18284D-01       0.49271D+00       0.19141D+00
       0.81400D+03       0.12078D+01      -0.71103D-01       0.49271D+00       0.19142D+00
       0.81500D+03       0.12085D+01      -0.11363D+00       0.49273D+00       0.19140D+00
       0.81600D+03       0.12088D+01      -0.86684D-01       0.49276D+00       0.19143D+00
       0.81700D+03       0.12087D+01      -0.47631D-01       0.49277D+00       0.19141D+00
       0.81800D+03       0.12066D+01      -0.92535D-02       0.49275D+00       0.19142D+00
       0.81900D+03       0.12067D+01       0.24805D-01       0.49274D+00       0.19143D+00
       0.82000D+03       0.12044D+01      -0.53497D-01       0.49271D+00       0.19143D+00
       0.82100D+03       0.12044D+01      -0.98676D-01       0.49272D+00       0.19143D+00
       0.82200D+03       0.12045D+01      -0.92963D-01       0.49276D+00       0.19142D+00
       0.82300D+03       0.12050D+01      -0.41507D-01       0.49278D+00       0.19139D+00
       0.82400D+03       0.12046D+01      -0.28292D-01       0.49277D+00       0.19137D+00
       0.82500D+03       0.12057D+01      -0.53727D-01       0.49275D+00       0.19136D+00
       0.82600D+03       0.12033D+01      -0.14921D-01       0.49271D+00       0.19138D+00
       0.82700D+03       0.12030D+01      -0.53662D-01       0.49271D+00       0.19135D+00
       0.82800D+03       0.12040D+01      -0.10702D+00       0.49273D+00       0.19133D+00
       0.82900D+03       0.12043D+01      -0.66523D-01       0.49277D+00       0.19137D+00
       0.83000D+03       0.12041D+01      -0.33341D-01       0.49277D+00       0.19135D+00
       0.83100D+03       0.12013D+01      -0.42050D-01       0.49275D+00       0.19136D+00
       0.83200D+03       0.12027D+01       0.16092D-01       0.49273D+00       0.19143D+00
       0.83300D+03       0.12015D+01      -0.40476D-01       0.49271D+00       0.19142D+00
       0.83400D+03       0.12014D+01      -0.78833D-01       0.49272D+00       0.19140D+00
       0.83500D+03       0.12016D+01      -0.89513D-01       0.49276D+00       0.19143D+00
       0.83600D+03       0.12019D+01      -0.32553D-01       0.49277D+00       0.19140D+00
       0.83700D+03       0.12019D+01       0.13102D-02       0.49276D+00       0.19139D+00
       0.83800D+03       0.12054D+01      -0.67882D-01       0.49275D+00       0.19143D+00
       0.83900D+03       0.12014D+01      -0.79862D-01       0.49271D+00       0.19146D+00
       0.84000D+03       0.12012D+01      -0.13123D+00       0.49271D+00       0.19148D+00
       0.84100D+03       0.12020D+01      -0.17141D+00       0.49274D+00       0.19149D+00
       0.84200D+03       0.12025D+01      -0.12864D+00       0.49277D+00       0.19146D+00
       0.84300D+03       0.12024D+01      -0.10580D+00       0.49277D+00       0.19146D+00
       0.84400D+03       0.11992D+01      -0.77519D-01       0.49275D+00       0.19143D+00
       0.84500D+03       0.12046D+01       0.41460D-01       0.49273D+00       0.19146D+00
       0.84600D+03       0.12046D+01      -0.88012D-02       0.49271D+00       0.19143D+00
       0.84700D+03       0.12049D+01      -0.59350D-01       0.49273D+00       0.19143D+00
       0.84800D+03       0.12050D+01      -0.53552D-01       0.49276D+00       0.19147D+00
       0.84900D+03       0.12050D+01       0.57223D-02       0.49277D+00       0.19147D+00
       0.85000D+03       0.12043D+01       0.14333D-01       0.49276D+00       0.19143D+00
       0.85100D+03       0.12074D+01      -0.46253D-01       0.49275D+00       0.19145D+00
       0.85200D+03       0.12056D+01      -0.84832D-01       0.49271D+00       0.19144D+00
       0.85300D+03       0.12059D+01      -0.11067D+00       0.49272D+00       0.19143D+00
       0.85400D+03       0.12068D+01      -0.15317D+00       0.49275D+00       0.19145D+00
       0.85500D+03       0.12072D+01      -0.10879D+00       0.49277D+00       0.19141D+00
       0.85600D+03       0.12071D+01      -0.76185D-01       0.49277D+00       0.19141D+00
       0.85700D+03       0.12047D+01      -0.38382D-01       0.49275D+00       0.19139D+00
       0.85800D+03       0.12099D+01       0.37804D-01       0.49272D+00       0.19139D+00
       0.85900D+03       0.12092D+01      -0.33820D-01       0.49271D+00       0.19137D+00
       0.86000D+03       0.12099D+01      -0.76157D-01       0.49273D+00       0.19135D+00
       0.86100D+03       0.12100D+01      -0.56958D-01       0.49276D+00       0.19138D+00
       0.86200D+03       0.12099D+01      -0.17165D-01       0.49277D+00       0.19138D+00
       0.86300D+03       0.12090D+01       0.19282D-01       0.49275D+00       0.19136D+00
       0.86400D+03       0.12094D+01       0.46678D-02       0.49275D+00       0.19136D+00
       0.86500D+03       0.12068D+01      -0.16299D-02       0.49272D+00       0.19137D+00
       0.86600D+03       0.12070D+01      -0.43753D-01       0.49272D+00       0.19136D+00
       0.86700D+03       0.12075D+01      -0.73927D-01       0.49276D+00       0.19138D+00
       0.86800D+03       0.12080D+01      -0.94932D-02       0.49278D+00       0.19138D+00
       0.86900D+03       0.12082D+01       0.70801D-02       0.49277D+00       0.19136D+00
       0.87000D+03       0.12064D+01      -0.33313D-01       0.49275D+00       0.19144D+00
