       0.10000D+01       0.00000D+00      -0.61448D-01       0.39744D+00       0.00000D+00
       0.20000D+01       0.69640D-02      -0.66951D-01       0.38619D+00       0.26704D+00
       0.30000D+01       0.69198D-02      -0.76659D-01       0.38161D+00       0.18191D+00
       0.40000D+01       0.12676D-01      -0.11082D-01       0.38580D+00       0.15856D+00
       0.50000D+01       0.13144D-01       0.13757D-01       0.38431D+00       0.13404D+00
       0.60000D+01       0.14306D-01      -0.25462D-01       0.38728D+00       0.22728D+00
       0.70000D+01       0.15746D-01      -0.57410D-01       0.38537D+00       0.29039D+00
       0.80000D+01       0.13566D-01      -0.99059D-01       0.38428D+00       0.25701D+00
       0.90000D+01       0.13911D-01      -0.20509D-01       0.38511D+00       0.23918D+00
       0.10000D+02       0.14497D-01       0.20061D-01       0.38416D+00       0.21783D+00
       0.11000D+02       0.13904D-01       0.80659D-02       0.38602D+00       0.25852D+00
       0.12000D+02       0.14556D-01      -0.30410D-01       0.38513D+00       0.29206D+00
       0.13000D+02       0.13583D-01      -0.99342D-01       0.38495D+00       0.27140D+00
       0.14000D+02       0.12940D-01      -0.42717D-01       0.38493D+00       0.25970D+00
       0.15000D+02       0.13507D-01       0.68913D-03       0.38412D+00       0.24389D+00
       0.16000D+02       0.13466D-01       0.15730D-01       0.38542D+00       0.24883D+00
       0.17000D+02       0.13623D-01      -0.14231D-01       0.38496D+00       0.27903D+00
       0.18000D+02       0.13985D-01      -0.95346D-01       0.38526D+00       0.26503D+00
       0.19000D+02       0.13827D-01      -0.63684D-01       0.38493D+00       0.25688D+00
       0.20000D+02       0.13890D-01      -0.36915D-01       0.38424D+00       0.24494D+00
       0.21000D+02       0.14646D-01       0.54213D-02       0.38513D+00       0.24817D+00
       0.22000D+02       0.14566D-01      -0.21950D-02       0.38486D+00       0.28395D+00
       0.23000D+02       0.15262D-01      -0.66180D-01       0.38539D+00       0.28828D+00
       0.24000D+02       0.15330D-01      -0.67111D-01       0.38496D+00       0.28570D+00
       0.25000D+02       0.14900D-01      -0.71916D-01       0.38444D+00       0.27462D+00
       0.26000D+02       0.15649D-01      -0.92439D-02       0.38501D+00       0.27058D+00
       0.27000D+02       0.15643D-01       0.12169D-01       0.38477D+00       0.26179D+00
       0.28000D+02       0.15915D-01      -0.30692D-01       0.38537D+00       0.27718D+00
       0.29000D+02       0.16176D-01      -0.59935D-01       0.38497D+00       0.29069D+00
       0.30000D+02       0.15560D-01      -0.97690D-01       0.38467D+00       0.28173D+00
       0.31000D+02       0.15714D-01      -0.18700D-01       0.38493D+00       0.27576D+00
       0.32000D+02       0.15848D-01       0.20528D-01       0.38466D+00       0.26806D+00
       0.33000D+02       0.15665D-01       0.48062D-02       0.38525D+00       0.27015D+00
       0.34000D+02       0.15875D-01      -0.33909D-01       0.38495D+00       0.28426D+00
       0.35000D+02       0.15396D-01      -0.98834D-01       0.38486D+00       0.27673D+00
       0.36000D+02       0.15089D-01      -0.38649D-01       0.38488D+00       0.27202D+00
       0.37000D+02       0.15280D-01       0.52712D-02       0.38457D+00       0.26530D+00
       0.38000D+02       0.15175D-01       0.16357D-01       0.38510D+00       0.26681D+00
       0.39000D+02       0.15233D-01      -0.15533D-01       0.38490D+00       0.27952D+00
       0.40000D+02       0.15261D-01      -0.97680D-01       0.38501D+00       0.27318D+00
       0.41000D+02       0.15083D-01      -0.62109D-01       0.38488D+00       0.26898D+00
       0.42000D+02       0.15119D-01      -0.31762D-01       0.38456D+00       0.26294D+00
       0.43000D+02       0.15428D-01       0.71740D-02       0.38500D+00       0.26408D+00
       0.44000D+02       0.15386D-01      -0.43782D-02       0.38486D+00       0.28166D+00
       0.45000D+02       0.15714D-01      -0.70886D-01       0.38511D+00       0.28387D+00
       0.46000D+02       0.15699D-01      -0.67143D-01       0.38490D+00       0.28052D+00
       0.47000D+02       0.15483D-01      -0.67096D-01       0.38462D+00       0.27471D+00
       0.48000D+02       0.15895D-01      -0.72232D-02       0.38494D+00       0.27259D+00
       0.49000D+02       0.15864D-01       0.10500D-01       0.38481D+00       0.26845D+00
       0.50000D+02       0.16056D-01      -0.35848D-01       0.38514D+00       0.27695D+00
       0.51000D+02       0.16178D-01      -0.61972D-01       0.38492D+00       0.28461D+00
       0.52000D+02       0.15841D-01      -0.95640D-01       0.38473D+00       0.27961D+00
       0.53000D+02       0.15971D-01      -0.17250D-01       0.38490D+00       0.27613D+00
       0.54000D+02       0.16050D-01       0.20396D-01       0.38475D+00       0.27153D+00
       0.55000D+02       0.15961D-01       0.90050D-03       0.38510D+00       0.27274D+00
       0.56000D+02       0.16098D-01      -0.37756D-01       0.38492D+00       0.28124D+00
       0.57000D+02       0.15798D-01      -0.98694D-01       0.38485D+00       0.27676D+00
       0.58000D+02       0.15592D-01      -0.34833D-01       0.38487D+00       0.27383D+00
       0.59000D+02       0.15698D-01       0.92262D-02       0.38468D+00       0.26954D+00
       0.60000D+02       0.15605D-01       0.16427D-01       0.38502D+00       0.27043D+00
       0.61000D+02       0.15648D-01      -0.17124D-01       0.38489D+00       0.27849D+00
       0.62000D+02       0.15598D-01      -0.99403D-01       0.38494D+00       0.27437D+00
       0.63000D+02       0.15461D-01      -0.60151D-01       0.38487D+00       0.27163D+00
       0.64000D+02       0.15506D-01      -0.26559D-01       0.38466D+00       0.26765D+00
       0.65000D+02       0.15664D-01       0.87788D-02       0.38495D+00       0.26833D+00
       0.66000D+02       0.15646D-01      -0.64969D-02       0.38486D+00       0.28001D+00
       0.67000D+02       0.15847D-01      -0.75558D-01       0.38502D+00       0.27628D+00
       0.68000D+02       0.15821D-01      -0.67079D-01       0.38488D+00       0.27408D+00
       0.69000D+02       0.15688D-01      -0.62280D-01       0.38469D+00       0.27021D+00
       0.70000D+02       0.15975D-01      -0.51180D-02       0.38491D+00       0.26888D+00
       0.71000D+02       0.15943D-01       0.86964D-02       0.38483D+00       0.26616D+00
       0.72000D+02       0.16102D-01      -0.40958D-01       0.38505D+00       0.27210D+00
       0.73000D+02       0.16172D-01      -0.63604D-01       0.38490D+00       0.27751D+00
       0.74000D+02       0.15941D-01      -0.92971D-01       0.38476D+00       0.27407D+00
       0.75000D+02       0.16079D-01      -0.16101D-01       0.38489D+00       0.27168D+00
       0.76000D+02       0.16125D-01       0.19694D-01       0.38479D+00       0.26850D+00
       0.77000D+02       0.16081D-01      -0.36225D-02       0.38503D+00       0.26941D+00
       0.78000D+02       0.16186D-01      -0.41873D-01       0.38490D+00       0.27555D+00
       0.79000D+02       0.15953D-01      -0.98932D-01       0.38484D+00       0.27236D+00
       0.80000D+02       0.15819D-01      -0.31374D-01       0.38487D+00       0.27028D+00
       0.81000D+02       0.15894D-01       0.12503D-01       0.38473D+00       0.26723D+00
       0.82000D+02       0.15812D-01       0.15893D-01       0.38498D+00       0.26793D+00
       0.83000D+02       0.15851D-01      -0.19072D-01       0.38488D+00       0.27388D+00
       0.84000D+02       0.15784D-01      -0.10048D+00       0.38491D+00       0.27092D+00
       0.85000D+02       0.15670D-01      -0.57736D-01       0.38486D+00       0.26904D+00
       0.86000D+02       0.15714D-01      -0.21288D-01       0.38471D+00       0.26613D+00
       0.87000D+02       0.15803D-01       0.10279D-01       0.38493D+00       0.26666D+00
       0.88000D+02       0.15792D-01      -0.84653D-02       0.38486D+00       0.27546D+00
       0.89000D+02       0.15932D-01      -0.80121D-01       0.38497D+00       0.27274D+00
       0.90000D+02       0.15902D-01      -0.66903D-01       0.38487D+00       0.27082D+00
       0.91000D+02       0.15815D-01      -0.57482D-01       0.38473D+00       0.26800D+00
       0.92000D+02       0.16033D-01      -0.29957D-02       0.38490D+00       0.26604D+00
       0.93000D+02       0.16009D-01       0.67412D-02       0.38484D+00       0.27065D+00
       0.94000D+02       0.16148D-01      -0.46024D-01       0.38500D+00       0.27144D+00
       0.95000D+02       0.16186D-01      -0.64890D-01       0.38489D+00       0.27561D+00
       0.96000D+02       0.16015D-01      -0.89749D-01       0.38477D+00       0.27296D+00
       0.97000D+02       0.16130D-01      -0.15111D-01       0.38488D+00       0.27104D+00
       0.98000D+02       0.16164D-01       0.18541D-01       0.38481D+00       0.26854D+00
       0.99000D+02       0.16148D-01      -0.86315D-02       0.38500D+00       0.26926D+00
       0.10000D+03       0.16233D-01      -0.46082D-01       0.38489D+00       0.27404D+00
       0.10100D+03       0.16044D-01      -0.99382D-01       0.38483D+00       0.27153D+00
       0.10200D+03       0.15946D-01      -0.28279D-01       0.38487D+00       0.26984D+00
       0.10300D+03       0.16000D-01       0.15145D-01       0.38477D+00       0.26743D+00
       0.10400D+03       0.15928D-01       0.14788D-01       0.38496D+00       0.26798D+00
       0.10500D+03       0.15962D-01      -0.21364D-01       0.38488D+00       0.27260D+00
       0.10600D+03       0.15871D-01      -0.10089D+00       0.38489D+00       0.27024D+00
       0.10700D+03       0.15773D-01      -0.54801D-01       0.38486D+00       0.26866D+00
       0.10800D+03       0.15815D-01      -0.15934D-01       0.38474D+00       0.26636D+00
       0.10900D+03       0.15863D-01       0.11732D-01       0.38492D+00       0.26679D+00
       0.11000D+03       0.15858D-01      -0.10196D-01       0.38486D+00       0.27384D+00
       0.11100D+03       0.15954D-01      -0.84457D-01       0.38494D+00       0.27165D+00
       0.11200D+03       0.15923D-01      -0.66555D-01       0.38487D+00       0.27011D+00
       0.11300D+03       0.15863D-01      -0.52663D-01       0.38475D+00       0.26782D+00
       0.11400D+03       0.16029D-01      -0.88620D-03       0.38490D+00       0.26814D+00
       0.11500D+03       0.16012D-01       0.46650D-02       0.38485D+00       0.27187D+00
       0.11600D+03       0.16135D-01      -0.51019D-01       0.38497D+00       0.27250D+00
       0.11700D+03       0.16158D-01      -0.65856D-01       0.38488D+00       0.27587D+00
       0.11800D+03       0.16026D-01      -0.86029D-01       0.38478D+00       0.27370D+00
       0.11900D+03       0.16142D-01      -0.14087D-01       0.38488D+00       0.27212D+00
       0.12000D+03       0.16162D-01       0.17110D-01       0.38482D+00       0.27010D+00
       0.12100D+03       0.16166D-01      -0.13928D-01       0.38497D+00       0.27068D+00
       0.12200D+03       0.16237D-01      -0.50138D-01       0.38488D+00       0.27458D+00
       0.12300D+03       0.16087D-01      -0.99763D-01       0.38483D+00       0.27267D+00
       0.12400D+03       0.16032D-01      -0.25505D-01       0.38487D+00       0.27090D+00
       0.12500D+03       0.16073D-01       0.17235D-01       0.38479D+00       0.26893D+00
       0.12600D+03       0.16012D-01       0.13178D-01       0.38495D+00       0.26938D+00
       0.12700D+03       0.16045D-01      -0.23946D-01       0.38487D+00       0.27318D+00
       0.12800D+03       0.15956D-01      -0.10072D+00       0.38488D+00       0.27124D+00
       0.12900D+03       0.15870D-01      -0.51341D-01       0.38486D+00       0.26997D+00
       0.13000D+03       0.15914D-01      -0.10526D-01       0.38476D+00       0.26807D+00
       0.13100D+03       0.15933D-01       0.13154D-01       0.38491D+00       0.26847D+00
       0.13200D+03       0.15934D-01      -0.11653D-01       0.38486D+00       0.27221D+00
       0.13300D+03       0.15998D-01      -0.88433D-01       0.38492D+00       0.27037D+00
       0.13400D+03       0.15965D-01      -0.65965D-01       0.38486D+00       0.26910D+00
       0.13500D+03       0.15925D-01      -0.47771D-01       0.38476D+00       0.26722D+00
       0.13600D+03       0.16057D-01       0.11946D-02       0.38489D+00       0.26749D+00
       0.13700D+03       0.16040D-01       0.25169D-02       0.38485D+00       0.27065D+00
       0.13800D+03       0.16144D-01      -0.55917D-01       0.38495D+00       0.27374D+00
       0.13900D+03       0.16162D-01      -0.66518D-01       0.38487D+00       0.27655D+00
       0.14000D+03       0.16058D-01      -0.81872D-01       0.38479D+00       0.27469D+00
       0.14100D+03       0.16169D-01      -0.12860D-01       0.38488D+00       0.27335D+00
       0.14200D+03       0.16179D-01       0.15564D-01       0.38483D+00       0.27166D+00
       0.14300D+03       0.16196D-01      -0.19313D-01       0.38495D+00       0.27214D+00
       0.14400D+03       0.16253D-01      -0.53817D-01       0.38488D+00       0.27537D+00
       0.14500D+03       0.16123D-01      -0.99779D-01       0.38483D+00       0.27362D+00
       0.14600D+03       0.16090D-01      -0.23015D-01       0.38487D+00       0.27241D+00
       0.14700D+03       0.16124D-01       0.18834D-01       0.38480D+00       0.27072D+00
       0.14800D+03       0.16070D-01       0.11096D-01       0.38493D+00       0.27336D+00
       0.14900D+03       0.16103D-01      -0.26786D-01       0.38487D+00       0.27597D+00
       0.15000D+03       0.16006D-01      -0.10015D+00       0.38487D+00       0.27427D+00
       0.15100D+03       0.15922D-01      -0.47459D-01       0.38486D+00       0.27299D+00
       0.15200D+03       0.15962D-01      -0.51733D-02       0.38478D+00       0.27133D+00
       0.15300D+03       0.15963D-01       0.14487D-01       0.38491D+00       0.27166D+00
       0.15400D+03       0.15967D-01      -0.12889D-01       0.38486D+00       0.27485D+00
       0.15500D+03       0.16005D-01      -0.91948D-01       0.38491D+00       0.27323D+00
       0.15600D+03       0.15972D-01      -0.65086D-01       0.38486D+00       0.27213D+00
       0.15700D+03       0.15949D-01      -0.42781D-01       0.38477D+00       0.27050D+00
       0.15800D+03       0.16053D-01       0.32183D-02       0.38489D+00       0.27071D+00
       0.15900D+03       0.16037D-01       0.33566D-03       0.38485D+00       0.27122D+00
       0.16000D+03       0.16129D-01      -0.60719D-01       0.38493D+00       0.27388D+00
       0.16100D+03       0.16139D-01      -0.66911D-01       0.38487D+00       0.27553D+00
       0.16200D+03       0.16056D-01      -0.77371D-01       0.38479D+00       0.27392D+00
       0.16300D+03       0.16163D-01      -0.11341D-01       0.38487D+00       0.27277D+00
       0.16400D+03       0.16167D-01       0.13998D-01       0.38483D+00       0.27133D+00
       0.16500D+03       0.16195D-01      -0.24652D-01       0.38494D+00       0.27387D+00
       0.16600D+03       0.16243D-01      -0.56976D-01       0.38487D+00       0.27626D+00
       0.16700D+03       0.16129D-01      -0.99207D-01       0.38483D+00       0.27473D+00
       0.16800D+03       0.16125D-01      -0.20818D-01       0.38487D+00       0.27367D+00
       0.16900D+03       0.16152D-01       0.19939D-01       0.38481D+00       0.27220D+00
       0.17000D+03       0.16107D-01       0.85110D-02       0.38493D+00       0.27450D+00
       0.17100D+03       0.16141D-01      -0.29904D-01       0.38487D+00       0.27677D+00
       0.17200D+03       0.16054D-01      -0.99443D-01       0.38486D+00       0.27530D+00
       0.17300D+03       0.15979D-01      -0.43351D-01       0.38486D+00       0.27433D+00
       0.17400D+03       0.16013D-01      -0.59706D-04       0.38479D+00       0.27288D+00
       0.17500D+03       0.16003D-01       0.15592D-01       0.38490D+00       0.27316D+00
       0.17600D+03       0.16009D-01      -0.14048D-01       0.38486D+00       0.27594D+00
       0.17700D+03       0.16032D-01      -0.94938D-01       0.38489D+00       0.27454D+00
       0.17800D+03       0.15999D-01      -0.63895D-01       0.38486D+00       0.27361D+00
       0.17900D+03       0.15987D-01      -0.37700D-01       0.38478D+00       0.27219D+00
       0.18000D+03       0.16068D-01       0.51391D-02       0.38488D+00       0.27236D+00
       0.18100D+03       0.16055D-01      -0.18587D-02       0.38485D+00       0.27657D+00
       0.18200D+03       0.16136D-01      -0.65457D-01       0.38492D+00       0.27717D+00
       0.18300D+03       0.16139D-01      -0.67096D-01       0.38487D+00       0.27689D+00
       0.18400D+03       0.16072D-01      -0.72650D-01       0.38480D+00       0.27544D+00
       0.18500D+03       0.16172D-01      -0.95400D-02       0.38487D+00       0.27486D+00
       0.18600D+03       0.16171D-01       0.12415D-01       0.38484D+00       0.27356D+00
       0.18700D+03       0.16208D-01      -0.29896D-01       0.38493D+00       0.27580D+00
       0.18800D+03       0.16246D-01      -0.59582D-01       0.38487D+00       0.27789D+00
       0.18900D+03       0.16147D-01      -0.97945D-01       0.38482D+00       0.27654D+00
       0.19000D+03       0.16165D-01      -0.18954D-01       0.38487D+00       0.27559D+00
       0.19100D+03       0.16187D-01       0.20495D-01       0.38482D+00       0.27430D+00
       0.19200D+03       0.16153D-01       0.53469D-02       0.38492D+00       0.27463D+00
       0.19300D+03       0.16187D-01      -0.33350D-01       0.38487D+00       0.27709D+00
       0.19400D+03       0.16099D-01      -0.98890D-01       0.38485D+00       0.27577D+00
       0.19500D+03       0.16035D-01      -0.39260D-01       0.38486D+00       0.27491D+00
       0.19600D+03       0.16068D-01       0.46072D-02       0.38480D+00       0.27362D+00
       0.19700D+03       0.16046D-01       0.16295D-01       0.38490D+00       0.27387D+00
       0.19800D+03       0.16055D-01      -0.15317D-01       0.38486D+00       0.27634D+00
       0.19900D+03       0.16058D-01      -0.97361D-01       0.38488D+00       0.27508D+00
       0.20000D+03       0.16021D-01      -0.62373D-01       0.38486D+00       0.27421D+00
       0.20100D+03       0.16020D-01      -0.32555D-01       0.38479D+00       0.27292D+00
       0.20200D+03       0.16085D-01       0.69156D-02       0.38488D+00       0.27311D+00
       0.20300D+03       0.16074D-01      -0.40461D-02       0.38485D+00       0.27688D+00
       0.20400D+03       0.16144D-01      -0.70167D-01       0.38491D+00       0.27739D+00
       0.20500D+03       0.16138D-01      -0.67144D-01       0.38486D+00       0.27711D+00
       0.20600D+03       0.16085D-01      -0.67836D-01       0.38480D+00       0.27580D+00
       0.20700D+03       0.16178D-01      -0.75404D-02       0.38487D+00       0.27531D+00
       0.20800D+03       0.16171D-01       0.10764D-01       0.38484D+00       0.27431D+00
       0.20900D+03       0.16214D-01      -0.35062D-01       0.38492D+00       0.27632D+00
       0.21000D+03       0.16245D-01      -0.61688D-01       0.38487D+00       0.27818D+00
       0.21100D+03       0.16161D-01      -0.95996D-01       0.38482D+00       0.27698D+00
       0.21200D+03       0.16189D-01      -0.17450D-01       0.38486D+00       0.27612D+00
       0.21300D+03       0.16206D-01       0.20455D-01       0.38483D+00       0.27496D+00
       0.21400D+03       0.16181D-01       0.15408D-02       0.38492D+00       0.27525D+00
       0.21500D+03       0.16216D-01      -0.37146D-01       0.38487D+00       0.27745D+00
       0.21600D+03       0.16136D-01      -0.98689D-01       0.38485D+00       0.27628D+00
       0.21700D+03       0.16078D-01      -0.35395D-01       0.38486D+00       0.27550D+00
       0.21800D+03       0.16105D-01       0.86643D-02       0.38481D+00       0.27433D+00
       0.21900D+03       0.16079D-01       0.16455D-01       0.38490D+00       0.27455D+00
       0.22000D+03       0.16089D-01      -0.16857D-01       0.38486D+00       0.27676D+00
       0.22100D+03       0.16075D-01      -0.99181D-01       0.38488D+00       0.27562D+00
       0.22200D+03       0.16033D-01      -0.60478D-01       0.38486D+00       0.27483D+00
       0.22300D+03       0.16042D-01      -0.27360D-01       0.38480D+00       0.27368D+00
       0.22400D+03       0.16089D-01       0.85412D-02       0.38488D+00       0.27385D+00
       0.22500D+03       0.16082D-01      -0.61797D-02       0.38486D+00       0.27725D+00
       0.22600D+03       0.16141D-01      -0.74846D-01       0.38490D+00       0.27615D+00
       0.22700D+03       0.16132D-01      -0.67095D-01       0.38486D+00       0.27550D+00
       0.22800D+03       0.16088D-01      -0.63016D-01       0.38480D+00       0.27432D+00
       0.22900D+03       0.16175D-01      -0.54428D-02       0.38487D+00       0.27389D+00
       0.23000D+03       0.16165D-01       0.89828D-02       0.38485D+00       0.27303D+00
       0.23100D+03       0.16213D-01      -0.40178D-01       0.38491D+00       0.27485D+00
       0.23200D+03       0.16235D-01      -0.63378D-01       0.38487D+00       0.27654D+00
       0.23300D+03       0.16160D-01      -0.93417D-01       0.38482D+00       0.27545D+00
       0.23400D+03       0.16202D-01      -0.16263D-01       0.38486D+00       0.27468D+00
       0.23500D+03       0.16217D-01       0.19835D-01       0.38483D+00       0.27364D+00
       0.23600D+03       0.16201D-01      -0.28937D-02       0.38491D+00       0.27391D+00
       0.23700D+03       0.16235D-01      -0.41231D-01       0.38487D+00       0.27591D+00
       0.23800D+03       0.16158D-01      -0.98876D-01       0.38485D+00       0.27485D+00
       0.23900D+03       0.16110D-01      -0.31879D-01       0.38486D+00       0.27415D+00
       0.24000D+03       0.16135D-01       0.12044D-01       0.38481D+00       0.27310D+00
       0.24100D+03       0.16106D-01       0.16013D-01       0.38490D+00       0.27331D+00
       0.24200D+03       0.16119D-01      -0.18750D-01       0.38486D+00       0.27533D+00
       0.24300D+03       0.16096D-01      -0.10035D+00       0.38487D+00       0.27431D+00
       0.24400D+03       0.16055D-01      -0.58139D-01       0.38486D+00       0.27364D+00
       0.24500D+03       0.16068D-01      -0.22100D-01       0.38480D+00       0.27260D+00
       0.24600D+03       0.16100D-01       0.10054D-01       0.38488D+00       0.27276D+00
       0.24700D+03       0.16096D-01      -0.81773D-02       0.38486D+00       0.27587D+00
       0.24800D+03       0.16144D-01      -0.79434D-01       0.38489D+00       0.27486D+00
       0.24900D+03       0.16133D-01      -0.66940D-01       0.38486D+00       0.27426D+00
       0.25000D+03       0.16098D-01      -0.58217D-01       0.38481D+00       0.27322D+00
       0.25100D+03       0.16178D-01      -0.33205D-02       0.38487D+00       0.27248D+00
       0.25200D+03       0.16170D-01       0.70497D-02       0.38485D+00       0.27415D+00
       0.25300D+03       0.16219D-01      -0.45251D-01       0.38491D+00       0.27443D+00
       0.25400D+03       0.16234D-01      -0.64714D-01       0.38486D+00       0.27598D+00
       0.25500D+03       0.16169D-01      -0.90277D-01       0.38482D+00       0.27498D+00
       0.25600D+03       0.16214D-01      -0.15260D-01       0.38486D+00       0.27425D+00
       0.25700D+03       0.16223D-01       0.18740D-01       0.38483D+00       0.27328D+00
       0.25800D+03       0.16216D-01      -0.78401D-02       0.38491D+00       0.27354D+00
       0.25900D+03       0.16248D-01      -0.45440D-01       0.38487D+00       0.27537D+00
       0.26000D+03       0.16175D-01      -0.99310D-01       0.38484D+00       0.27439D+00
       0.26100D+03       0.16141D-01      -0.28731D-01       0.38486D+00       0.27374D+00
       0.26200D+03       0.16162D-01       0.14778D-01       0.38482D+00       0.27280D+00
       0.26300D+03       0.16133D-01       0.14992D-01       0.38489D+00       0.27300D+00
       0.26400D+03       0.16146D-01      -0.20992D-01       0.38486D+00       0.27481D+00
       0.26500D+03       0.16110D-01      -0.10087D+00       0.38487D+00       0.27386D+00
       0.26600D+03       0.16070D-01      -0.55285D-01       0.38486D+00       0.27321D+00
       0.26700D+03       0.16085D-01      -0.16759D-01       0.38481D+00       0.27227D+00
       0.26800D+03       0.16106D-01       0.11511D-01       0.38488D+00       0.27242D+00
       0.26900D+03       0.16103D-01      -0.99487D-02       0.38486D+00       0.27528D+00
       0.27000D+03       0.16142D-01      -0.83813D-01       0.38489D+00       0.27438D+00
       0.27100D+03       0.16129D-01      -0.66622D-01       0.38486D+00       0.27373D+00
       0.27200D+03       0.16102D-01      -0.53405D-01       0.38481D+00       0.27276D+00
       0.27300D+03       0.16174D-01      -0.12080D-02       0.38487D+00       0.27288D+00
       0.27400D+03       0.16164D-01       0.49889D-02       0.38485D+00       0.27443D+00
       0.27500D+03       0.16215D-01      -0.50260D-01       0.38490D+00       0.27468D+00
       0.27600D+03       0.16225D-01      -0.65728D-01       0.38486D+00       0.27610D+00
       0.27700D+03       0.16168D-01      -0.86629D-01       0.38482D+00       0.27518D+00
       0.27800D+03       0.16215D-01      -0.14254D-01       0.38486D+00       0.27450D+00
       0.27900D+03       0.16224D-01       0.17340D-01       0.38484D+00       0.27362D+00
       0.28000D+03       0.16225D-01      -0.13106D-01       0.38490D+00       0.27386D+00
       0.28100D+03       0.16255D-01      -0.49536D-01       0.38487D+00       0.27554D+00
       0.28200D+03       0.16190D-01      -0.99722D-01       0.38484D+00       0.27470D+00
       0.28300D+03       0.16163D-01      -0.25911D-01       0.38486D+00       0.27392D+00
       0.28400D+03       0.16181D-01       0.16948D-01       0.38482D+00       0.27304D+00
       0.28500D+03       0.16154D-01       0.13456D-01       0.38489D+00       0.27323D+00
       0.28600D+03       0.16168D-01      -0.23533D-01       0.38486D+00       0.27490D+00
       0.28700D+03       0.16129D-01      -0.10078D+00       0.38486D+00       0.27403D+00
       0.28800D+03       0.16090D-01      -0.51903D-01       0.38486D+00       0.27345D+00
       0.28900D+03       0.16109D-01      -0.11354D-01       0.38481D+00       0.27259D+00
       0.29000D+03       0.16116D-01       0.12940D-01       0.38488D+00       0.27272D+00
       0.29100D+03       0.16116D-01      -0.11446D-01       0.38486D+00       0.27441D+00
       0.29200D+03       0.16145D-01      -0.87852D-01       0.38488D+00       0.27356D+00
       0.29300D+03       0.16130D-01      -0.66073D-01       0.38486D+00       0.27297D+00
       0.29400D+03       0.16110D-01      -0.48527D-01       0.38481D+00       0.27209D+00
       0.29500D+03       0.16171D-01       0.87860D-03       0.38487D+00       0.27220D+00
       0.29600D+03       0.16163D-01       0.28489D-02       0.38485D+00       0.27365D+00
       0.29700D+03       0.16211D-01      -0.55173D-01       0.38490D+00       0.27507D+00
       0.29800D+03       0.16219D-01      -0.66435D-01       0.38486D+00       0.27638D+00
       0.29900D+03       0.16169D-01      -0.82534D-01       0.38482D+00       0.27551D+00
       0.30000D+03       0.16221D-01      -0.13066D-01       0.38486D+00       0.27488D+00
       0.30100D+03       0.16226D-01       0.15804D-01       0.38484D+00       0.27407D+00
       0.30200D+03       0.16234D-01      -0.18488D-01       0.38490D+00       0.27429D+00
       0.30300D+03       0.16262D-01      -0.53285D-01       0.38486D+00       0.27585D+00
       0.30400D+03       0.16200D-01      -0.99810D-01       0.38484D+00       0.27501D+00
       0.30500D+03       0.16187D-01      -0.23379D-01       0.38486D+00       0.27445D+00
       0.30600D+03       0.16203D-01       0.18621D-01       0.38483D+00       0.27365D+00
       0.30700D+03       0.16178D-01       0.11446D-01       0.38489D+00       0.27491D+00
       0.30800D+03       0.16193D-01      -0.26334D-01       0.38486D+00       0.27617D+00
       0.30900D+03       0.16147D-01      -0.10025D+00       0.38486D+00       0.27534D+00
       0.31000D+03       0.16109D-01      -0.48074D-01       0.38486D+00       0.27472D+00
       0.31100D+03       0.16128D-01      -0.59830D-02       0.38481D+00       0.27392D+00
       0.31200D+03       0.16130D-01       0.14294D-01       0.38488D+00       0.27407D+00
       0.31300D+03       0.16131D-01      -0.12709D-01       0.38486D+00       0.27563D+00
       0.31400D+03       0.16150D-01      -0.91443D-01       0.38488D+00       0.27483D+00
       0.31500D+03       0.16134D-01      -0.65240D-01       0.38486D+00       0.27428D+00
       0.31600D+03       0.16121D-01      -0.43552D-01       0.38481D+00       0.27346D+00
       0.31700D+03       0.16173D-01       0.29137D-02       0.38487D+00       0.27356D+00
       0.31800D+03       0.16165D-01       0.67101D-03       0.38485D+00       0.27380D+00
       0.31900D+03       0.16211D-01      -0.59988D-01       0.38489D+00       0.27513D+00
       0.32000D+03       0.16216D-01      -0.66866D-01       0.38486D+00       0.27596D+00
       0.32100D+03       0.16173D-01      -0.78078D-01       0.38482D+00       0.27514D+00
       0.32200D+03       0.16226D-01      -0.11593D-01       0.38486D+00       0.27456D+00
       0.32300D+03       0.16229D-01       0.14238D-01       0.38484D+00       0.27382D+00
       0.32400D+03       0.16242D-01      -0.23840D-01       0.38490D+00       0.27511D+00
       0.32500D+03       0.16266D-01      -0.56528D-01       0.38486D+00       0.27632D+00
       0.32600D+03       0.16208D-01      -0.99338D-01       0.38484D+00       0.27554D+00
       0.32700D+03       0.16204D-01      -0.21134D-01       0.38486D+00       0.27499D+00
       0.32800D+03       0.16217D-01       0.19803D-01       0.38483D+00       0.27423D+00
       0.32900D+03       0.16194D-01       0.89425D-02       0.38489D+00       0.27541D+00
       0.33000D+03       0.16211D-01      -0.29407D-01       0.38486D+00       0.27658D+00
       0.33100D+03       0.16166D-01      -0.99547D-01       0.38486D+00       0.27582D+00
       0.33200D+03       0.16127D-01      -0.43985D-01       0.38486D+00       0.27531D+00
       0.33300D+03       0.16144D-01      -0.81913D-03       0.38482D+00       0.27455D+00
       0.33400D+03       0.16139D-01       0.15445D-01       0.38488D+00       0.27470D+00
       0.33500D+03       0.16142D-01      -0.13868D-01       0.38486D+00       0.27615D+00
       0.33600D+03       0.16155D-01      -0.94515D-01       0.38487D+00       0.27541D+00
       0.33700D+03       0.16137D-01      -0.64098D-01       0.38486D+00       0.27492D+00
       0.33800D+03       0.16130D-01      -0.38483D-01       0.38482D+00       0.27416D+00
       0.33900D+03       0.16174D-01       0.48534D-02       0.38487D+00       0.27425D+00
       0.34000D+03       0.16166D-01      -0.15223D-02       0.38485D+00       0.27648D+00
       0.34100D+03       0.16209D-01      -0.64734D-01       0.38489D+00       0.27680D+00
       0.34200D+03       0.16211D-01      -0.67079D-01       0.38486D+00       0.27666D+00
       0.34300D+03       0.16174D-01      -0.73382D-01       0.38482D+00       0.27588D+00
       0.34400D+03       0.16227D-01      -0.98313D-02       0.38486D+00       0.27557D+00
       0.34500D+03       0.16227D-01       0.12661D-01       0.38484D+00       0.27486D+00
       0.34600D+03       0.16246D-01      -0.29099D-01       0.38489D+00       0.27607D+00
       0.34700D+03       0.16267D-01      -0.59217D-01       0.38486D+00       0.27720D+00
       0.34800D+03       0.16213D-01      -0.98184D-01       0.38484D+00       0.27647D+00
       0.34900D+03       0.16221D-01      -0.19216D-01       0.38486D+00       0.27595D+00
       0.35000D+03       0.16232D-01       0.20448D-01       0.38483D+00       0.27525D+00
       0.35100D+03       0.16213D-01       0.58723D-02       0.38489D+00       0.27540D+00
       0.35200D+03       0.16231D-01      -0.32799D-01       0.38486D+00       0.27675D+00
       0.35300D+03       0.16183D-01      -0.98956D-01       0.38485D+00       0.27602D+00
       0.35400D+03       0.16147D-01      -0.39876D-01       0.38486D+00       0.27555D+00
       0.35500D+03       0.16163D-01       0.39286D-02       0.38482D+00       0.27484D+00
       0.35600D+03       0.16153D-01       0.16220D-01       0.38488D+00       0.27497D+00
       0.35700D+03       0.16157D-01      -0.15109D-01       0.38486D+00       0.27633D+00
       0.35800D+03       0.16160D-01      -0.97028D-01       0.38487D+00       0.27564D+00
       0.35900D+03       0.16140D-01      -0.62629D-01       0.38486D+00       0.27515D+00
       0.36000D+03       0.16138D-01      -0.33347D-01       0.38482D+00       0.27443D+00
       0.36100D+03       0.16175D-01       0.66537D-02       0.38487D+00       0.27453D+00
       0.36200D+03       0.16169D-01      -0.37129D-02       0.38485D+00       0.27664D+00
       0.36300D+03       0.16208D-01      -0.69446D-01       0.38488D+00       0.27693D+00
       0.36400D+03       0.16207D-01      -0.67144D-01       0.38486D+00       0.27677D+00
       0.36500D+03       0.16176D-01      -0.68575D-01       0.38482D+00       0.27604D+00
       0.36600D+03       0.16228D-01      -0.78555D-02       0.38486D+00       0.27575D+00
       0.36700D+03       0.16225D-01       0.11024D-01       0.38485D+00       0.27519D+00
       0.36800D+03       0.16249D-01      -0.34274D-01       0.38489D+00       0.27632D+00
       0.36900D+03       0.16267D-01      -0.61395D-01       0.38486D+00       0.27738D+00
       0.37000D+03       0.16219D-01      -0.96337D-01       0.38484D+00       0.27670D+00
       0.37100D+03       0.16233D-01      -0.17658D-01       0.38486D+00       0.27621D+00
       0.37200D+03       0.16243D-01       0.20500D-01       0.38484D+00       0.27554D+00
       0.37300D+03       0.16228D-01       0.21662D-02       0.38489D+00       0.27571D+00
       0.37400D+03       0.16247D-01      -0.36542D-01       0.38486D+00       0.27698D+00
       0.37500D+03       0.16202D-01      -0.98693D-01       0.38485D+00       0.27630D+00
       0.37600D+03       0.16167D-01      -0.35967D-01       0.38486D+00       0.27585D+00
       0.37700D+03       0.16183D-01       0.80862D-02       0.38482D+00       0.27517D+00
       0.37800D+03       0.16168D-01       0.16470D-01       0.38488D+00       0.27530D+00
       0.37900D+03       0.16174D-01      -0.16599D-01       0.38486D+00       0.27658D+00
       0.38000D+03       0.16167D-01      -0.98943D-01       0.38487D+00       0.27592D+00
       0.38100D+03       0.16143D-01      -0.60795D-01       0.38486D+00       0.27546D+00
       0.38200D+03       0.16147D-01      -0.28159D-01       0.38482D+00       0.27478D+00
       0.38300D+03       0.16175D-01       0.83009D-02       0.38487D+00       0.27488D+00
       0.38400D+03       0.16171D-01      -0.58592D-02       0.38485D+00       0.27687D+00
       0.38500D+03       0.16205D-01      -0.74133D-01       0.38488D+00       0.27623D+00
       0.38600D+03       0.16200D-01      -0.67109D-01       0.38486D+00       0.27584D+00
       0.38700D+03       0.16174D-01      -0.63753D-01       0.38482D+00       0.27515D+00
       0.38800D+03       0.16225D-01      -0.57671D-02       0.38486D+00       0.27489D+00
       0.38900D+03       0.16219D-01       0.92655D-02       0.38485D+00       0.27437D+00
       0.39000D+03       0.16247D-01      -0.39396D-01       0.38489D+00       0.27545D+00
       0.39100D+03       0.16260D-01      -0.63143D-01       0.38486D+00       0.27645D+00
       0.39200D+03       0.16216D-01      -0.93850D-01       0.38483D+00       0.27581D+00
       0.39300D+03       0.16239D-01      -0.16429D-01       0.38486D+00       0.27535D+00
       0.39400D+03       0.16248D-01       0.19964D-01       0.38484D+00       0.27472D+00
       0.39500D+03       0.16238D-01      -0.21771D-02       0.38489D+00       0.27488D+00
       0.39600D+03       0.16258D-01      -0.40592D-01       0.38486D+00       0.27608D+00
       0.39700D+03       0.16212D-01      -0.98826D-01       0.38485D+00       0.27544D+00
       0.39800D+03       0.16182D-01      -0.32393D-01       0.38486D+00       0.27502D+00
       0.39900D+03       0.16197D-01       0.11570D-01       0.38483D+00       0.27439D+00
       0.40000D+03       0.16180D-01       0.16120D-01       0.38488D+00       0.27451D+00
       0.40100D+03       0.16187D-01      -0.18437D-01       0.38486D+00       0.27573D+00
       0.40200D+03       0.16175D-01      -0.10022D+00       0.38486D+00       0.27511D+00
       0.40300D+03       0.16150D-01      -0.58529D-01       0.38485D+00       0.27470D+00
       0.40400D+03       0.16157D-01      -0.22911D-01       0.38482D+00       0.27406D+00
       0.40500D+03       0.16177D-01       0.98269D-02       0.38487D+00       0.27416D+00
       0.40600D+03       0.16174D-01      -0.78838D-02       0.38485D+00       0.27604D+00
       0.40700D+03       0.16204D-01      -0.78741D-01       0.38488D+00       0.27543D+00
       0.40800D+03       0.16197D-01      -0.66972D-01       0.38486D+00       0.27506D+00
       0.40900D+03       0.16175D-01      -0.58952D-01       0.38482D+00       0.27443D+00
       0.41000D+03       0.16224D-01      -0.36454D-02       0.38486D+00       0.27420D+00
       0.41100D+03       0.16219D-01       0.73552D-02       0.38485D+00       0.27372D+00
       0.41200D+03       0.16249D-01      -0.44478D-01       0.38489D+00       0.27390D+00
       0.41300D+03       0.16259D-01      -0.64531D-01       0.38486D+00       0.27485D+00
       0.41400D+03       0.16218D-01      -0.90792D-01       0.38483D+00       0.27424D+00
       0.41500D+03       0.16248D-01      -0.15409D-01       0.38486D+00       0.27380D+00
       0.41600D+03       0.16253D-01       0.18932D-01       0.38484D+00       0.27322D+00
       0.41700D+03       0.16248D-01      -0.70564D-02       0.38489D+00       0.27338D+00
       0.41800D+03       0.16268D-01      -0.44797D-01       0.38486D+00       0.27451D+00
       0.41900D+03       0.16223D-01      -0.99237D-01       0.38485D+00       0.27391D+00
       0.42000D+03       0.16200D-01      -0.29191D-01       0.38486D+00       0.27351D+00
       0.42100D+03       0.16213D-01       0.14398D-01       0.38483D+00       0.27292D+00
       0.42200D+03       0.16196D-01       0.15183D-01       0.38488D+00       0.27304D+00
       0.42300D+03       0.16203D-01      -0.20628D-01       0.38486D+00       0.27418D+00
       0.42400D+03       0.16182D-01      -0.10083D+00       0.38486D+00       0.27359D+00
       0.42500D+03       0.16157D-01      -0.55758D-01       0.38485D+00       0.27318D+00
       0.42600D+03       0.16166D-01      -0.17583D-01       0.38482D+00       0.27259D+00
       0.42700D+03       0.16179D-01       0.11289D-01       0.38487D+00       0.27268D+00
       0.42800D+03       0.16177D-01      -0.96947D-02       0.38485D+00       0.27448D+00
       0.42900D+03       0.16203D-01      -0.83161D-01       0.38488D+00       0.27391D+00
       0.43000D+03       0.16194D-01      -0.66684D-01       0.38486D+00       0.27351D+00
       0.43100D+03       0.16177D-01      -0.54145D-01       0.38482D+00       0.27290D+00
       0.43200D+03       0.16222D-01      -0.15303D-02       0.38486D+00       0.27297D+00
       0.43300D+03       0.16216D-01       0.53111D-02       0.38485D+00       0.27395D+00
       0.43400D+03       0.16248D-01      -0.49498D-01       0.38488D+00       0.27411D+00
       0.43500D+03       0.16254D-01      -0.65593D-01       0.38486D+00       0.27501D+00
       0.43600D+03       0.16217D-01      -0.87218D-01       0.38483D+00       0.27443D+00
       0.43700D+03       0.16247D-01      -0.14416D-01       0.38486D+00       0.27400D+00
       0.43800D+03       0.16253D-01       0.17567D-01       0.38484D+00       0.27344D+00
       0.43900D+03       0.16252D-01      -0.12287D-01       0.38488D+00       0.27359D+00
       0.44000D+03       0.16272D-01      -0.48926D-01       0.38486D+00       0.27467D+00
       0.44100D+03       0.16230D-01      -0.99673D-01       0.38485D+00       0.27413D+00
       0.44200D+03       0.16211D-01      -0.26324D-01       0.38486D+00       0.27364D+00
       0.44300D+03       0.16223D-01       0.16649D-01       0.38483D+00       0.27307D+00
       0.44400D+03       0.16205D-01       0.13722D-01       0.38488D+00       0.27319D+00
       0.44500D+03       0.16214D-01      -0.23126D-01       0.38486D+00       0.27427D+00
       0.44600D+03       0.16190D-01      -0.10082D+00       0.38486D+00       0.27371D+00
       0.44700D+03       0.16165D-01      -0.52453D-01       0.38485D+00       0.27334D+00
       0.44800D+03       0.16177D-01      -0.12184D-01       0.38483D+00       0.27278D+00
       0.44900D+03       0.16182D-01       0.12723D-01       0.38487D+00       0.27287D+00
       0.45000D+03       0.16182D-01      -0.11234D-01       0.38485D+00       0.27395D+00
       0.45100D+03       0.16202D-01      -0.87260D-01       0.38487D+00       0.27341D+00
       0.45200D+03       0.16192D-01      -0.66174D-01       0.38486D+00       0.27303D+00
       0.45300D+03       0.16178D-01      -0.49280D-01       0.38483D+00       0.27245D+00
       0.45400D+03       0.16218D-01       0.56141D-03       0.38486D+00       0.27252D+00
       0.45500D+03       0.16213D-01       0.31800D-02       0.38485D+00       0.27346D+00
       0.45600D+03       0.16245D-01      -0.54427D-01       0.38488D+00       0.27438D+00
       0.45700D+03       0.16249D-01      -0.66346D-01       0.38486D+00       0.27524D+00
       0.45800D+03       0.16216D-01      -0.83187D-01       0.38483D+00       0.27467D+00
       0.45900D+03       0.16249D-01      -0.13265D-01       0.38486D+00       0.27426D+00
       0.46000D+03       0.16253D-01       0.16043D-01       0.38484D+00       0.27373D+00
       0.46100D+03       0.16257D-01      -0.17663D-01       0.38488D+00       0.27388D+00
       0.46200D+03       0.16276D-01      -0.52741D-01       0.38486D+00       0.27490D+00
       0.46300D+03       0.16235D-01      -0.99828D-01       0.38484D+00       0.27436D+00
       0.46400D+03       0.16225D-01      -0.23748D-01       0.38486D+00       0.27399D+00
       0.46500D+03       0.16235D-01       0.18396D-01       0.38484D+00       0.27346D+00
       0.46600D+03       0.16219D-01       0.11785D-01       0.38488D+00       0.27429D+00
       0.46700D+03       0.16229D-01      -0.25888D-01       0.38486D+00       0.27512D+00
       0.46800D+03       0.16199D-01      -0.10035D+00       0.38486D+00       0.27458D+00
       0.46900D+03       0.16174D-01      -0.48683D-01       0.38485D+00       0.27425D+00
       0.47000D+03       0.16186D-01      -0.67975D-02       0.38483D+00       0.27372D+00
       0.47100D+03       0.16188D-01       0.14096D-01       0.38487D+00       0.27382D+00
       0.47200D+03       0.16189D-01      -0.12526D-01       0.38486D+00       0.27485D+00
       0.47300D+03       0.16202D-01      -0.90925D-01       0.38487D+00       0.27433D+00
       0.47400D+03       0.16191D-01      -0.65387D-01       0.38486D+00       0.27396D+00
       0.47500D+03       0.16182D-01      -0.44321D-01       0.38483D+00       0.27342D+00
       0.47600D+03       0.16217D-01       0.26069D-02       0.38486D+00       0.27348D+00
       0.47700D+03       0.16212D-01       0.10060D-02       0.38485D+00       0.27365D+00
       0.47800D+03       0.16242D-01      -0.59256D-01       0.38488D+00       0.27453D+00
       0.47900D+03       0.16246D-01      -0.66816D-01       0.38486D+00       0.27509D+00
       0.48000D+03       0.16217D-01      -0.78779D-01       0.38483D+00       0.27455D+00
       0.48100D+03       0.16252D-01      -0.11839D-01       0.38486D+00       0.27416D+00
       0.48200D+03       0.16254D-01       0.14478D-01       0.38485D+00       0.27366D+00
       0.48300D+03       0.16262D-01      -0.23025D-01       0.38488D+00       0.27452D+00
       0.48400D+03       0.16278D-01      -0.56067D-01       0.38486D+00       0.27534D+00
       0.48500D+03       0.16239D-01      -0.99453D-01       0.38484D+00       0.27482D+00
       0.48600D+03       0.16234D-01      -0.21458D-01       0.38486D+00       0.27445D+00
       0.48700D+03       0.16244D-01       0.19656D-01       0.38484D+00       0.27394D+00
       0.48800D+03       0.16228D-01       0.93607D-02       0.38488D+00       0.27473D+00
       0.48900D+03       0.16239D-01      -0.28917D-01       0.38486D+00       0.27552D+00
       0.49000D+03       0.16210D-01      -0.99655D-01       0.38486D+00       0.27501D+00
       0.49100D+03       0.16182D-01      -0.44619D-01       0.38485D+00       0.27467D+00
       0.49200D+03       0.16194D-01      -0.15884D-02       0.38483D+00       0.27416D+00
       0.49300D+03       0.16191D-01       0.15288D-01       0.38487D+00       0.27426D+00
       0.49400D+03       0.16193D-01      -0.13690D-01       0.38486D+00       0.27524D+00
       0.49500D+03       0.16203D-01      -0.94080D-01       0.38487D+00       0.27475D+00
       0.49600D+03       0.16191D-01      -0.64294D-01       0.38485D+00       0.27441D+00
       0.49700D+03       0.16185D-01      -0.39265D-01       0.38483D+00       0.27390D+00
       0.49800D+03       0.16215D-01       0.45644D-02       0.38486D+00       0.27395D+00
       0.49900D+03       0.16210D-01      -0.11859D-02       0.38485D+00       0.27548D+00
       0.50000D+03       0.16240D-01      -0.64009D-01       0.38488D+00       0.27562D+00
       0.50100D+03       0.16241D-01      -0.67057D-01       0.38486D+00       0.27614D+00
       0.50200D+03       0.16215D-01      -0.74112D-01       0.38483D+00       0.27561D+00
       0.50300D+03       0.16251D-01      -0.10118D-01       0.38486D+00       0.27540D+00
       0.50400D+03       0.16251D-01       0.12904D-01       0.38485D+00       0.27491D+00
       0.50500D+03       0.16263D-01      -0.28299D-01       0.38488D+00       0.27574D+00
       0.50600D+03       0.16278D-01      -0.58840D-01       0.38486D+00       0.27652D+00
       0.50700D+03       0.16241D-01      -0.98406D-01       0.38484D+00       0.27602D+00
       0.50800D+03       0.16245D-01      -0.19487D-01       0.38486D+00       0.27566D+00
       0.50900D+03       0.16253D-01       0.20386D-01       0.38484D+00       0.27518D+00
       0.51000D+03       0.16239D-01       0.63827D-02       0.38488D+00       0.27528D+00
       0.51100D+03       0.16251D-01      -0.32257D-01       0.38486D+00       0.27621D+00
       0.51200D+03       0.16219D-01      -0.99029D-01       0.38485D+00       0.27571D+00
       0.51300D+03       0.16194D-01      -0.40498D-01       0.38485D+00       0.27539D+00
       0.51400D+03       0.16205D-01       0.32361D-02       0.38483D+00       0.27489D+00
       0.51500D+03       0.16198D-01       0.16132D-01       0.38487D+00       0.27498D+00
       0.51600D+03       0.16201D-01      -0.14906D-01       0.38486D+00       0.27593D+00
       0.51700D+03       0.16204D-01      -0.96681D-01       0.38487D+00       0.27545D+00
       0.51800D+03       0.16190D-01      -0.62876D-01       0.38485D+00       0.27511D+00
       0.51900D+03       0.16188D-01      -0.34137D-01       0.38483D+00       0.27461D+00
       0.52000D+03       0.16214D-01       0.63879D-02       0.38486D+00       0.27468D+00
       0.52100D+03       0.16210D-01      -0.33788D-02       0.38485D+00       0.27614D+00
       0.52200D+03       0.16237D-01      -0.68726D-01       0.38487D+00       0.27635D+00
       0.52300D+03       0.16237D-01      -0.67141D-01       0.38486D+00       0.27624D+00
       0.52400D+03       0.16215D-01      -0.69314D-01       0.38483D+00       0.27573D+00
       0.52500D+03       0.16251D-01      -0.81680D-02       0.38486D+00       0.27553D+00
       0.52600D+03       0.16249D-01       0.11281D-01       0.38485D+00       0.27514D+00
       0.52700D+03       0.16265D-01      -0.33485D-01       0.38488D+00       0.27593D+00
       0.52800D+03       0.16278D-01      -0.61091D-01       0.38486D+00       0.27667D+00
       0.52900D+03       0.16242D-01      -0.96663D-01       0.38484D+00       0.27619D+00
       0.53000D+03       0.16251D-01      -0.17874D-01       0.38486D+00       0.27584D+00
       0.53100D+03       0.16258D-01       0.20531D-01       0.38484D+00       0.27537D+00
       0.53200D+03       0.16248D-01       0.27764D-02       0.38488D+00       0.27548D+00
       0.53300D+03       0.16261D-01      -0.35947D-01       0.38486D+00       0.27637D+00
       0.53400D+03       0.16226D-01      -0.98707D-01       0.38485D+00       0.27589D+00
       0.53500D+03       0.16202D-01      -0.36546D-01       0.38485D+00       0.27556D+00
       0.53600D+03       0.16213D-01       0.74922D-02       0.38483D+00       0.27508D+00
       0.53700D+03       0.16203D-01       0.16469D-01       0.38487D+00       0.27517D+00
       0.53800D+03       0.16206D-01      -0.16350D-01       0.38486D+00       0.27608D+00
       0.53900D+03       0.16202D-01      -0.98690D-01       0.38486D+00       0.27561D+00
       0.54000D+03       0.16185D-01      -0.61102D-01       0.38485D+00       0.27529D+00
       0.54100D+03       0.16188D-01      -0.28957D-01       0.38483D+00       0.27481D+00
       0.54200D+03       0.16208D-01       0.80577D-02       0.38486D+00       0.27488D+00
       0.54300D+03       0.16205D-01      -0.55360D-02       0.38485D+00       0.27629D+00
       0.54400D+03       0.16230D-01      -0.73418D-01       0.38487D+00       0.27583D+00
       0.54500D+03       0.16227D-01      -0.67120D-01       0.38486D+00       0.27556D+00
       0.54600D+03       0.16208D-01      -0.64491D-01       0.38483D+00       0.27507D+00
       0.54700D+03       0.16244D-01      -0.60908D-02       0.38486D+00       0.27489D+00
       0.54800D+03       0.16240D-01       0.95446D-02       0.38485D+00       0.27452D+00
       0.54900D+03       0.16259D-01      -0.38614D-01       0.38488D+00       0.27528D+00
       0.55000D+03       0.16269D-01      -0.62900D-01       0.38486D+00       0.27600D+00
       0.55100D+03       0.16237D-01      -0.94270D-01       0.38484D+00       0.27554D+00
       0.55200D+03       0.16252D-01      -0.16599D-01       0.38486D+00       0.27521D+00
       0.55300D+03       0.16259D-01       0.20082D-01       0.38484D+00       0.27477D+00
       0.55400D+03       0.16251D-01      -0.14733D-02       0.38488D+00       0.27488D+00
       0.55500D+03       0.16265D-01      -0.39957D-01       0.38486D+00       0.27574D+00
       0.55600D+03       0.16233D-01      -0.98783D-01       0.38485D+00       0.27528D+00
       0.55700D+03       0.16212D-01      -0.32917D-01       0.38485D+00       0.27498D+00
       0.55800D+03       0.16221D-01       0.11080D-01       0.38483D+00       0.27453D+00
       0.55900D+03       0.16210D-01       0.16212D-01       0.38487D+00       0.27461D+00
       0.56000D+03       0.16214D-01      -0.18132D-01       0.38486D+00       0.27548D+00
       0.56100D+03       0.16206D-01      -0.10007D+00       0.38486D+00       0.27504D+00
       0.56200D+03       0.16189D-01      -0.58908D-01       0.38485D+00       0.27475D+00
       0.56300D+03       0.16194D-01      -0.23720D-01       0.38483D+00       0.27429D+00
       0.56400D+03       0.16209D-01       0.95987D-02       0.38486D+00       0.27436D+00
       0.56500D+03       0.16206D-01      -0.75853D-02       0.38485D+00       0.27572D+00
       0.56600D+03       0.16228D-01      -0.78044D-01       0.38487D+00       0.27528D+00
       0.56700D+03       0.16223D-01      -0.67001D-01       0.38486D+00       0.27501D+00
       0.56800D+03       0.16207D-01      -0.59687D-01       0.38483D+00       0.27454D+00
       0.56900D+03       0.16242D-01      -0.39706D-02       0.38486D+00       0.27438D+00
       0.57000D+03       0.16237D-01       0.76575D-02       0.38485D+00       0.27403D+00
       0.57100D+03       0.16258D-01      -0.43702D-01       0.38488D+00       0.27477D+00
       0.57200D+03       0.16265D-01      -0.64340D-01       0.38486D+00       0.27544D+00
       0.57300D+03       0.16236D-01      -0.91295D-01       0.38484D+00       0.27500D+00
       0.57400D+03       0.16256D-01      -0.15558D-01       0.38486D+00       0.27468D+00
       0.57500D+03       0.16261D-01       0.19116D-01       0.38484D+00       0.27426D+00
       0.57600D+03       0.16256D-01      -0.62809D-02       0.38488D+00       0.27437D+00
       0.57700D+03       0.16271D-01      -0.44151D-01       0.38486D+00       0.27519D+00
       0.57800D+03       0.16238D-01      -0.99165D-01       0.38485D+00       0.27475D+00
       0.57900D+03       0.16221D-01      -0.29659D-01       0.38485D+00       0.27446D+00
       0.58000D+03       0.16230D-01       0.14004D-01       0.38484D+00       0.27403D+00
       0.58100D+03       0.16218D-01       0.15362D-01       0.38487D+00       0.27412D+00
       0.58200D+03       0.16223D-01      -0.20271D-01       0.38486D+00       0.27494D+00
       0.58300D+03       0.16209D-01      -0.10078D+00       0.38486D+00       0.27451D+00
       0.58400D+03       0.16190D-01      -0.56217D-01       0.38485D+00       0.27421D+00
       0.58500D+03       0.16197D-01      -0.18404D-01       0.38483D+00       0.27378D+00
       0.58600D+03       0.16207D-01       0.11067D-01       0.38486D+00       0.27384D+00
       0.58700D+03       0.16206D-01      -0.94342D-02       0.38485D+00       0.27515D+00
       0.58800D+03       0.16225D-01      -0.82501D-01       0.38487D+00       0.27474D+00
       0.58900D+03       0.16219D-01      -0.66741D-01       0.38486D+00       0.27444D+00
       0.59000D+03       0.16205D-01      -0.54884D-01       0.38483D+00       0.27399D+00
       0.59100D+03       0.16239D-01      -0.18531D-02       0.38486D+00       0.27405D+00
       0.59200D+03       0.16234D-01       0.56312D-02       0.38485D+00       0.27476D+00
       0.59300D+03       0.16257D-01      -0.48734D-01       0.38488D+00       0.27488D+00
       0.59400D+03       0.16262D-01      -0.65451D-01       0.38486D+00       0.27554D+00
       0.59500D+03       0.16235D-01      -0.87797D-01       0.38484D+00       0.27511D+00
       0.59600D+03       0.16256D-01      -0.14574D-01       0.38486D+00       0.27479D+00
       0.59700D+03       0.16260D-01       0.17791D-01       0.38484D+00       0.27438D+00
       0.59800D+03       0.16259D-01      -0.11471D-01       0.38488D+00       0.27449D+00
       0.59900D+03       0.16274D-01      -0.48308D-01       0.38486D+00       0.27528D+00
       0.60000D+03       0.16243D-01      -0.99617D-01       0.38485D+00       0.27489D+00
       0.60100D+03       0.16229D-01      -0.26744D-01       0.38485D+00       0.27452D+00
       0.60200D+03       0.16237D-01       0.16338D-01       0.38484D+00       0.27410D+00
       0.60300D+03       0.16224D-01       0.13977D-01       0.38487D+00       0.27419D+00
       0.60400D+03       0.16231D-01      -0.22726D-01       0.38486D+00       0.27498D+00
       0.60500D+03       0.16214D-01      -0.10086D+00       0.38486D+00       0.27457D+00
       0.60600D+03       0.16195D-01      -0.52993D-01       0.38485D+00       0.27429D+00
       0.60700D+03       0.16204D-01      -0.13013D-01       0.38483D+00       0.27388D+00
       0.60800D+03       0.16208D-01       0.12506D-01       0.38486D+00       0.27394D+00
       0.60900D+03       0.16208D-01      -0.11016D-01       0.38485D+00       0.27521D+00
       0.61000D+03       0.16223D-01      -0.86658D-01       0.38487D+00       0.27480D+00
       0.61100D+03       0.16216D-01      -0.66269D-01       0.38485D+00       0.27452D+00
       0.61200D+03       0.16205D-01      -0.50031D-01       0.38483D+00       0.27408D+00
       0.61300D+03       0.16235D-01       0.24321D-03       0.38486D+00       0.27413D+00
       0.61400D+03       0.16232D-01       0.35102D-02       0.38485D+00       0.27483D+00
       0.61500D+03       0.16255D-01      -0.53679D-01       0.38487D+00       0.27551D+00
       0.61600D+03       0.16259D-01      -0.66250D-01       0.38486D+00       0.27614D+00
       0.61700D+03       0.16234D-01      -0.83831D-01       0.38484D+00       0.27573D+00
       0.61800D+03       0.16258D-01      -0.13457D-01       0.38486D+00       0.27542D+00
       0.61900D+03       0.16261D-01       0.16281D-01       0.38485D+00       0.27503D+00
       0.62000D+03       0.16263D-01      -0.16837D-01       0.38488D+00       0.27513D+00
       0.62100D+03       0.16277D-01      -0.52185D-01       0.38486D+00       0.27589D+00
       0.62200D+03       0.16247D-01      -0.99834D-01       0.38485D+00       0.27548D+00
       0.62300D+03       0.16239D-01      -0.24125D-01       0.38486D+00       0.27521D+00
       0.62400D+03       0.16246D-01       0.18159D-01       0.38484D+00       0.27481D+00
       0.62500D+03       0.16234D-01       0.12112D-01       0.38487D+00       0.27543D+00
       0.62600D+03       0.16241D-01      -0.25449D-01       0.38486D+00       0.27605D+00
       0.62700D+03       0.16220D-01      -0.10044D+00       0.38486D+00       0.27564D+00
       0.62800D+03       0.16201D-01      -0.49285D-01       0.38485D+00       0.27537D+00
       0.62900D+03       0.16210D-01      -0.76160D-02       0.38483D+00       0.27498D+00
       0.63000D+03       0.16212D-01       0.13893D-01       0.38486D+00       0.27505D+00
       0.63100D+03       0.16212D-01      -0.12341D-01       0.38485D+00       0.27582D+00
       0.63200D+03       0.16223D-01      -0.90395D-01       0.38487D+00       0.27543D+00
       0.63300D+03       0.16215D-01      -0.65527D-01       0.38485D+00       0.27515D+00
       0.63400D+03       0.16207D-01      -0.45087D-01       0.38483D+00       0.27474D+00
       0.63500D+03       0.16234D-01       0.22980D-02       0.38486D+00       0.27479D+00
       0.63600D+03       0.16230D-01       0.13407D-02       0.38485D+00       0.27491D+00
       0.63700D+03       0.16253D-01      -0.58522D-01       0.38487D+00       0.27557D+00
       0.63800D+03       0.16256D-01      -0.66760D-01       0.38486D+00       0.27599D+00
       0.63900D+03       0.16233D-01      -0.79475D-01       0.38484D+00       0.27558D+00
       0.64000D+03       0.16260D-01      -0.12077D-01       0.38486D+00       0.27528D+00
       0.64100D+03       0.16261D-01       0.14718D-01       0.38485D+00       0.27491D+00
       0.64200D+03       0.16267D-01      -0.22209D-01       0.38487D+00       0.27555D+00
       0.64300D+03       0.16279D-01      -0.55593D-01       0.38486D+00       0.27617D+00
       0.64400D+03       0.16249D-01      -0.99552D-01       0.38485D+00       0.27577D+00
       0.64500D+03       0.16245D-01      -0.21789D-01       0.38486D+00       0.27550D+00
       0.64600D+03       0.16252D-01       0.19495D-01       0.38484D+00       0.27511D+00
       0.64700D+03       0.16240D-01       0.97659D-02       0.38487D+00       0.27571D+00
       0.64800D+03       0.16248D-01      -0.28434D-01       0.38486D+00       0.27630D+00
       0.64900D+03       0.16224D-01      -0.99764D-01       0.38485D+00       0.27591D+00
       0.65000D+03       0.16203D-01      -0.45252D-01       0.38485D+00       0.27564D+00
       0.65100D+03       0.16212D-01      -0.23668D-02       0.38483D+00       0.27525D+00
       0.65200D+03       0.16211D-01       0.15124D-01       0.38487D+00       0.27532D+00
       0.65300D+03       0.16212D-01      -0.13513D-01       0.38485D+00       0.27606D+00
       0.65400D+03       0.16220D-01      -0.93632D-01       0.38486D+00       0.27569D+00
       0.65500D+03       0.16211D-01      -0.64482D-01       0.38485D+00       0.27543D+00
       0.65600D+03       0.16206D-01      -0.40045D-01       0.38483D+00       0.27504D+00
       0.65700D+03       0.16229D-01       0.42722D-02       0.38486D+00       0.27508D+00
       0.65800D+03       0.16225D-01      -0.84952D-03       0.38485D+00       0.27573D+00
       0.65900D+03       0.16248D-01      -0.63285D-01       0.38487D+00       0.27584D+00
       0.66000D+03       0.16249D-01      -0.67032D-01       0.38486D+00       0.27624D+00
       0.66100D+03       0.16229D-01      -0.74838D-01       0.38484D+00       0.27584D+00
       0.66200D+03       0.16256D-01      -0.10398D-01       0.38486D+00       0.27568D+00
       0.66300D+03       0.16256D-01       0.13147D-01       0.38485D+00       0.27531D+00
       0.66400D+03       0.16265D-01      -0.27498D-01       0.38487D+00       0.27594D+00
       0.66500D+03       0.16276D-01      -0.58451D-01       0.38486D+00       0.27653D+00
       0.66600D+03       0.16248D-01      -0.98612D-01       0.38484D+00       0.27615D+00
       0.66700D+03       0.16250D-01      -0.19766D-01       0.38486D+00       0.27588D+00
       0.66800D+03       0.16256D-01       0.20311D-01       0.38484D+00       0.27551D+00
       0.66900D+03       0.16245D-01       0.68782D-02       0.38487D+00       0.27609D+00
       0.67000D+03       0.16255D-01      -0.31723D-01       0.38486D+00       0.27666D+00
       0.67100D+03       0.16230D-01      -0.99109D-01       0.38485D+00       0.27628D+00
       0.67200D+03       0.16211D-01      -0.41123D-01       0.38485D+00       0.27603D+00
       0.67300D+03       0.16219D-01       0.25300D-02       0.38484D+00       0.27566D+00
       0.67400D+03       0.16215D-01       0.16032D-01       0.38487D+00       0.27573D+00
       0.67500D+03       0.16217D-01      -0.14709D-01       0.38485D+00       0.27645D+00
       0.67600D+03       0.16220D-01      -0.96320D-01       0.38486D+00       0.27608D+00
       0.67700D+03       0.16210D-01      -0.63115D-01       0.38485D+00       0.27584D+00
       0.67800D+03       0.16208D-01      -0.34926D-01       0.38483D+00       0.27546D+00
       0.67900D+03       0.16229D-01       0.61185D-02       0.38486D+00       0.27551D+00
       0.68000D+03       0.16225D-01      -0.30438D-02       0.38485D+00       0.27663D+00
       0.68100D+03       0.16246D-01      -0.68004D-01       0.38487D+00       0.27679D+00
       0.68200D+03       0.16246D-01      -0.67136D-01       0.38486D+00       0.27671D+00
       0.68300D+03       0.16229D-01      -0.70053D-01       0.38484D+00       0.27632D+00
       0.68400D+03       0.16257D-01      -0.84775D-02       0.38486D+00       0.27616D+00
       0.68500D+03       0.16255D-01       0.11536D-01       0.38485D+00       0.27581D+00
       0.68600D+03       0.16267D-01      -0.32695D-01       0.38487D+00       0.27642D+00
       0.68700D+03       0.16277D-01      -0.60777D-01       0.38486D+00       0.27699D+00
       0.68800D+03       0.16250D-01      -0.96974D-01       0.38484D+00       0.27662D+00
       0.68900D+03       0.16258D-01      -0.18098D-01       0.38486D+00       0.27635D+00
       0.69000D+03       0.16264D-01       0.20548D-01       0.38484D+00       0.27600D+00
       0.69100D+03       0.16255D-01       0.33713D-02       0.38487D+00       0.27609D+00
       0.69200D+03       0.16265D-01      -0.35359D-01       0.38486D+00       0.27677D+00
       0.69300D+03       0.16239D-01      -0.98731D-01       0.38485D+00       0.27640D+00
       0.69400D+03       0.16219D-01      -0.37133D-01       0.38485D+00       0.27615D+00
       0.69500D+03       0.16228D-01       0.68822D-02       0.38484D+00       0.27578D+00
       0.69600D+03       0.16221D-01       0.16455D-01       0.38487D+00       0.27585D+00
       0.69700D+03       0.16223D-01      -0.16108D-01       0.38485D+00       0.27654D+00
       0.69800D+03       0.16221D-01      -0.98422D-01       0.38486D+00       0.27618D+00
       0.69900D+03       0.16208D-01      -0.61400D-01       0.38485D+00       0.27593D+00
       0.70000D+03       0.16210D-01      -0.29754D-01       0.38483D+00       0.27556D+00
       0.70100D+03       0.16226D-01       0.78113D-02       0.38486D+00       0.27561D+00
       0.70200D+03       0.16223D-01      -0.52104D-02       0.38485D+00       0.27670D+00
       0.70300D+03       0.16242D-01      -0.72702D-01       0.38487D+00       0.27685D+00
       0.70400D+03       0.16240D-01      -0.67129D-01       0.38486D+00       0.27664D+00
       0.70500D+03       0.16225D-01      -0.65229D-01       0.38484D+00       0.27625D+00
       0.70600D+03       0.16253D-01      -0.64135D-02       0.38486D+00       0.27611D+00
       0.70700D+03       0.16250D-01       0.98200D-02       0.38485D+00       0.27582D+00
       0.70800D+03       0.16264D-01      -0.37831D-01       0.38487D+00       0.27641D+00
       0.70900D+03       0.16272D-01      -0.62648D-01       0.38486D+00       0.27696D+00
       0.71000D+03       0.16247D-01      -0.94676D-01       0.38484D+00       0.27661D+00
       0.71100D+03       0.16258D-01      -0.16776D-01       0.38486D+00       0.27635D+00
       0.71200D+03       0.16263D-01       0.20187D-01       0.38484D+00       0.27600D+00
       0.71300D+03       0.16257D-01      -0.78271D-03       0.38487D+00       0.27609D+00
       0.71400D+03       0.16268D-01      -0.39326D-01       0.38486D+00       0.27675D+00
       0.71500D+03       0.16243D-01      -0.98747D-01       0.38485D+00       0.27640D+00
       0.71600D+03       0.16226D-01      -0.33449D-01       0.38485D+00       0.27616D+00
       0.71700D+03       0.16234D-01       0.10575D-01       0.38484D+00       0.27581D+00
       0.71800D+03       0.16225D-01       0.16291D-01       0.38487D+00       0.27588D+00
       0.71900D+03       0.16228D-01      -0.17835D-01       0.38486D+00       0.27655D+00
       0.72000D+03       0.16223D-01      -0.99897D-01       0.38486D+00       0.27621D+00
       0.72100D+03       0.16209D-01      -0.59274D-01       0.38485D+00       0.27597D+00
       0.72200D+03       0.16213D-01      -0.24527D-01       0.38483D+00       0.27562D+00
       0.72300D+03       0.16225D-01       0.93688D-02       0.38486D+00       0.27567D+00
       0.72400D+03       0.16223D-01      -0.72821D-02       0.38485D+00       0.27672D+00
       0.72500D+03       0.16240D-01      -0.77343D-01       0.38487D+00       0.27638D+00
       0.72600D+03       0.16237D-01      -0.67027D-01       0.38485D+00       0.27617D+00
       0.72700D+03       0.16224D-01      -0.60421D-01       0.38484D+00       0.27580D+00
       0.72800D+03       0.16251D-01      -0.42960D-02       0.38486D+00       0.27567D+00
       0.72900D+03       0.16247D-01       0.79564D-02       0.38485D+00       0.27540D+00
       0.73000D+03       0.16264D-01      -0.42926D-01       0.38487D+00       0.27597D+00
       0.73100D+03       0.16269D-01      -0.64141D-01       0.38486D+00       0.27650D+00
       0.73200D+03       0.16246D-01      -0.91786D-01       0.38484D+00       0.27615D+00
       0.73300D+03       0.16261D-01      -0.15709D-01       0.38486D+00       0.27590D+00
       0.73400D+03       0.16265D-01       0.19292D-01       0.38485D+00       0.27556D+00
       0.73500D+03       0.16261D-01      -0.55144D-02       0.38487D+00       0.27565D+00
       0.73600D+03       0.16272D-01      -0.43505D-01       0.38486D+00       0.27629D+00
       0.73700D+03       0.16247D-01      -0.99095D-01       0.38485D+00       0.27595D+00
       0.73800D+03       0.16233D-01      -0.30134D-01       0.38485D+00       0.27572D+00
       0.73900D+03       0.16240D-01       0.13597D-01       0.38484D+00       0.27538D+00
       0.74000D+03       0.16231D-01       0.15529D-01       0.38487D+00       0.27544D+00
       0.74100D+03       0.16234D-01      -0.19921D-01       0.38486D+00       0.27609D+00
       0.74200D+03       0.16224D-01      -0.10071D+00       0.38486D+00       0.27575D+00
       0.74300D+03       0.16210D-01      -0.56664D-01       0.38485D+00       0.27552D+00
       0.74400D+03       0.16215D-01      -0.19224D-01       0.38484D+00       0.27517D+00
       0.74500D+03       0.16223D-01       0.10845D-01       0.38486D+00       0.27522D+00
       0.74600D+03       0.16222D-01      -0.91673D-02       0.38485D+00       0.27625D+00
       0.74700D+03       0.16237D-01      -0.81835D-01       0.38487D+00       0.27592D+00
       0.74800D+03       0.16233D-01      -0.66793D-01       0.38485D+00       0.27569D+00
       0.74900D+03       0.16222D-01      -0.55621D-01       0.38484D+00       0.27533D+00
       0.75000D+03       0.16248D-01      -0.21765D-02       0.38486D+00       0.27537D+00
       0.75100D+03       0.16245D-01       0.59490D-02       0.38485D+00       0.27593D+00
       0.75200D+03       0.16263D-01      -0.47968D-01       0.38487D+00       0.27602D+00
       0.75300D+03       0.16267D-01      -0.65301D-01       0.38486D+00       0.27654D+00
       0.75400D+03       0.16245D-01      -0.88365D-01       0.38484D+00       0.27620D+00
       0.75500D+03       0.16261D-01      -0.14729D-01       0.38486D+00       0.27595D+00
       0.75600D+03       0.16265D-01       0.18010D-01       0.38485D+00       0.27562D+00
       0.75700D+03       0.16264D-01      -0.10660D-01       0.38487D+00       0.27571D+00
       0.75800D+03       0.16275D-01      -0.47684D-01       0.38486D+00       0.27633D+00
       0.75900D+03       0.16251D-01      -0.99555D-01       0.38485D+00       0.27602D+00
       0.76000D+03       0.16239D-01      -0.27170D-01       0.38485D+00       0.27573D+00
       0.76100D+03       0.16246D-01       0.16015D-01       0.38484D+00       0.27540D+00
       0.76200D+03       0.16236D-01       0.14222D-01       0.38487D+00       0.27547D+00
       0.76300D+03       0.16240D-01      -0.22332D-01       0.38486D+00       0.27609D+00
       0.76400D+03       0.16228D-01      -0.10089D+00       0.38486D+00       0.27576D+00
       0.76500D+03       0.16213D-01      -0.53520D-01       0.38485D+00       0.27554D+00
       0.76600D+03       0.16220D-01      -0.13842D-01       0.38484D+00       0.27521D+00
       0.76700D+03       0.16224D-01       0.12287D-01       0.38486D+00       0.27526D+00
       0.76800D+03       0.16223D-01      -0.10792D-01       0.38485D+00       0.27626D+00
       0.76900D+03       0.16236D-01      -0.86046D-01       0.38486D+00       0.27594D+00
       0.77000D+03       0.16230D-01      -0.66358D-01       0.38485D+00       0.27571D+00
       0.77100D+03       0.16222D-01      -0.50780D-01       0.38484D+00       0.27537D+00
       0.77200D+03       0.16245D-01      -0.75934D-04       0.38486D+00       0.27541D+00
       0.77300D+03       0.16243D-01       0.38392D-02       0.38485D+00       0.27595D+00
       0.77400D+03       0.16261D-01      -0.52928D-01       0.38487D+00       0.27650D+00
       0.77500D+03       0.16264D-01      -0.66147D-01       0.38486D+00       0.27700D+00
       0.77600D+03       0.16244D-01      -0.84467D-01       0.38484D+00       0.27667D+00
       0.77700D+03       0.16263D-01      -0.13643D-01       0.38486D+00       0.27642D+00
       0.77800D+03       0.16265D-01       0.16518D-01       0.38485D+00       0.27610D+00
       0.77900D+03       0.16267D-01      -0.16012D-01       0.38487D+00       0.27619D+00
       0.78000D+03       0.16278D-01      -0.51618D-01       0.38486D+00       0.27679D+00
       0.78100D+03       0.16254D-01      -0.99827D-01       0.38485D+00       0.27647D+00
       0.78200D+03       0.16247D-01      -0.24508D-01       0.38485D+00       0.27625D+00
       0.78300D+03       0.16253D-01       0.17912D-01       0.38484D+00       0.27593D+00
       0.78400D+03       0.16243D-01       0.12428D-01       0.38487D+00       0.27642D+00
       0.78500D+03       0.16248D-01      -0.25015D-01       0.38486D+00       0.27691D+00
       0.78600D+03       0.16232D-01      -0.10053D+00       0.38486D+00       0.27659D+00
       0.78700D+03       0.16217D-01      -0.49879D-01       0.38485D+00       0.27637D+00
       0.78800D+03       0.16224D-01      -0.84379D-02       0.38484D+00       0.27605D+00
       0.78900D+03       0.16226D-01       0.13687D-01       0.38486D+00       0.27611D+00
       0.79000D+03       0.16226D-01      -0.12151D-01       0.38485D+00       0.27672D+00
       0.79100D+03       0.16235D-01      -0.89854D-01       0.38486D+00       0.27641D+00
       0.79200D+03       0.16229D-01      -0.65660D-01       0.38485D+00       0.27618D+00
       0.79300D+03       0.16222D-01      -0.45851D-01       0.38484D+00       0.27586D+00
       0.79400D+03       0.16244D-01       0.19873D-02       0.38486D+00       0.27589D+00
       0.79500D+03       0.16241D-01       0.16749D-02       0.38485D+00       0.27599D+00
       0.79600D+03       0.16259D-01      -0.57786D-01       0.38487D+00       0.27651D+00
       0.79700D+03       0.16262D-01      -0.66699D-01       0.38486D+00       0.27685D+00
       0.79800D+03       0.16244D-01      -0.80163D-01       0.38484D+00       0.27652D+00
       0.79900D+03       0.16264D-01      -0.12308D-01       0.38486D+00       0.27628D+00
       0.80000D+03       0.16266D-01       0.14958D-01       0.38485D+00       0.27598D+00
       0.80100D+03       0.16269D-01      -0.21390D-01       0.38487D+00       0.27606D+00
       0.80200D+03       0.16279D-01      -0.55106D-01       0.38486D+00       0.27664D+00
       0.80300D+03       0.16256D-01      -0.99635D-01       0.38485D+00       0.27632D+00
       0.80400D+03       0.16252D-01      -0.22128D-01       0.38485D+00       0.27609D+00
       0.80500D+03       0.16257D-01       0.19323D-01       0.38484D+00       0.27578D+00
       0.80600D+03       0.16247D-01       0.10158D-01       0.38487D+00       0.27626D+00
       0.80700D+03       0.16254D-01      -0.27958D-01       0.38486D+00       0.27674D+00
       0.80800D+03       0.16235D-01      -0.99873D-01       0.38485D+00       0.27642D+00
       0.80900D+03       0.16218D-01      -0.45882D-01       0.38485D+00       0.27613D+00
       0.81000D+03       0.16225D-01      -0.31534D-02       0.38484D+00       0.27582D+00
       0.81100D+03       0.16224D-01       0.14952D-01       0.38486D+00       0.27587D+00
       0.81200D+03       0.16225D-01      -0.13337D-01       0.38485D+00       0.27647D+00
       0.81300D+03       0.16231D-01      -0.93171D-01       0.38486D+00       0.27616D+00
       0.81400D+03       0.16224D-01      -0.64662D-01       0.38485D+00       0.27595D+00
       0.81500D+03       0.16219D-01      -0.40823D-01       0.38484D+00       0.27563D+00
       0.81600D+03       0.16239D-01       0.39770D-02       0.38486D+00       0.27566D+00
       0.81700D+03       0.16235D-01      -0.51326D-03       0.38485D+00       0.27619D+00
       0.81800D+03       0.16253D-01      -0.62559D-01       0.38487D+00       0.27627D+00
       0.81900D+03       0.16255D-01      -0.67003D-01       0.38486D+00       0.27659D+00
       0.82000D+03       0.16238D-01      -0.75562D-01       0.38484D+00       0.27627D+00
       0.82100D+03       0.16260D-01      -0.10673D-01       0.38486D+00       0.27604D+00
       0.82200D+03       0.16260D-01       0.13389D-01       0.38485D+00       0.27575D+00
       0.82300D+03       0.16267D-01      -0.26694D-01       0.38487D+00       0.27626D+00
       0.82400D+03       0.16276D-01      -0.58049D-01       0.38486D+00       0.27673D+00
       0.82500D+03       0.16253D-01      -0.98802D-01       0.38485D+00       0.27643D+00
       0.82600D+03       0.16254D-01      -0.20054D-01       0.38485D+00       0.27621D+00
       0.82700D+03       0.16259D-01       0.20222D-01       0.38484D+00       0.27591D+00
       0.82800D+03       0.16250D-01       0.73591D-02       0.38487D+00       0.27638D+00
       0.82900D+03       0.16258D-01      -0.31197D-01       0.38486D+00       0.27684D+00
       0.83000D+03       0.16238D-01      -0.99197D-01       0.38485D+00       0.27654D+00
       0.83100D+03       0.16223D-01      -0.41752D-01       0.38485D+00       0.27633D+00
       0.83200D+03       0.16229D-01       0.18110D-02       0.38484D+00       0.27603D+00
       0.83300D+03       0.16226D-01       0.15921D-01       0.38486D+00       0.27608D+00
       0.83400D+03       0.16228D-01      -0.14516D-01       0.38485D+00       0.27667D+00
       0.83500D+03       0.16231D-01      -0.95945D-01       0.38486D+00       0.27678D+00
       0.83600D+03       0.16223D-01      -0.63346D-01       0.38485D+00       0.27658D+00
       0.83700D+03       0.16221D-01      -0.35714D-01       0.38484D+00       0.27628D+00
       0.83800D+03       0.16238D-01       0.58454D-02       0.38486D+00       0.27632D+00
       0.83900D+03       0.16235D-01      -0.27083D-02       0.38485D+00       0.27722D+00
       0.84000D+03       0.16252D-01      -0.67283D-01       0.38487D+00       0.27735D+00
       0.84100D+03       0.16252D-01      -0.67128D-01       0.38485D+00       0.27729D+00
       0.84200D+03       0.16238D-01      -0.70791D-01       0.38484D+00       0.27697D+00
       0.84300D+03       0.16260D-01      -0.87836D-02       0.38486D+00       0.27684D+00
       0.84400D+03       0.16260D-01       0.11788D-01       0.38485D+00       0.27655D+00
       0.84500D+03       0.16269D-01      -0.31904D-01       0.38487D+00       0.27705D+00
       0.84600D+03       0.16277D-01      -0.60452D-01       0.38486D+00       0.27751D+00
       0.84700D+03       0.16255D-01      -0.97269D-01       0.38485D+00       0.27721D+00
       0.84800D+03       0.16261D-01      -0.18330D-01       0.38485D+00       0.27699D+00
       0.84900D+03       0.16265D-01       0.20551D-01       0.38484D+00       0.27670D+00
       0.85000D+03       0.16258D-01       0.39508D-02       0.38487D+00       0.27678D+00
       0.85100D+03       0.16266D-01      -0.34779D-01       0.38486D+00       0.27733D+00
       0.85200D+03       0.16245D-01      -0.98764D-01       0.38485D+00       0.27703D+00
       0.85300D+03       0.16229D-01      -0.37727D-01       0.38485D+00       0.27682D+00
       0.85400D+03       0.16236D-01       0.62565D-02       0.38484D+00       0.27652D+00
       0.85500D+03       0.16230D-01       0.16427D-01       0.38486D+00       0.27657D+00
       0.85600D+03       0.16232D-01      -0.15875D-01       0.38485D+00       0.27714D+00
       0.85700D+03       0.16231D-01      -0.98140D-01       0.38486D+00       0.27685D+00
       0.85800D+03       0.16221D-01      -0.61687D-01       0.38485D+00       0.27664D+00
       0.85900D+03       0.16221D-01      -0.30550D-01       0.38484D+00       0.27634D+00
       0.86000D+03       0.16235D-01       0.75618D-02       0.38486D+00       0.27638D+00
       0.86100D+03       0.16233D-01      -0.48825D-02       0.38485D+00       0.27727D+00
       0.86200D+03       0.16249D-01      -0.71984D-01       0.38487D+00       0.27739D+00
       0.86300D+03       0.16247D-01      -0.67136D-01       0.38485D+00       0.27721D+00
       0.86400D+03       0.16234D-01      -0.65967D-01       0.38484D+00       0.27690D+00
       0.86500D+03       0.16257D-01      -0.67350D-02       0.38486D+00       0.27678D+00
       0.86600D+03       0.16255D-01       0.10092D-01       0.38485D+00       0.27654D+00
       0.86700D+03       0.16266D-01      -0.37047D-01       0.38487D+00       0.27703D+00
       0.86800D+03       0.16273D-01      -0.62388D-01       0.38486D+00       0.27748D+00
       0.86900D+03       0.16252D-01      -0.95068D-01       0.38484D+00       0.27718D+00
       0.87000D+03       0.16261D-01      -0.16958D-01       0.38486D+00       0.27697D+00
       0.87100D+03       0.16265D-01       0.20280D-01       0.38485D+00       0.27669D+00
       0.87200D+03       0.16260D-01      -0.10587D-03       0.38487D+00       0.27676D+00
       0.87300D+03       0.16268D-01      -0.38700D-01       0.38486D+00       0.27730D+00
       0.87400D+03       0.16248D-01      -0.98719D-01       0.38485D+00       0.27701D+00
       0.87500D+03       0.16234D-01      -0.33989D-01       0.38485D+00       0.27682D+00
       0.87600D+03       0.16241D-01       0.10054D-01       0.38484D+00       0.27653D+00
       0.87700D+03       0.16233D-01       0.16356D-01       0.38486D+00       0.27658D+00
       0.87800D+03       0.16236D-01      -0.17547D-01       0.38485D+00       0.27713D+00
       0.87900D+03       0.16233D-01      -0.99714D-01       0.38486D+00       0.27685D+00
       0.88000D+03       0.16221D-01      -0.59630D-01       0.38485D+00       0.27666D+00
       0.88100D+03       0.16224D-01      -0.25332D-01       0.38484D+00       0.27636D+00
       0.88200D+03       0.16235D-01       0.91370D-02       0.38486D+00       0.27640D+00
       0.88300D+03       0.16233D-01      -0.69745D-02       0.38485D+00       0.27727D+00
       0.88400D+03       0.16247D-01      -0.76639D-01       0.38486D+00       0.27699D+00
       0.88500D+03       0.16244D-01      -0.67050D-01       0.38485D+00       0.27682D+00
       0.88600D+03       0.16234D-01      -0.61157D-01       0.38484D+00       0.27651D+00
       0.88700D+03       0.16256D-01      -0.46214D-02       0.38486D+00       0.27640D+00
       0.88800D+03       0.16253D-01       0.82519D-02       0.38485D+00       0.27618D+00
       0.88900D+03       0.16266D-01      -0.42148D-01       0.38487D+00       0.27665D+00
       0.89000D+03       0.16271D-01      -0.63935D-01       0.38486D+00       0.27709D+00
       0.89100D+03       0.16252D-01      -0.92265D-01       0.38484D+00       0.27680D+00
       0.89200D+03       0.16264D-01      -0.15862D-01       0.38486D+00       0.27660D+00
       0.89300D+03       0.16268D-01       0.19459D-01       0.38485D+00       0.27632D+00
       0.89400D+03       0.16264D-01      -0.47578D-02       0.38487D+00       0.27639D+00
       0.89500D+03       0.16273D-01      -0.42859D-01       0.38486D+00       0.27692D+00
       0.89600D+03       0.16252D-01      -0.99028D-01       0.38485D+00       0.27663D+00
       0.89700D+03       0.16241D-01      -0.30618D-01       0.38485D+00       0.27644D+00
       0.89800D+03       0.16247D-01       0.13175D-01       0.38484D+00       0.27616D+00
       0.89900D+03       0.16239D-01       0.15683D-01       0.38486D+00       0.27622D+00
       0.90000D+03       0.16242D-01      -0.19579D-01       0.38485D+00       0.27675D+00
       0.90100D+03       0.16234D-01      -0.10063D+00       0.38486D+00       0.27647D+00
       0.90200D+03       0.16222D-01      -0.57098D-01       0.38485D+00       0.27628D+00
       0.90300D+03       0.16226D-01      -0.20042D-01       0.38484D+00       0.27600D+00
       0.90400D+03       0.16234D-01       0.10622D-01       0.38486D+00       0.27604D+00
       0.90500D+03       0.16233D-01      -0.88941D-02       0.38485D+00       0.27688D+00
       0.90600D+03       0.16245D-01      -0.81161D-01       0.38486D+00       0.27662D+00
       0.90700D+03       0.16242D-01      -0.66840D-01       0.38485D+00       0.27642D+00
       0.90800D+03       0.16233D-01      -0.56358D-01       0.38484D+00       0.27613D+00
       0.90900D+03       0.16255D-01      -0.25003D-02       0.38486D+00       0.27592D+00
       0.91000D+03       0.16252D-01       0.62644D-02       0.38485D+00       0.27639D+00
       0.91100D+03       0.16266D-01      -0.47200D-01       0.38487D+00       0.27646D+00
       0.91200D+03       0.16270D-01      -0.65144D-01       0.38486D+00       0.27689D+00
       0.91300D+03       0.16252D-01      -0.88921D-01       0.38484D+00       0.27661D+00
       0.91400D+03       0.16265D-01      -0.14881D-01       0.38486D+00       0.27640D+00
       0.91500D+03       0.16268D-01       0.18224D-01       0.38485D+00       0.27613D+00
       0.91600D+03       0.16267D-01      -0.98530D-02       0.38487D+00       0.27620D+00
       0.91700D+03       0.16276D-01      -0.47054D-01       0.38486D+00       0.27671D+00
       0.91800D+03       0.16255D-01      -0.99489D-01       0.38485D+00       0.27645D+00
       0.91900D+03       0.16244D-01      -0.27604D-01       0.38485D+00       0.27620D+00
       0.92000D+03       0.16250D-01       0.15680D-01       0.38484D+00       0.27593D+00
       0.92100D+03       0.16242D-01       0.14455D-01       0.38486D+00       0.27598D+00
       0.92200D+03       0.16245D-01      -0.21944D-01       0.38485D+00       0.27650D+00
       0.92300D+03       0.16236D-01      -0.10090D+00       0.38486D+00       0.27623D+00
       0.92400D+03       0.16223D-01      -0.54036D-01       0.38485D+00       0.27604D+00
       0.92500D+03       0.16228D-01      -0.14670D-01       0.38484D+00       0.27577D+00
       0.92600D+03       0.16233D-01       0.12068D-01       0.38486D+00       0.27581D+00
       0.92700D+03       0.16232D-01      -0.10561D-01       0.38485D+00       0.27664D+00
       0.92800D+03       0.16243D-01      -0.85424D-01       0.38486D+00       0.27637D+00
       0.92900D+03       0.16238D-01      -0.66440D-01       0.38485D+00       0.27618D+00
       0.93000D+03       0.16231D-01      -0.51526D-01       0.38484D+00       0.27589D+00
       0.93100D+03       0.16251D-01      -0.39594D-03       0.38486D+00       0.27592D+00
       0.93200D+03       0.16249D-01       0.41670D-02       0.38485D+00       0.27638D+00
       0.93300D+03       0.16264D-01      -0.52174D-01       0.38487D+00       0.27683D+00
       0.93400D+03       0.16266D-01      -0.66038D-01       0.38486D+00       0.27724D+00
       0.93500D+03       0.16250D-01      -0.85092D-01       0.38484D+00       0.27697D+00
       0.93600D+03       0.16265D-01      -0.13823D-01       0.38486D+00       0.27676D+00
       0.93700D+03       0.16267D-01       0.16754D-01       0.38485D+00       0.27650D+00
       0.93800D+03       0.16268D-01      -0.15186D-01       0.38487D+00       0.27657D+00
       0.93900D+03       0.16277D-01      -0.51040D-01       0.38486D+00       0.27707D+00
       0.94000D+03       0.16257D-01      -0.99810D-01       0.38485D+00       0.27682D+00
       0.94100D+03       0.16251D-01      -0.24898D-01       0.38485D+00       0.27658D+00
       0.94200D+03       0.16256D-01       0.17653D-01       0.38484D+00       0.27631D+00
       0.94300D+03       0.16248D-01       0.12733D-01       0.38486D+00       0.27636D+00
       0.94400D+03       0.16252D-01      -0.24587D-01       0.38485D+00       0.27687D+00
       0.94500D+03       0.16239D-01      -0.10061D+00       0.38485D+00       0.27660D+00
       0.94600D+03       0.16226D-01      -0.50465D-01       0.38485D+00       0.27642D+00
       0.94700D+03       0.16232D-01      -0.92624D-02       0.38484D+00       0.27615D+00
       0.94800D+03       0.16234D-01       0.13478D-01       0.38486D+00       0.27620D+00
       0.94900D+03       0.16234D-01      -0.11958D-01       0.38485D+00       0.27671D+00
       0.95000D+03       0.16242D-01      -0.89300D-01       0.38486D+00       0.27645D+00
       0.95100D+03       0.16237D-01      -0.65786D-01       0.38485D+00       0.27626D+00
       0.95200D+03       0.16231D-01      -0.46613D-01       0.38484D+00       0.27599D+00
       0.95300D+03       0.16250D-01       0.16748D-02       0.38486D+00       0.27602D+00
       0.95400D+03       0.16247D-01       0.20085D-02       0.38485D+00       0.27610D+00
